WKT,EH,TT,ÃœT,Touristen,Gesamt
"MULTIPOLYGON (((8.65114037799446 50.5906779487536,8.65214934469358 50.5909020692481,8.65289884073224 50.5904985898764,8.65263936317434 50.5898709930487,8.65163040714762 50.5896468760738,8.65088091800646 50.5900503524071,8.65114037799446 50.5906779487536)))","431208","170308","117408","287716","718924"
"MULTIPOLYGON (((8.72275436092599 50.5843324421114,8.72376385106368 50.5845559892118,8.72451315164902 50.5841519250305,8.72425295524782 50.583524316796,8.72324347581764 50.5833007732078,8.72249418208126 50.583704834342,8.72275436092599 50.5843324421114)))","577","477","177","654","1231"
"MULTIPOLYGON (((8.67847603299938 50.603584654759,8.67948542123093 50.6038085501816,8.68023500733677 50.6034049639793,8.67997519832921 50.6027774853972,8.67896582078819 50.6025535934905,8.67821624156431 50.6029571766501,8.67847603299938 50.603584654759)))","18568","5168","4768","9936","28504"
"MULTIPOLYGON (((8.70235307490246 50.5638497565127,8.7033620943937 50.5640734761243,8.7041112119628 50.5636694092702,8.70385130318234 50.5630416258478,8.7028422943818 50.5628179097518,8.70209318367111 50.5632219735627,8.70235307490246 50.5638497565127)))","44117","2517","2017","4534","48651"
"MULTIPOLYGON (((8.62414111144062 50.563012846691,8.62514944641701 50.563237195303,8.62589869334817 50.5628337082643,8.62563959839327 50.5622058756469,8.62463127406693 50.5619815305591,8.62388203404558 50.5623850145646,8.62414111144062 50.563012846691)))","1568","368","168","536","2104"
"MULTIPOLYGON (((8.61964551530014 50.5654335514963,8.62065384645103 50.5656579352486,8.62140312720379 50.565254500292,8.62114406989253 50.5646266846161,8.62013574939008 50.5644023043884,8.61938647555055 50.5648057363121,8.61964551530014 50.5654335514963)))","204106","111606","68606","180212","384318"
"MULTIPOLYGON (((8.6297011882427 50.5653901333079,8.63070960540278 50.5656144363026,8.63145886805358 50.5652109256252,8.63119970663779 50.5645831149872,8.63019130013132 50.5643588155159,8.62944204438713 50.5647623231592,8.6297011882427 50.5653901333079)))","306680","189780","105080","294860","601540"
"MULTIPOLYGON (((8.70103698360774 50.6159934282047,8.70204674500486 50.6162171370056,8.70279642411448 50.6158134760376,8.70253633495754 50.615186109315,8.70152658426635 50.6149624040268,8.70077691202627 50.6153660619486,8.70103698360774 50.6159934282047)))","311044","39444","36044","75488","386532"
"MULTIPOLYGON (((8.71417111558343 50.5636186573831,8.71518023310375 50.5638422820227,8.7159293270906 50.5634381248811,8.71566929670668 50.5628103461446,8.71466018988307 50.5625867250192,8.71391110274678 50.5629908791162,8.71417111558343 50.5636186573831)))","224","224","0","224","448"
"MULTIPOLYGON (((8.62454726347755 50.5551202036835,8.62555548814675 50.55534455219,8.62630464980257 50.5549410021989,8.62604557988129 50.5543131067341,8.62503736585991 50.5540887617522,8.62428821111211 50.5544923087105,8.62454726347755 50.5551202036835)))","19519","3719","1519","5238","24757"
"MULTIPOLYGON (((8.69878791404307 50.6172043414046,8.69979767364217 50.6174280678018,8.70054736976853 50.6170244328878,8.70028729942464 50.6163970746227,8.69927755053072 50.6161733517383,8.6985278612756 50.6165769836063,8.69878791404307 50.6172043414046)))","2001","301","201","502","2503"
"MULTIPOLYGON (((8.61445574554122 50.572830653086,8.61546413866136 50.5730550755564,8.61621350779293 50.5726517356727,8.61595447688633 50.5720239763513,8.61494609441421 50.5717995574055,8.61419673220079 50.5722028942566,8.61445574554122 50.572830653086)))","1659","159","159","318","1977"
"MULTIPOLYGON (((8.66992916835265 50.5652077767239,8.67093792900459 50.5654317565109,8.67168711875642 50.5650279429167,8.67142754097637 50.5644001525747,8.67041879099881 50.5641761763067,8.66966960812708 50.5645799868618,8.66992916835265 50.5652077767239)))","3905","305","305","610","4515"
"MULTIPOLYGON (((8.71012526466712 50.6180065115303,8.71113513317929 50.6182301463564,8.7118848176534 50.6178264325959,8.71162462675158 50.6171990870569,8.7106147689507 50.6169754557423,8.70986509134049 50.6173791664553,8.71012526466712 50.6180065115303)))","23568","2068","1768","3836","27404"
"MULTIPOLYGON (((8.69702846575172 50.617384221288,8.69803821284496 50.6176079617684,8.69878791404307 50.6172043414046,8.6985278612756 50.6165769836063,8.6975181248867 50.616353246639,8.69676843056103 50.6167568639569,8.69702846575172 50.617384221288)))","4140","740","340","1080","5220"
"MULTIPOLYGON (((8.72618727156784 50.5594389074899,8.7271964317739 50.5596624371552,8.72794545948081 50.559258158284,8.72768532013994 50.5586303527935,8.7266761706355 50.5584068266416,8.72592714977045 50.5588111024668,8.72618727156784 50.5594389074899)))","2702","2702","1002","3704","6406"
"MULTIPOLYGON (((8.65367730353639 50.5923813493801,8.65468631666565 50.5926054487881,8.65543582649723 50.592201963339,8.65517631630358 50.5915743815207,8.65416731384857 50.5913502856319,8.65341781091311 50.5917537680422,8.65367730353639 50.5923813493801)))","237591","110991","74091","185082","422673"
"MULTIPOLYGON (((8.64062076606397 50.5740896936506,8.64162940276016 50.5743139054108,8.6423787394583 50.5739103789204,8.64211943255928 50.5732826437057,8.64111080652504 50.5730584354672,8.64036147672802 50.5734619589216,8.64062076606397 50.5740896936506)))","946","146","146","292","1238"
"MULTIPOLYGON (((8.62427395949835 50.5943957273462,8.62528274851514 50.5946200622448,8.62603233173577 50.5942168125254,8.6257731190238 50.5935892309426,8.62476434066669 50.5933648995664,8.62401476436199 50.5937681462506,8.62427395949835 50.5943957273462)))","605","205","205","410","1015"
"MULTIPOLYGON (((8.69421613904305 50.595107644154,8.6952255399977 50.5953314164484,8.69597500714313 50.5949276479016,8.69571506646415 50.5943001101047,8.69470567620557 50.594076341325,8.69395621593001 50.5944801068276,8.69421613904305 50.595107644154)))","12993","3893","1893","5786","18779"
"MULTIPOLYGON (((8.67796465668346 50.6222738017792,8.67897431070625 50.6224976936123,8.679724098364 50.6220942532669,8.67946422511307 50.6214669241321,8.67845458178622 50.6212430358139,8.6777048010145 50.6216464731156,8.67796465668346 50.6222738017792)))","6196","3396","1996","5392","11588"
"MULTIPOLYGON (((8.71431970607587 50.6303287305976,8.71532978883881 50.6305523265316,8.71607959813116 50.6301486750072,8.71581931779712 50.6295214305978,8.71480924575142 50.6292978381743,8.71405944332264 50.6297014866498,8.71431970607587 50.6303287305976)))","419149","186149","167349","353498","772647"
"MULTIPOLYGON (((8.62140312720379 50.565254500292,8.62241147091842 50.5654788699986,8.6231607466724 50.5650754205048,8.62290167179979 50.5644476043375,8.62189333873442 50.5642232381554,8.62114406989253 50.5646266846161,8.62140312720379 50.565254500292)))","564500","268000","161500","429500","994000"
"MULTIPOLYGON (((8.68598212412441 50.6194937643561,8.68699180684373 50.6197175928407,8.68774155038327 50.6193140712825,8.68748160432349 50.6186867242845,8.68647193230346 50.6184628993141,8.68572219564406 50.6188664178276,8.68598212412441 50.6194937643561)))","74390","14290","11690","25980","100370"
"MULTIPOLYGON (((8.65785161112926 50.5448476008831,8.65885997435737 50.5450716859329,8.65960896740568 50.5446678083385,8.65934959034201 50.5440398487308,8.65834123777581 50.5438157672026,8.65759225161151 50.5442196417606,8.65785161112926 50.5448476008831)))","6709","4109","2309","6418","13127"
"MULTIPOLYGON (((8.6567916067752 50.5999119226435,8.65780075547657 50.6001359939431,8.65855034060272 50.599732542357,8.65829077013202 50.5991050225109,8.65728163210881 50.5988809547298,8.65653205387824 50.5992844032763,8.6567916067752 50.5999119226435)))","864388","224388","153188","377576","1241964"
"MULTIPOLYGON (((8.70666347932446 50.5476989601793,8.70767230283115 50.5479226516697,8.70842123976147 50.54751842996,8.70816134633284 50.5468905198028,8.70715253351414 50.5466668318285,8.70640360343622 50.5470710504954,8.70666347932446 50.5476989601793)))","2452","752","552","1304","3756"
"MULTIPOLYGON (((8.70972823180639 50.6258943097271,8.71073821100929 50.6261179444687,8.71148798089484 50.6257142936343,8.71122776471191 50.6250870111064,8.71021779622255 50.6248633798761,8.70946803320272 50.6252670276625,8.70972823180639 50.6258943097271)))","9827","1627","1327","2954","12781"
"MULTIPOLYGON (((8.71207024590229 50.631539615453,8.71308032688652 50.6317632289891,8.7138301532163 50.6313596035226,8.71356989169673 50.6307323675687,8.71255982142894 50.6305087575432,8.71181000196444 50.630912379961,8.71207024590229 50.631539615453)))","107479","134479","81379","215858","323337"
"MULTIPOLYGON (((8.71328569236798 50.5725443486926,8.71429493111452 50.5727679768144,8.71504412230976 50.5723638940589,8.71478406790568 50.5717361862268,8.71377483985813 50.5715125616188,8.71302565551578 50.5719166413292,8.71328569236798 50.5725443486926)))","3957","157","0","157","4114"
"MULTIPOLYGON (((8.71612733383316 50.5594908110641,8.71713640856699 50.5597144216464,8.71788545484415 50.5593102185222,8.71762541953916 50.5586824078604,8.71661635550178 50.5584588007924,8.71586731607309 50.558863000872,8.71612733383316 50.5594908110641)))","2851","151","151","302","3153"
"MULTIPOLYGON (((8.65301356813077 50.579694039866,8.65402239236654 50.5799181497633,8.65477176730027 50.579514572932,8.65451231110432 50.5788868892414,8.65350349753861 50.5786627828643,8.65275412949894 50.5790663566576,8.65301356813077 50.579694039866)))","10924","1124","1024","2148","13072"
"MULTIPOLYGON (((8.71315490590192 50.6186773913461,8.71416481011159 50.6189010015091,8.71491449636479 50.6184972701498,8.71465427154646 50.6178699316755,8.71364437804986 50.6176463250237,8.71289469865868 50.6180500533351,8.71315490590192 50.6186773913461)))","2519","819","119","938","3457"
"MULTIPOLYGON (((8.67992427798143 50.6181506209325,8.68093388922072 50.618374498706,8.6816836291155 50.6179710123362,8.68142375088723 50.6173436512367,8.68041415034366 50.6171197769781,8.67966441733277 50.6175232603041,8.67992427798143 50.6181506209325)))","6200","800","700","1500","7700"
"MULTIPOLYGON (((8.68730940544771 50.567354899455,8.68831834639025 50.5675787386306,8.68906752830262 50.5671748110955,8.68880776240354 50.5665470474263,8.687798832145 50.5663232117677,8.68704965710168 50.5667271362613,8.68730940544771 50.567354899455)))","14995","1495","1395","2890","17885"
"MULTIPOLYGON (((8.71902770194269 50.6063033089151,8.72003747759979 50.6065268769428,8.72078702051315 50.60612300756,8.72052678091385 50.6054955731976,8.71951701596907 50.6052720086813,8.71876747991142 50.6056758750161,8.71902770194269 50.6063033089151)))","12184","684","584","1268","13452"
"MULTIPOLYGON (((8.66283503619541 50.5413923376242,8.66384339246835 50.5416163840098,8.66459233972525 50.5412124428517,8.66433292382922 50.5405844583449,8.66332457821971 50.5403604154806,8.6625756378429 50.5407643536018,8.66283503619541 50.5413923376242)))","296541","4841","4441","9282","305823"
"MULTIPOLYGON (((8.69662998449995 50.625271768498,8.69763984225372 50.6254955089131,8.6983896288645 50.6250919514851,8.69812955084734 50.6244646566882,8.6971197038001 50.6242409197858,8.6963699240636 50.6246444741675,8.69662998449995 50.625271768498)))","20987","18087","14487","32574","53561"
"MULTIPOLYGON (((8.68310384603873 50.5726930303458,8.68411282789851 50.5729169011722,8.68486207448883 50.5725130456743,8.68460233234662 50.5718853223915,8.68359336117028 50.5716614550823,8.68284412145283 50.5720653075388,8.68310384603873 50.5726930303458)))","151960","38960","38860","77820","229780"
"MULTIPOLYGON (((8.70776984230698 50.6300178341548,8.70877986436452 50.6302414829411,8.70952968204577 50.6298378781247,8.70926947080175 50.6292106275701,8.70825945945799 50.628986982295,8.70750964864457 50.6293905840634,8.70776984230698 50.6300178341548)))","19909","7909","7609","15518","35427"
"MULTIPOLYGON (((8.68352368452655 50.5471275673887,8.6845323012159 50.5473514451796,8.68528127321895 50.546947392501,8.68502162166522 50.5463194650714,8.68401301565178 50.5460955907991,8.68326405051627 50.5464996404379,8.68352368452655 50.5471275673887)))","1447","147","0","147","1594"
"MULTIPOLYGON (((8.69151441711892 50.5620161027824,8.69252331713544 50.5622399103086,8.69327243437229 50.5618359107422,8.69301264472752 50.5612081066914,8.69200375539555 50.5609843026821,8.69125464502389 50.5613882992068,8.69151441711892 50.5620161027824)))","666467","266367","254167","520534","1187001"
"MULTIPOLYGON (((8.65978389274901 50.5583930301775,8.6607924678854 50.5586170942616,8.66154160257794 50.558213304975,8.66128215524878 50.5575854546419,8.66027359077945 50.5573613940783,8.65952446297235 50.5577651803275,8.65978389274901 50.5583930301775)))","1307","807","107","914","2221"
"MULTIPOLYGON (((8.61711085943765 50.5637291145748,8.6181191441622 50.5639535193675,8.6188684110878 50.5635500904764,8.61860938637433 50.5629222598252,8.61760111229636 50.5626978585575,8.61685185228536 50.5631012844161,8.61711085943765 50.5637291145748)))","2083","183","0","183","2266"
"MULTIPOLYGON (((8.65765041950946 50.5487950083834,8.6586588379079 50.5490190934687,8.65940787357563 50.5486152473338,8.65914848396011 50.5479873191504,8.65814007622466 50.5477632375864,8.65739104744186 50.5481670806847,8.65765041950946 50.5487950083834)))","16490","8590","7090","15680","32170"
"MULTIPOLYGON (((8.64935303124355 50.5486616891536,8.6503613763549 50.548885840966,8.65111042523245 50.5484820560095,8.6508511221084 50.5478541222762,8.64984278765573 50.5476299739861,8.64909374566857 50.548033755907,8.64935303124355 50.5486616891536)))","1045","145","0","145","1190"
"MULTIPOLYGON (((8.71393555784904 50.6205593743384,8.71494549597711 50.6207829774354,8.71569520103889 50.6203792545309,8.71543496111088 50.6197519315776,8.71442503369689 50.6195283319916,8.71367533549698 50.6199320518479,8.71393555784904 50.6205593743384)))","351817","147317","128617","275934","627751"
"MULTIPOLYGON (((8.64773901569603 50.5802322690684,8.6487478023132 50.5804564211413,8.64949719232538 50.5800528879337,8.64923778882281 50.5794252056907,8.64822901287312 50.5792010571385,8.64747962975862 50.5796045873087,8.64773901569603 50.5802322690684)))","384000","178100","121100","299200","683200"
"MULTIPOLYGON (((8.6932193071798 50.6148308418702,8.69422898463944 50.6150546140566,8.69497866521819 50.6146510028298,8.69471866146297 50.6140236224618,8.6937089947049 50.613799853789,8.69295932100059 50.6142034619706,8.6932193071798 50.6148308418702)))","420","420","320","740","1160"
"MULTIPOLYGON (((8.64485862321392 50.5510841815032,8.64586696457718 50.5513083684573,8.64661604731445 50.5509046355718,8.64635678179476 50.5502767187675,8.64534845108861 50.550052535336,8.64459937524514 50.5504562651864,8.64485862321392 50.5510841815032)))","4184","784","384","1168","5352"
"MULTIPOLYGON (((8.65056372347476 50.5848500325689,8.65157260106167 50.5850741600664,8.65232203560904 50.5846706407535,8.65206258567297 50.5840429969811,8.65105371875641 50.5838188730036,8.65030429110571 50.5842223892785,8.65056372347476 50.5848500325689)))","601843","247443","170743","418186","1020029"
"MULTIPOLYGON (((8.71115701238846 50.5452735349227,8.71216583945692 50.5454971912524,8.71291474240342 50.5450929174794,8.71265481143264 50.5444649904199,8.71164599505372 50.544241337606,8.71089709895618 50.5446456083358,8.71115701238846 50.5452735349227)))","9972","3772","2472","6244","16216"
"MULTIPOLYGON (((8.70724467754008 50.5535304124225,8.70825359012725 50.5537540968777,8.70900258845113 50.5533499150618,8.70874266733479 50.5527220518339,8.70773376543768 50.5524983708944,8.70698477396694 50.5529025496671,8.70724467754008 50.5535304124225)))","3816","216","116","332","4148"
"MULTIPOLYGON (((8.68479195152927 50.5479793646312,8.68580059138949 50.5482032318828,8.68654957025944 50.5477991761642,8.68628990240239 50.5471712562342,8.68528127321895 50.546947392501,8.6845323012159 50.5473514451796,8.68479195152927 50.5479793646312)))","332","132","132","264","596"
"MULTIPOLYGON (((8.63782900203361 50.5518020793983,8.63883729324399 50.5520263225415,8.63958639603888 50.5516226477982,8.63932720072493 50.5509947329461,8.63831892016821 50.5507704933263,8.63756982427191 50.5511741650353,8.63782900203361 50.5518020793983)))","620","420","0","420","1040"
"MULTIPOLYGON (((8.63519707764364 50.6030930226289,8.63620608639901 50.6033172662153,8.6369557437597 50.6029140006769,8.63669638545468 50.6022864945893,8.63568738736729 50.6020622545235,8.63493773691706 50.6024655170248,8.63519707764364 50.6030930226289)))","460","1160","260","1420","1880"
"MULTIPOLYGON (((8.71426397418637 50.5704807550648,8.71527319153502 50.5707043761588,8.71602235886914 50.5703002704092,8.71576230200292 50.5696725466108,8.71475309535317 50.5694489290307,8.71400393487088 50.5698530317351,8.71426397418637 50.5704807550648)))","274","174","0","174","448"
"MULTIPOLYGON (((8.65940787357563 50.5486152473338,8.66041630449436 50.5488393183679,8.66116533513358 50.5484354576973,8.66090592797042 50.5478075290295,8.65989750771558 50.5475834615166,8.65914848396011 50.5479873191504,8.65940787357563 50.5486152473338)))","1250","150","0","150","1400"
"MULTIPOLYGON (((8.65932045159069 50.5417520414163,8.66032878283325 50.5419761159013,8.66107774014946 50.5415722038122,8.66081835934078 50.5409442202746,8.65981003875996 50.5407201493113,8.65906108832621 50.5411240583639,8.65932045159069 50.5417520414163)))","165932","10732","10732","21464","187396"
"MULTIPOLYGON (((8.7126654205742 50.6197084381737,8.71367533549698 50.6199320518479,8.71442503369689 50.6195283319916,8.71416481011159 50.6189010015091,8.71315490590192 50.6186773913461,8.71240521456457 50.6190811081544,8.7126654205742 50.6197084381737)))","2953","853","553","1406","4359"
"MULTIPOLYGON (((8.68758010126859 50.5879367731665,8.6885893416555 50.5881606017787,8.68933874370821 50.5877568284905,8.68907889850125 50.587129229633,8.68806966880477 50.5869054045366,8.68732027362493 50.5873091747819,8.68758010126859 50.5879367731665)))","191875","20475","18075","38550","230425"
"MULTIPOLYGON (((8.65278104973828 50.5414392739786,8.65378932024011 50.5416634011349,8.65453828574831 50.5412595356849,8.65427897386813 50.5406315461142,8.65327071402453 50.5404074224803,8.65252175540304 50.5408112848948,8.65278104973828 50.5414392739786)))","642904","285404","152804","438208","1081112"
"MULTIPOLYGON (((8.6666384673841 50.5439483523048,8.66764689318753 50.5441723671002,8.66839586108061 50.5437684168303,8.66813639629231 50.5431404548027,8.66712798115508 50.542916443528,8.66637902014007 50.5433203907604,8.6666384673841 50.5439483523048)))","955","155","0","155","1110"
"MULTIPOLYGON (((8.71707031408997 50.6104283149397,8.71808013259689 50.6106518970126,8.71882972328602 50.6102480736349,8.71856948861052 50.6096206712324,8.71755968081615 50.6093970926708,8.71681009698485 50.6098009130005,8.71707031408997 50.6104283149397)))","471856","154256","137756","292012","763868"
"MULTIPOLYGON (((8.64739387396339 50.5527883550477,8.64840226171012 50.5530125209493,8.64915135823301 50.5526087819928,8.64889206011684 50.5519808801705,8.64788368302906 50.5517567177913,8.64713459339864 50.5521604537121,8.64739387396339 50.5527883550477)))","4350","550","0","550","4900"
"MULTIPOLYGON (((8.72264008790951 50.612800907905,8.723649988488 50.6130244441606,8.72439959465526 50.6126205970874,8.72413929338954 50.6119932168074,8.72312940352725 50.6117696840623,8.72237980421461 50.6121735280867,8.72264008790951 50.612800907905)))","9692","1392","1392","2784","12476"
"MULTIPOLYGON (((8.69185895225608 50.607122097162,8.6928685065883 50.6073458834761,8.6936181068451 50.6069422238655,8.69335814589595 50.6063147809853,8.69234860226224 50.6060909981854,8.69159900887927 50.6064946547514,8.69185895225608 50.607122097162)))","5269","369","169","538","5807"
"MULTIPOLYGON (((8.61359577885806 50.5640870770295,8.61460403844595 50.5643115099099,8.61535331535998 50.5639081100924,8.61509432576925 50.5632802804266,8.61408607682628 50.5630558510715,8.61333680682924 50.563459247857,8.61359577885806 50.5640870770295)))","46925","6825","6225","13050","59975"
"MULTIPOLYGON (((8.64229296485337 50.5670498685005,8.64330151437535 50.5672740696609,8.64405077267305 50.5668704771878,8.64379147455025 50.5662426865902,8.64278293568891 50.5660184889519,8.64203368428985 50.5664220783891,8.64229296485337 50.5670498685005)))","264031","130731","74731","205462","469493"
"MULTIPOLYGON (((8.69340104260954 50.6285439409666,8.69441091996983 50.6287677060053,8.69516074748937 50.6283641976457,8.69490069077165 50.6277369272937,8.69389082411721 50.6275131657678,8.69314100347473 50.6279166710812,8.69340104260954 50.6285439409666)))","33420","2420","1520","3940","37360"
"MULTIPOLYGON (((8.67687184237977 50.557626258251,8.67788055332674 50.5578501852872,8.67862964955528 50.557446262121,8.67837002796298 50.5568184149582,8.67736132769164 50.5565944914407,8.67661223833711 50.5569984115674,8.67687184237977 50.557626258251)))","31121","9921","9421","19342","50463"
"MULTIPOLYGON (((8.68566095280857 50.5567259916223,8.68666972625969 50.5569498483581,8.68741879724341 50.5565458525006,8.68715908790808 50.555918002948,8.68615032513685 50.55569414973,8.68540126102117 50.5560981425469,8.68566095280857 50.5567259916223)))","1278","378","0","378","1656"
"MULTIPOLYGON (((8.63886280020133 50.5742689797873,8.63987142434952 50.5744932056014,8.64062076606397 50.5740896936506,8.64036147672802 50.5734619589216,8.63935286324088 50.5732377366295,8.63860352842878 50.5736412455445,8.63886280020133 50.5742689797873)))","1138","238","238","476","1614"
"MULTIPOLYGON (((8.70141927537589 50.6257631058144,8.70242918136071 50.6259868074838,8.70317896469612 50.6255832179055,8.70291883517558 50.6249559297046,8.70190893989993 50.6247322315473,8.70115916343575 50.6251358180787,8.70141927537589 50.6257631058144)))","119177","186277","101277","287554","406731"
"MULTIPOLYGON (((8.63578408689908 50.5490661303511,8.63679232106647 50.549290391015,8.63754139815494 50.5488867108391,8.63728223417678 50.5482587730333,8.63627401066117 50.5480345158932,8.6355249404721 50.5484381930352,8.63578408689908 50.5490661303511)))","2165","165","0","165","2330"
"MULTIPOLYGON (((8.64356081124349 50.5679018522777,8.64456938396902 50.5681260429074,8.64531864916471 50.5677224473983,8.64505933473703 50.5670946642956,8.64405077267305 50.5668704771878,8.64330151437535 50.5672740696609,8.64356081124349 50.5679018522777)))","659971","285471","200471","485942","1145913"
"MULTIPOLYGON (((8.62111617805194 50.5623397517213,8.62212447725768 50.5625641248999,8.62287372227864 50.5621606554312,8.62261466118227 50.5615328158168,8.62160637262476 50.5613084461627,8.6208571345155 50.5617119125986,8.62111617805194 50.5623397517213)))","9934","334","134","468","10402"
"MULTIPOLYGON (((8.68913917270826 50.5917022549831,8.69014848087192 50.5919260695137,8.69089792053368 50.5915223131422,8.69063804515926 50.5908947452834,8.68962874768801 50.5906709342683,8.68887931489885 50.5910746875965,8.68913917270826 50.5917022549831)))","35432","4332","3732","8064","43496"
"MULTIPOLYGON (((8.69058947775384 50.6062708578735,8.69159900887927 50.6064946547514,8.69234860226224 50.6060909981854,8.69208865764535 50.6054635477858,8.69107913721752 50.6052397544223,8.69032955070907 50.605643407944,8.69058947775384 50.6062708578735)))","2338","238","138","376","2714"
"MULTIPOLYGON (((8.6983896288645 50.6250919514851,8.69939949912735 50.6253156778147,8.70014928066558 50.624912105835,8.69988918506798 50.6242848105722,8.69887932551249 50.6240610877551,8.69812955084734 50.6244646566882,8.6983896288645 50.6250919514851)))","259214","191214","124514","315728","574942"
"MULTIPOLYGON (((8.72333725565963 50.5901611637002,8.72434683498918 50.5903847037106,8.72509619702304 50.5899806794274,8.72483597287782 50.5893531181812,8.72382640425785 50.5891295816825,8.72307704907367 50.5895336029183,8.72333725565963 50.5901611637002)))","142417","39017","23117","62134","204551"
"MULTIPOLYGON (((8.64462671568161 50.5726997473625,8.64563536680466 50.5729239274924,8.64638468154755 50.5725203604192,8.6461253382693 50.5718926162525,8.64511669780981 50.5716684396439,8.64436738996516 50.5720720036807,8.64462671568161 50.5726997473625)))","157685","67885","41585","109470","267155"
"MULTIPOLYGON (((8.67522529690845 50.5469961114198,8.67623384042858 50.5472200559738,8.67698282574534 50.5468160644798,8.67672326066905 50.5461881314705,8.67571472782048 50.545964190436,8.67496574937671 50.5463681788913,8.67522529690845 50.5469961114198)))","8580","380","380","760","9340"
"MULTIPOLYGON (((8.69692045981238 50.6281844256871,8.69793036219783 50.6284081625542,8.69868017957527 50.6280046250904,8.69842008769275 50.627377353806,8.69741019601489 50.6271536204515,8.69666038551208 50.6275571548688,8.69692045981238 50.6281844256871)))","7990","1190","490","1680","9670"
"MULTIPOLYGON (((8.63955513822602 50.5692919018193,8.64056369652398 50.569516124076,8.64131298366995 50.5691125691473,8.64105370561713 50.5684847949975,8.64004515797907 50.5682605762628,8.63929587773403 50.5686641281559,8.63955513822602 50.5692919018193)))","152429","119029","58629","177658","330087"
"MULTIPOLYGON (((8.71099842595776 50.6267452190034,8.71200842837139 50.6269688431667,8.71275820512202 50.626565189284,8.71249797259405 50.6259379142865,8.71148798089484 50.6257142936343,8.71073821100929 50.6261179444687,8.71099842595776 50.6267452190034)))","3593","993","593","1586","5179"
"MULTIPOLYGON (((8.66154160257794 50.558213304975,8.66255019023591 50.5584373550044,8.66329931989673 50.5580335511802,8.66303985501546 50.5574057003644,8.66203127802537 50.5571816538554,8.66128215524878 50.5575854546419,8.66154160257794 50.558213304975)))","21750","7850","7850","15700","37450"
"MULTIPOLYGON (((8.71275820512202 50.626565189284,8.71376822003103 50.6267887993574,8.7145179916967 50.6263851309222,8.71425774158961 50.6257578554623,8.71324773739586 50.6255342488998,8.71249797259405 50.6259379142865,8.71275820512202 50.626565189284)))","348101","156701","131101","287802","635903"
"MULTIPOLYGON (((8.72306614193076 50.5519049063571,8.72407516670948 50.5521284641996,8.72482411934068 50.5517241515345,8.7245640403509 50.5510962840721,8.72355502626991 50.5508727297436,8.72280608048111 50.5512770393635,8.72306614193076 50.5519049063571)))","18851","3551","2151","5702","24553"
"MULTIPOLYGON (((8.63785093530419 50.5939945365033,8.63885983549393 50.5942187624632,8.63960939054279 50.5938154079059,8.63935003849508 50.5931878304256,8.6383411489719 50.5929636079866,8.63759160082998 50.593366959507,8.63785093530419 50.5939945365033)))","368","268","0","268","636"
"MULTIPOLYGON (((8.66556064281339 50.616673625349,8.66657010919964 50.6168976192616,8.66731985873271 50.6164942293156,8.66706013498657 50.615866848499,8.66605067928814 50.6156428581029,8.66530093664818 50.6160462450071,8.66556064281339 50.616673625349)))","264471","172171","106571","278742","543213"
"MULTIPOLYGON (((8.61678709118224 50.5784802504863,8.61779558591632 50.5787046519604,8.61854501154191 50.5783013374953,8.61828593551576 50.5776736245894,8.61727745143262 50.5774492266395,8.61652803272477 50.5778525380713,8.61678709118224 50.5784802504863)))","1264","164","0","164","1428"
"MULTIPOLYGON (((8.70518155277985 50.5684677957673,8.70619066317726 50.5686914907483,8.70693982517288 50.5682874377577,8.70667986991377 50.56765969283,8.70567077020994 50.5674360013641,8.70492161507174 50.5678400513108,8.70518155277985 50.5684677957673)))","2093","393","393","786","2879"
"MULTIPOLYGON (((8.63477173457647 50.5687984478132,8.63578024456982 50.5690227087021,8.63652953484047 50.5686191858861,8.63627030821392 50.5679914052163,8.63526180887786 50.5677671478501,8.63451252551116 50.5681706676311,8.63477173457647 50.5687984478132)))","2137","337","0","337","2474"
"MULTIPOLYGON (((8.68812197266175 50.6290829991074,8.68913181247081 50.6293068064003,8.68988165519244 50.6289033416969,8.68962165122451 50.6282760727462,8.68861182211875 50.6280522689666,8.68786198627774 50.6284557306245,8.68812197266175 50.6290829991074)))","31260","2960","2460","5420","36680"
"MULTIPOLYGON (((8.63612463111663 50.5765106351363,8.63713326403571 50.576734882048,8.63788263460018 50.5763314076451,8.63762336534113 50.5757036893663,8.63661474308241 50.5754794459768,8.63586537942252 50.575882917344,8.63612463111663 50.5765106351363)))","8933","1133","233","1366","10299"
"MULTIPOLYGON (((8.71658093418765 50.6114595177165,8.7175907634072 50.6116831033006,8.71834036604091 50.6112792914247,8.71808013259689 50.6106518970126,8.71707031408997 50.6104283149397,8.71632071831458 50.6108321237677,8.71658093418765 50.6114595177165)))","396220","143620","117620","261240","657460"
"MULTIPOLYGON (((8.62998852105592 50.5683048071794,8.63099698273364 50.5685291066953,8.63174627611768 50.5681256159908,8.63148710091713 50.5674978288047,8.63047864989405 50.567273532812,8.62972936341702 50.5676770204822,8.62998852105592 50.5683048071794)))","813","513","113","626","1439"
"MULTIPOLYGON (((8.64209084792837 50.5709958606448,8.64309945263895 50.5712200618398,8.64384875358469 50.5708165008392,8.64358944292045 50.5701887416798,8.64258084887161 50.5699645440066,8.64183155482543 50.5703681019711,8.64209084792837 50.5709958606448)))","612470","285470","193670","479140","1091610"
"MULTIPOLYGON (((8.67747471839441 50.6233045482464,8.67848438311325 50.6235284435944,8.67923418271235 50.6231250147554,8.67897431070625 50.6224976936123,8.67796465668346 50.6222738017792,8.67721486397087 50.6226772275744,8.67747471839441 50.6233045482464)))","208173","146973","77973","224946","433119"
"MULTIPOLYGON (((8.7264508083665 50.6153535792126,8.72746077853267 50.6155770837303,8.72821040525969 50.6151732275094,8.7279500549681 50.6145458698201,8.72694009552087 50.6143223688123,8.72619047564642 50.6147262219838,8.7264508083665 50.6153535792126)))","3729","129","129","258","3987"
"MULTIPOLYGON (((8.6584364332854 50.6105342513567,8.65944574963535 50.6107583050821,8.66019544586604 50.6103549218772,8.65993581885028 50.6097274879878,8.6589265131826 50.6095034377801,8.65817682384852 50.6099068179444,8.6584364332854 50.6105342513567)))","239870","89770","66470","156240","396110"
"MULTIPOLYGON (((8.73487621486506 50.5693450371253,8.73588559246817 50.5695684928206,8.73663471068525 50.5691642240581,8.73637444446135 50.5685365026481,8.7353650775674 50.5683130504646,8.73461596618832 50.5687173161794,8.73487621486506 50.5693450371253)))","1897","297","197","494","2391"
"MULTIPOLYGON (((8.67669517021516 50.6214225707186,8.6777048010145 50.6216464731156,8.67845458178622 50.6212430358139,8.67819472487206 50.6206156991588,8.67718510476776 50.6203918002769,8.67643533088271 50.6207952345351,8.67669517021516 50.6214225707186)))","43148","13548","11448","24996","68144"
"MULTIPOLYGON (((8.62569568108309 50.5667797311698,8.6267040837821 50.5670040657841,8.62745336835558 50.5666005956858,8.62719424332056 50.565972794007,8.62618585127351 50.5657484629165,8.62543657360961 50.5661519299811,8.62569568108309 50.5667797311698)))","4899","1399","1299","2698","7597"
"MULTIPOLYGON (((8.68705197185622 50.6242885325271,8.68806173311468 50.6245123504186,8.6888115262423 50.6241088572876,8.68855155123113 50.6234815493101,8.687541800674 50.6232577349324,8.68679201442678 50.6236612250184,8.68705197185622 50.6242885325271)))","300238","195538","103138","298676","598914"
"MULTIPOLYGON (((8.69439801987955 50.6088245214876,8.69540762062523 50.6090482866719,8.69615723462771 50.6086446209714,8.69589724101209 50.6080171931317,8.69488765096672 50.6077934314613,8.69413804383678 50.6081970941167,8.69439801987955 50.6088245214876)))","10285","285","0","285","10570"
"MULTIPOLYGON (((8.64540472293757 50.5745829474504,8.64641340793136 50.5748071205679,8.64716274149058 50.5744035619612,8.64690338315807 50.5737758332737,8.64589470882883 50.5735516636774,8.64514538216769 50.5739552192475,8.64540472293757 50.5745829474504)))","237681","103681","63181","166862","404543"
"MULTIPOLYGON (((8.6573619713227 50.5458794150881,8.65837034521277 50.5461035036595,8.65911935017234 50.5456996375636,8.65885997435737 50.5450716859329,8.65785161112926 50.5448476008831,8.65710261305425 50.5452514639425,8.6573619713227 50.5458794150881)))","17670","11670","6470","18140","35810"
"MULTIPOLYGON (((8.66779397921146 50.5556105459751,8.66880258308258 50.555834546798,8.66955167380575 50.5554306763624,8.66929215377831 50.5548028081422,8.66828356057752 50.5545788108392,8.66753447673393 50.5549826782364,8.66779397921146 50.5556105459751)))","566727","247527","223327","470854","1037581"
"MULTIPOLYGON (((8.74053930808658 50.5785794250264,8.74154886751613 50.578802831348,8.74229807449665 50.5783985902762,8.7420377152117 50.5777709459317,8.74102816649705 50.5775475431206,8.7402789663526 50.5779517811435,8.74053930808658 50.5785794250264)))","3137","137","137","274","3411"
"MULTIPOLYGON (((8.69019034624555 50.6141594760155,8.69119998798242 50.6143832728493,8.69194966675221 50.613979679217,8.69168969690891 50.6133522917958,8.69068006587183 50.613128498476,8.68993039397838 50.6135320890635,8.69019034624555 50.6141594760155)))","761","461","161","622","1383"
"MULTIPOLYGON (((8.70654272184427 50.5761806501279,8.70755195524841 50.5764043310121,8.70830119746315 50.5760003263776,8.70804119941576 50.5753726439035,8.70703197670821 50.5751489665338,8.70628274135155 50.5755529681237,8.70654272184427 50.5761806501279)))","768677","275677","255977","531654","1300331"
"MULTIPOLYGON (((8.62520549771972 50.5678109799388,8.62621391107079 50.5680353180769,8.62696320755698 50.5676318594827,8.6267040837821 50.5670040657841,8.62569568108309 50.5667797311698,8.62494639150697 50.5671831867303,8.62520549771972 50.5678109799388)))","4484","684","484","1168","5652"
"MULTIPOLYGON (((8.65027543295098 50.5819359036955,8.65128426598761 50.5821600346922,8.65203366979311 50.5817564954094,8.65177423366579 50.5811288281676,8.65076541129851 50.5809047006912,8.65001601438933 50.5813082369362,8.65027543295098 50.5819359036955)))","427138","195138","146638","341776","768914"
"MULTIPOLYGON (((8.6297349320763 50.5477203944169,8.63074309476118 50.5479447042083,8.63149216806122 50.5475410591688,8.63123307177343 50.546913107371,8.6302249197368 50.5466888011041,8.62947585333985 50.5470924431106,8.6297349320763 50.5477203944169)))","1300","400","200","600","1900"
"MULTIPOLYGON (((8.67954507876778 50.6083804087306,8.6805545454982 50.6086042935828,8.68130418117524 50.6082007358075,8.68104434323976 50.6075732962232,8.68003488720188 50.6073494148865,8.67928525840709 50.6077529696186,8.67954507876778 50.6083804087306)))","7347","1147","547","1694","9041"
"MULTIPOLYGON (((8.69331016594861 50.6216877161047,8.69431994334871 50.6219114847209,8.69506969739066 50.621507924926,8.69480966715687 50.6208805995607,8.69379990046051 50.6206568344578,8.69305015329432 50.621060391207,8.69331016594861 50.6216877161047)))","930","530","330","860","1790"
"MULTIPOLYGON (((8.7119108133784 50.5825005102877,8.71292018408109 50.5827241453964,8.71366948444344 50.582320148533,8.71340940724746 50.5816925196065,8.71240004724608 50.5814688880113,8.71165075373949 50.5818728818291,8.7119108133784 50.5825005102877)))","123819","40219","36819","77038","200857"
"MULTIPOLYGON (((8.62721604877141 50.5882104682861,8.6282247738311 50.5884347820506,8.62897428552601 50.588031463289,8.62871506524858 50.5874038337983,8.62770635084818 50.5871795235562,8.62695684606605 50.5875828392826,8.62721604877141 50.5882104682861)))","276174","3674","2274","5948","282122"
"MULTIPOLYGON (((8.67513620966915 50.6176584760656,8.67614577263516 50.6178823925571,8.67689551575401 50.6174789383298,8.67663568902002 50.6168515706541,8.67562613674712 50.616627657678,8.67487640051521 50.6170311088622,8.67513620966915 50.6176584760656)))","33339","7139","5739","12878","46217"
"MULTIPOLYGON (((8.69314620553054 50.5903109919346,8.6941555280073 50.5905347748035,8.6949049456116 50.5901309778405,8.69464503386957 50.5895034010525,8.69363572208685 50.5892796216987,8.69288631135225 50.5896834156179,8.69314620553054 50.5903109919346)))","52564","6764","4264","11028","63592"
"MULTIPOLYGON (((8.65304143191948 50.56202669046,8.65405000147409 50.5622508072691,8.65479918700002 50.5618470960975,8.65453979608086 50.5612192711538,8.65353123719095 50.5609951578659,8.6527820585556 50.5613988660006,8.65304143191948 50.56202669046)))","26317","11917","8817","20734","47051"
"MULTIPOLYGON (((8.66185591267233 50.5434561234886,8.66286429027236 50.5436801769167,8.66361326135145 50.5432762587542,8.66335384794954 50.5426482902005,8.66234548101309 50.5424242402937,8.66159651681511 50.5428281554194,8.66185591267233 50.5434561234886)))","82512","8312","6312","14624","97136"
"MULTIPOLYGON (((8.68848778841111 50.561344630982,8.68949665275635 50.5615684631189,8.69024576818438 50.5611644811335,8.6899860124003 50.5605366700528,8.68897715873784 50.5603128414332,8.68822805017682 50.5607168203772,8.68848778841111 50.561344630982)))","722547","285447","269047","554494","1277041"
"MULTIPOLYGON (((8.65036201309414 50.5887951442257,8.65137094590668 50.5890192717423,8.65212042312301 50.5886157839043,8.65186096062931 50.5879881715879,8.65085203848819 50.5877640475911,8.65010256816949 50.5881675323909,8.65036201309414 50.5887951442257)))","476060","179060","130460","309520","785580"
"MULTIPOLYGON (((8.68078735637556 50.5493715784058,8.6817959819192 50.5495954772918,8.68254498280422 50.5491914621435,8.68228535127592 50.5485635511489,8.68127673640744 50.5483396557817,8.68052774239221 50.5487436678904,8.68078735637556 50.5493715784058)))","322","122","0","122","444"
"MULTIPOLYGON (((8.68647193230346 50.6184628993141,8.68748160432349 50.6186867242845,8.68823133592137 50.618283191221,8.6879713886197 50.6176558362318,8.68696172729889 50.6174320147756,8.68621200258064 50.6178355447944,8.68647193230346 50.6184628993141)))","20901","5201","3901","9102","30003"
"MULTIPOLYGON (((8.64822901287312 50.5792010571385,8.64923778882281 50.5794252056907,8.64998716691384 50.5790216609795,8.64972776215814 50.5783939707535,8.64871899687585 50.5781698257219,8.64796962568196 50.5785733673957,8.64822901287312 50.5792010571385)))","407205","205805","136305","342110","749315"
"MULTIPOLYGON (((8.73301535379949 50.5803342801536,8.7340248741269 50.5805577463152,8.73477411344149 50.5801535749181,8.73451382558741 50.5795259404076,8.73350431597154 50.5793024777572,8.73275508349835 50.5797066461062,8.73301535379949 50.5803342801536)))","1046","346","146","492","1538"
"MULTIPOLYGON (((8.6625209403088 50.5561499832567,8.66352950663103 50.5563740262453,8.66427861245969 50.5559701994217,8.66401914508306 50.5553423326474,8.66301058942859 50.5551182931792,8.66226149048311 50.555522116965,8.6625209403088 50.5561499832567)))","384954","114854","111854","226708","611662"
"MULTIPOLYGON (((8.65716074963272 50.5498267597036,8.65816917869425 50.5500508483103,8.65891822627451 50.5496470136745,8.6586588379079 50.5490190934687,8.65765041950946 50.5487950083834,8.65690137881466 50.5491988399825,8.65716074963272 50.5498267597036)))","89841","28241","24641","52882","142723"
"MULTIPOLYGON (((8.71443739308106 50.6018678321813,8.71544706525583 50.6020914389878,8.71619656880109 50.6016875702948,8.71593639331386 50.6010600978425,8.7149267318477 50.6008364945481,8.7141772351603 50.601240360194,8.71443739308106 50.6018678321813)))","469464","189164","150764","339928","809392"
"MULTIPOLYGON (((8.70802441841443 50.5554139697146,8.70903336485655 50.5556376471345,8.70978238195677 50.5552334737705,8.70952244576199 50.5546056260302,8.70851351001088 50.5543819521259,8.70776449976367 50.5547861224464,8.70802441841443 50.5554139697146)))","962","162","0","162","1124"
"MULTIPOLYGON (((8.62872092494949 50.5674527104406,8.62972936341702 50.5676770204822,8.63047864989405 50.567273532812,8.63021949099602 50.5666457381344,8.62921106318223 50.5664214316162,8.62846178361288 50.5668249162523,8.62872092494949 50.5674527104406)))","5215","1415","1415","2830","8045"
"MULTIPOLYGON (((8.70943721181607 50.6229814941817,8.71044714638302 50.6232051324779,8.71119688550767 50.6228014616836,8.7109366832001 50.6221741556408,8.70992675934562 50.621950520856,8.70917702708631 50.6223541886026,8.70943721181607 50.6229814941817)))","12028","2328","2028","4356","16384"
"MULTIPOLYGON (((8.71778075094442 50.570119757138,8.71878999323534 50.5703433500846,8.71953915040896 50.5699392152508,8.71927905844236 50.569311490516,8.71826982685202 50.569087901083,8.71752067652785 50.5694920328713,8.71778075094442 50.570119757138)))","597","297","197","494","1091"
"MULTIPOLYGON (((8.6334191463183 50.5610854774529,8.63442753341464 50.5613097523059,8.63517674340773 50.5609061810791,8.6349175594013 50.5602783380335,8.63390918295919 50.5600540667037,8.63315997986941 50.5604576348963,8.6334191463183 50.5610854774529)))","1181","281","0","281","1462"
"MULTIPOLYGON (((8.65474433374028 50.5971777253105,8.65575342532815 50.5974018141856,8.65650298473398 50.5969983571732,8.65624344565563 50.5963708143251,8.65523436474403 50.5961467289689,8.65448481223462 50.596550182942,8.65474433374028 50.5971777253105)))","16820","1120","720","1840","18660"
"MULTIPOLYGON (((8.66743240723008 50.6056931500778,8.66844173099335 50.6059171334511,8.66919135932624 50.6055136460343,8.66893165700634 50.6048861782858,8.66792234392854 50.6046621984294,8.66717272248533 50.6050656828048,8.66743240723008 50.6056931500778)))","12177","477","477","954","13131"
"MULTIPOLYGON (((8.71142156634439 50.5835321130804,8.71243094774848 50.5837557517026,8.7131802600449 50.5833517663378,8.71292018408109 50.5827241453964,8.7119108133784 50.5825005102877,8.71116150793823 50.582904492607,8.71142156634439 50.5835321130804)))","539648","196048","170248","366296","905944"
"MULTIPOLYGON (((8.6402473802407 50.5643144584091,8.6412558726967 50.5645386771062,8.64200510528186 50.564135079202,8.64174583851166 50.5635072656363,8.64073735671439 50.5632830504615,8.63998813102871 50.5636866453303,8.6402473802407 50.5643144584091)))","82923","4323","3723","8046","90969"
"MULTIPOLYGON (((8.68248373167637 50.6021941532712,8.6834931342525 50.6024180170303,8.68424269831344 50.6020143902307,8.68398285291926 50.6013869027152,8.6829734610353 50.6011630424717,8.68222390385343 50.6015666662282,8.68248373167637 50.6021941532712)))","71706","3706","3406","7112","78818"
"MULTIPOLYGON (((8.6231607466724 50.5650754205048,8.62416910294903 50.5652997761651,8.62491837370273 50.564896312134,8.62465928126907 50.5642684954758,8.62365093564261 50.5640441433397,8.62290167179979 50.5644476043375,8.6231607466724 50.5650754205048)))","471330","274930","164130","439060","910390"
"MULTIPOLYGON (((8.66136633117265 50.5444879872088,8.6623747194363 50.5447120441581,8.66312370242689 50.5443081374936,8.66286429027236 50.5436801769167,8.66185591267233 50.5434561234886,8.66110693656337 50.5438600271163,8.66136633117265 50.5444879872088)))","6330","730","230","960","7290"
"MULTIPOLYGON (((8.63002219375376 50.5506357673149,8.6310304009338 50.550860073636,8.63177950495156 50.550456448566,8.63152039488593 50.5498285202083,8.63051219835519 50.5496042174114,8.62976310124092 50.5500078394481,8.63002219375376 50.5506357673149)))","6159","659","359","1018","7177"
"MULTIPOLYGON (((8.70674128461137 50.5722341540472,8.7077504627493 50.5724578349456,8.70849966231627 50.5720537988618,8.70823967688829 50.5714260849239,8.70723050944587 50.5712024075401,8.70648131673607 50.5716064405797,8.70674128461137 50.5722341540472)))","3242","142","142","284","3526"
"MULTIPOLYGON (((8.65053522450468 50.6025116790368,8.65154435692832 50.6027357995718,8.65229398100948 50.6023324146335,8.6520344657669 50.6017049121993,8.65102534401899 50.6014807951832,8.65027572683806 50.6018841770825,8.65053522450468 50.6025116790368)))","2610","110","110","220","2830"
"MULTIPOLYGON (((8.6525824430263 50.6052457463679,8.65359163257398 50.6054698493269,8.65434128238414 50.6050664698163,8.65408173574737 50.6044389903861,8.65307255687732 50.6042148909456,8.65232291396657 50.6046182674168,8.6525824430263 50.6052457463679)))","948105","285405","236505","521910","1470015"
"MULTIPOLYGON (((8.71113064955328 50.5806176094102,8.71213998637463 50.5808412515677,8.71288926794788 50.5804372462513,8.71262920584407 50.579809601823,8.71161987972309 50.5795859631791,8.71087060500568 50.5799899654501,8.71113064955328 50.5806176094102)))","405501","158801","135801","294602","700103"
"MULTIPOLYGON (((8.63439920643086 50.5590226364729,8.63540757221881 50.5592469042794,8.63615675838825 50.5588433100477,8.63589757186761 50.5582154510438,8.6348892167338 50.5579911867607,8.63414003746664 50.5583947779581,8.63439920643086 50.5590226364729)))","3973","273","0","273","4246"
"MULTIPOLYGON (((8.63324941158883 50.5473616953431,8.63425759936679 50.5475859770479,8.6350066626558 50.5471823029395,8.63474753126626 50.54655435016,8.63373935413827 50.5463300719794,8.63299029774996 50.5467337430543,8.63324941158883 50.5473616953431)))","2467","267","267","534","3001"
"MULTIPOLYGON (((8.68667172758327 50.6145189837255,8.68768134429174 50.6147428087186,8.68843103318812 50.6143392441849,8.68817109849746 50.6137118577024,8.68716149248706 50.6134880362237,8.68641181046941 50.6138915977131,8.68667172758327 50.6145189837255)))","14415","115","115","230","14645"
"MULTIPOLYGON (((8.66010786893494 50.60349755296,8.66111709797283 50.60372159613,8.66186671571309 50.603318146929,8.66160709752149 50.6026906575984,8.66059787916459 50.6024666179463,8.65984826831842 50.6028700641069,8.66010786893494 50.60349755296)))","41294","1894","994","2888","44182"
"MULTIPOLYGON (((8.68379318207491 50.5677149903592,8.68480209801685 50.5679388576638,8.68555129003738 50.5675349592094,8.6852915592447 50.5669071964916,8.68428265398506 50.5666833327044,8.68353346883592 50.5670872281177,8.68379318207491 50.5677149903592)))","5650","850","850","1700","7350"
"MULTIPOLYGON (((8.70386746616348 50.6206085395082,8.70487731860307 50.620832223617,8.70562704220768 50.6204285765165,8.70536690650427 50.6198012483541,8.70435706477353 50.6195775677574,8.70360734803748 50.619981211811,8.70386746616348 50.6206085395082)))","9897","1197","597","1794","11691"
"MULTIPOLYGON (((8.65598006605662 50.5558372026901,8.65698857162415 50.5560612983724,8.65773768565843 50.5556575181976,8.65747828723789 50.5550296453775,8.65646979233467 50.5548055532164,8.65572068518782 50.5552093303543,8.65598006605662 50.5558372026901)))","959","459","259","718","1677"
"MULTIPOLYGON (((8.7047398475675 50.629346838461,8.70574983390808 50.6295705119145,8.7064996498015 50.6291669246989,8.70623947248482 50.6285396670775,8.70522949685623 50.6283159971355,8.70447968783252 50.6287195813035,8.7047398475675 50.629346838461)))","18459","2159","1159","3318","21777"
"MULTIPOLYGON (((8.6765606123601 50.5723811677804,8.67756953350717 50.5726050913469,8.67831878837275 50.5722012825132,8.67805911521431 50.5715735531537,8.67705020474723 50.5713496331052,8.67630095675874 50.5717534388983,8.6765606123601 50.5723811677804)))","11051","551","551","1102","12153"
"MULTIPOLYGON (((8.62618585127351 50.5657484629165,8.62719424332056 50.565972794007,8.62794351598159 50.5655693124048,8.62768438968664 50.5649415027459,8.62667600829149 50.5647171751792,8.62592674253951 50.5651206537477,8.62618585127351 50.5657484629165)))","409867","102567","87267","189834","599701"
"MULTIPOLYGON (((8.65238078557612 50.6091897566587,8.65339003038387 50.6094138596244,8.6541397228877 50.6090105115942,8.65388016368358 50.6083830636381,8.65287092955456 50.6081589641908,8.65212124395107 50.6085623091813,8.65238078557612 50.6091897566587)))","176788","33988","20188","54176","230964"
"MULTIPOLYGON (((8.72422166610644 50.5812373769508,8.72523112412185 50.5814609135146,8.72598038889856 50.5810568148405,8.72572018881265 50.5804291826498,8.72471074150454 50.5802056495982,8.7239614835752 50.5806097452253,8.72422166610644 50.5812373769508)))","14640","1040","440","1480","16120"
"MULTIPOLYGON (((8.64073735671439 50.5632830504615,8.64174583851166 50.5635072656363,8.64249505918245 50.5631036562298,8.64223579115721 50.562475834684,8.64122732001865 50.5622516230317,8.64047810624678 50.5626552294028,8.64073735671439 50.5632830504615)))","24906","1706","706","2412","27318"
"MULTIPOLYGON (((8.60546288416078 50.5776699842432,8.60647126955573 50.5778944769972,8.60722070630256 50.5774912412937,8.60696175072951 50.5768635158681,8.6059533759794 50.5766390266395,8.60520394615758 50.5770422593112,8.60546288416078 50.5776699842432)))","735","335","0","335","1070"
"MULTIPOLYGON (((8.6854022169751 50.6136677621555,8.68641181046941 50.6138915977131,8.68716149248706 50.6134880362237,8.68690157413117 50.612860642221,8.68589199133401 50.612636810178,8.68514231619574 50.6130403686232,8.6854022169751 50.6136677621555)))","16966","466","266","732","17698"
"MULTIPOLYGON (((8.71329833124057 50.5548723960634,8.71430731509581 50.5550960312805,8.7150563169755 50.5546918142994,8.71479632815062 50.5540639651452,8.71378735498897 50.5538403334431,8.71303835995872 50.5542445473802,8.71329833124057 50.5548723960634)))","425","225","225","450","875"
"MULTIPOLYGON (((8.64131298366995 50.5691125691473,8.64232155451338 50.5693367773516,8.64307083664315 50.5689332078841,8.6428115410299 50.5683054332481,8.64180298084719 50.5680812285657,8.64105370561713 50.5684847949975,8.64131298366995 50.5691125691473)))","467599","209899","135299","345198","812797"
"MULTIPOLYGON (((8.65970537540023 50.6113857309825,8.66071471497502 50.611609774155,8.66146441810161 50.6112063879094,8.66120477475762 50.6105789615322,8.66019544586604 50.6103549218772,8.65944574963535 50.6107583050821,8.65970537540023 50.6113857309825)))","256657","134857","93657","228514","485171"
"MULTIPOLYGON (((8.70955687269827 50.594518065946,8.71056639679787 50.594741715058,8.71131583023294 50.5943378270968,8.71105573270885 50.5937102930698,8.71004621931304 50.5934866474708,8.70929679273766 50.5938905323859,8.70955687269827 50.594518065946)))","416406","162206","137906","300112","716518"
"MULTIPOLYGON (((8.61944214934705 50.5693793539942,8.6204505356595 50.5696037377981,8.62119985906061 50.5692003343223,8.62094078923519 50.5685725500756,8.61993241357228 50.568348169796,8.61918309708536 50.5687515702389,8.61944214934705 50.5693793539942)))","545","245","0","245","790"
"MULTIPOLYGON (((8.68468216867019 50.5587896169741,8.68569096348132 50.5590134807456,8.68644005830616 50.5586095078836,8.68618035145094 50.5579816742908,8.68517156731983 50.5577578140371,8.68442247936407 50.5581617838585,8.68468216867019 50.5587896169741)))","536","1036","236","1272","1808"
"MULTIPOLYGON (((8.65306928163417 50.544355018393,8.65407759663614 50.5445791420681,8.65482659284996 50.5441752965796,8.65456726717481 50.5435473304518,8.65355896283211 50.5433232102989,8.65280997350539 50.5437270527516,8.65306928163417 50.544355018393)))","28345","3645","3245","6890","35235"
"MULTIPOLYGON (((8.69995020269681 50.6288556116276,8.70096014080952 50.6290793238334,8.70170995998653 50.6286757687704,8.70144983417815 50.6280485045486,8.7004399067748 50.6278247958549,8.69969009447059 50.6282283478709,8.69995020269681 50.6288556116276)))","36191","4791","4491","9282","45473"
"MULTIPOLYGON (((8.64436878217498 50.5521158081922,8.6453771341954 50.5523399986689,8.64612622884361 50.5519362772839,8.64586696457718 50.5513083684573,8.64485862321392 50.5510841815032,8.64410953546004 50.5514878998531,8.64436878217498 50.5521158081922)))","4920","520","120","640","5560"
"MULTIPOLYGON (((8.72077626588921 50.623782763599,8.72178630932434 50.6240063102882,8.72253603673562 50.6236025606363,8.72227571385391 50.6229752673447,8.72126568113734 50.6227517241657,8.72051596058406 50.6231554707683,8.72077626588921 50.623782763599)))","1358","158","0","158","1516"
"MULTIPOLYGON (((8.66019544586604 50.6103549218772,8.66120477475762 50.6105789615322,8.66195446595023 50.6101755637801,8.66169482135594 50.6095481294138,8.6606855031475 50.6093240932764,8.65993581885028 50.6097274879878,8.66019544586604 50.6103549218772)))","217703","130703","75703","206406","424109"
"MULTIPOLYGON (((8.66535967147157 50.6206171634191,8.66636919315 50.6208411573229,8.6671189853894 50.620437798856,8.66685924905645 50.6198104495274,8.66584973806694 50.61958645914,8.66509995272159 50.6199898145649,8.66535967147157 50.6206171634191)))","25221","2621","2521","5142","30363"
"MULTIPOLYGON (((8.65589866771365 50.6088312379146,8.65690793761388 50.6090553127433,8.65765762005071 50.6086519356193,8.6573980256895 50.608024486707,8.65638876646973 50.6078004153964,8.6556390909308 50.6082037894801,8.65589866771365 50.6088312379146)))","406229","277829","161529","439358","845587"
"MULTIPOLYGON (((8.62733472687028 50.5774063437024,8.62834329700499 50.5776306608762,8.62909269261914 50.5772272591729,8.62883351118816 50.5765995433305,8.62782495170951 50.5763752296797,8.62707556300591 50.5767786283484,8.62733472687028 50.5774063437024)))","6052","452","352","804","6856"
"MULTIPOLYGON (((8.61543643011083 50.5707684422385,8.61644480193501 50.5709928576596,8.61719414724201 50.5705894947649,8.61693511380785 50.5699617194817,8.61592675263156 50.5697373075853,8.61517741424166 50.5701406674474,8.61543643011083 50.5707684422385)))","2412","612","0","612","3024"
"MULTIPOLYGON (((8.65577873921534 50.5597839813844,8.65678729996853 50.5600080770976,8.65753645663578 50.5596043283866,8.65727704566165 50.5589764869995,8.65626849557386 50.5587523948072,8.65551934579495 50.5591561404812,8.65577873921534 50.5597839813844)))","2084","184","0","184","2268"
"MULTIPOLYGON (((8.64609662255077 50.5696057657532,8.64710524168328 50.569829935319,8.64785452067298 50.5694263337372,8.6475951736336 50.5687985656262,8.64658656516448 50.5685743995819,8.64583729307147 50.5689779981272,8.64609662255077 50.5696057657532)))","29719","5719","4019","9738","39457"
"MULTIPOLYGON (((8.64286875733968 50.5728791057116,8.64387739591922 50.5731032998961,8.64462671568161 50.5726997473625,8.64436738996516 50.5720720036807,8.64335876204832 50.5718478130178,8.64260944918538 50.5722513625152,8.64286875733968 50.5728791057116)))","244376","110276","75076","185352","429728"
"MULTIPOLYGON (((8.63203370859041 50.5710401925708,8.63304222734498 50.571264474556,8.63379154645614 50.5708609892861,8.63353233990664 50.5702332250658,8.63252383180864 50.5700089466035,8.63177451960368 50.5704124288387,8.63203370859041 50.5710401925708)))","1644","244","244","488","2132"
"MULTIPOLYGON (((8.65453828574831 50.5412595356849,8.6555465687726 50.5414836487936,8.65629552925745 50.5410797688094,8.65603619983266 50.5404517787523,8.65502792746747 50.5402276691658,8.65427897386813 50.5406315461142,8.65453828574831 50.5412595356849)))","49401","18401","8901","27302","76703"
"MULTIPOLYGON (((8.71574331843448 50.549711888217,8.71675224882237 50.5499355058593,8.71750119108137 50.5495312314055,8.71724119610575 50.5489033423534,8.71623227641114 50.548679728226,8.71548334099894 50.5490839996358,8.71574331843448 50.549711888217)))","135765","565","465","1030","136795"
"MULTIPOLYGON (((8.68226325019977 50.6237966339149,8.68327296319396 50.6240204905372,8.68402275956299 50.6236170295527,8.68376283605449 50.6229897149906,8.68275313375896 50.6227658618827,8.6820033442734 50.6231693198227,8.68226325019977 50.6237966339149)))","271134","180934","99234","280168","551302"
"MULTIPOLYGON (((8.70333150070089 50.5617860435127,8.7043404988108 50.562009756093,8.70508959252877 50.5616056662452,8.70482968127957 50.5609778668603,8.70382069386022 50.5607541577955,8.70307160699962 50.5611582446001,8.70333150070089 50.5617860435127)))","3107","407","407","814","3921"
"MULTIPOLYGON (((8.69457997234279 50.6225388020942,8.69558977295862 50.6227625601399,8.69633953387564 50.6223589972992,8.69607948730186 50.6217316794587,8.69506969739066 50.621507924926,8.69431994334871 50.6219114847209,8.69457997234279 50.6225388020942)))","21334","834","334","1168","22502"
"MULTIPOLYGON (((8.69741019601489 50.6271536204515,8.69842008769275 50.627377353806,8.69916989312354 50.6269738048367,8.69890980000244 50.6263465255594,8.69789991903209 50.6261227957173,8.69715012047543 50.6265263416401,8.69741019601489 50.6271536204515)))","47730","1430","630","2060","49790"
"MULTIPOLYGON (((8.62091290250021 50.5662857429446,8.62192125686421 50.5665101161755,8.62267054452958 50.5661066781859,8.62241147091842 50.5654788699986,8.62140312720379 50.565254500292,8.62065384645103 50.5656579352486,8.62091290250021 50.5662857429446)))","12054","3054","1654","4708","16762"
"MULTIPOLYGON (((8.73418295096273 50.5919921169192,8.73519264969188 50.5922155688776,8.73594201188744 50.5918114772631,8.7356816685111 50.5911839367393,8.73467198049769 50.5909604882914,8.73392262514503 50.5913645768569,8.73418295096273 50.5919921169192)))","22591","1691","591","2282","24873"
"MULTIPOLYGON (((8.64384875358469 50.5708165008392,8.64485737083887 50.5710406879805,8.64560666676605 50.5706371124407,8.64534733854081 50.5700093527959,8.64433873194924 50.5697851691762,8.64358944292045 50.5701887416798,8.64384875358469 50.5708165008392)))","19644","3444","2044","5488","25132"
"MULTIPOLYGON (((8.69057108808225 50.6239291534144,8.69158087437538 50.6241529431404,8.69233065737291 50.6237494209071,8.69207064719943 50.6231221119933,8.69106087160931 50.6228983257808,8.69031109548979 50.6233018449686,8.69057108808225 50.6239291534144)))","284964","168164","93464","261628","546592"
"MULTIPOLYGON (((8.64592436777744 50.5558831499439,8.64693278750132 50.5561073264122,8.64768191976097 50.5557036219576,8.6474226254028 50.5550757440705,8.64641421633805 50.5548515711244,8.64566509097243 50.5552552725434,8.64592436777744 50.5558831499439)))","361789","66189","62389","128578","490367"
"MULTIPOLYGON (((8.68526155831263 50.5646199589534,8.68627044220787 50.5648438157057,8.68701959845846 50.5644398827547,8.68675986394409 50.5638120960926,8.68575099073094 50.5635882428578,8.68500184135019 50.5639921727676,8.68526155831263 50.5646199589534)))","5679","1179","1179","2358","8037"
"MULTIPOLYGON (((8.65102382123056 50.5416189836912,8.65203207920815 50.5418431248946,8.65278104973828 50.5414392739786,8.65252175540304 50.5408112848948,8.65151350808282 50.5405871472139,8.65076454444063 50.5409909950944,8.65102382123056 50.5416189836912)))","671148","162648","114548","277196","948344"
"MULTIPOLYGON (((8.68237350795737 50.6129962061995,8.68338306571865 50.6132200663985,8.68413274591565 50.612816522502,8.68387286147017 50.6121891214505,8.68286331440428 50.6119652647664,8.68211364108856 50.6123688056191,8.68237350795737 50.6129962061995)))","8418","3618","3318","6936","15354"
"MULTIPOLYGON (((8.70034833635492 50.620968379582,8.70135816378857 50.6211920918617,8.7021078975448 50.6207884738632,8.70184779699656 50.6201611466316,8.70083798027004 50.6199374378645,8.70008825338475 50.6203410528164,8.70034833635492 50.620968379582)))","1565","365","265","630","2195"
"MULTIPOLYGON (((8.61367872055675 50.5709473611283,8.61468707980931 50.5711717905952,8.61543643011083 50.5707684422385,8.61517741424166 50.5701406674474,8.61416906563615 50.5699162415054,8.6134197222529 50.5703195868297,8.61367872055675 50.5709473611283)))","1644","344","344","688","2332"
"MULTIPOLYGON (((8.68473240504507 50.6009832644121,8.68574180944302 50.6012071105813,8.68649135651134 50.6008034577317,8.68623149230445 50.6001759617562,8.68522209859945 50.5999521191024,8.6844725584085 50.6003557689087,8.68473240504507 50.6009832644121)))","1348586","122886","122686","245572","1594158"
"MULTIPOLYGON (((8.69184088330816 50.6247802440619,8.69285069281982 50.6250040232177,8.69360048269467 50.6246004979387,8.69334045618066 50.6239731965497,8.69233065737291 50.6237494209071,8.69158087437538 50.6241529431404,8.69184088330816 50.6247802440619)))","135200","56400","37000","93400","228600"
"MULTIPOLYGON (((8.6537326919341 50.5570484735662,8.65474119563887 50.5572725868222,8.65549032661417 50.5568688326847,8.65523094699569 50.5562409683279,8.65422245395442 50.5560168585931,8.65347332986824 50.556420609694,8.6537326919341 50.5570484735662)))","26866","17366","10666","28032","54898"
"MULTIPOLYGON (((8.68638175251144 50.6116058387058,8.68739132461145 50.6118296672342,8.68814098275025 50.6114260827357,8.68788106191078 50.6107986727531,8.68687150050784 50.6105748477392,8.68612184924738 50.6109784291936,8.68638175251144 50.6116058387058)))","2146","1846","846","2692","4838"
"MULTIPOLYGON (((8.70611661816351 50.6193975897497,8.70712647239363 50.6196212562605,8.7078761789746 50.6192175831051,8.70761602445871 50.6185902464862,8.70660618093823 50.6183665834873,8.70585648122411 50.6187702535955,8.70611661816351 50.6193975897497)))","3095","395","195","590","3685"
"MULTIPOLYGON (((8.69477932993462 50.6185950126744,8.69578907522372 50.6188187707508,8.6965387934351 50.6184151764416,8.69627875948333 50.6177878271017,8.69526902489777 50.6175640725385,8.69451931356058 50.6179676638021,8.69477932993462 50.6185950126744)))","715","115","115","230","945"
"MULTIPOLYGON (((8.70019716324694 50.5719236022029,8.70120628075428 50.5721473358695,8.70195548867197 50.5717433464555,8.70169557222106 50.5711156264184,8.7006864654058 50.5708918962671,8.69993726434951 50.5712958826377,8.70019716324694 50.5719236022029)))","79693","8593","7293","15886","95579"
"MULTIPOLYGON (((8.72625321554163 50.6192979342235,8.72726324106348 50.6195214386897,8.72801291048882 50.619117613924,8.72775254753897 50.6184902877419,8.72674253273716 50.6182667867854,8.7259928701653 50.6186706085014,8.72625321554163 50.6192979342235)))","2177","577","277","854","3031"
"MULTIPOLYGON (((8.67355659901718 50.5540390711649,8.67456522974806 50.5542630262989,8.67531429343533 50.5538591007525,8.67505471951633 50.5532312231111,8.67404609945825 50.5530072714964,8.6732970426465 50.5534111940039,8.67355659901718 50.5540390711649)))","2038","338","138","476","2514"
"MULTIPOLYGON (((8.70259751880794 50.6197575171289,8.70360734803748 50.619981211811,8.70435706477353 50.6195775677574,8.70409694541093 50.6189502320685,8.70308712688936 50.6187265408987,8.70233741702253 50.6191301819055,8.70259751880794 50.6197575171289)))","18553","2353","2353","4706","23259"
"MULTIPOLYGON (((8.61993241357228 50.568348169796,8.62094078923519 50.5685725500756,8.62169010072412 50.568169135095,8.62143102963661 50.5675413428679,8.62042266462318 50.5673169661127,8.6196733600479 50.5677203780603,8.61993241357228 50.568348169796)))","1597","397","397","794","2391"
"MULTIPOLYGON (((8.6843126824459 50.6265296857878,8.68532245258537 50.6267535247893,8.68607227466309 50.6263500692218,8.6858123197188 50.6257227776976,8.68480256027988 50.6254989422101,8.68405274508484 50.6259023947328,8.6843126824459 50.6265296857878)))","1266","366","366","732","1998"
"MULTIPOLYGON (((8.70975532056842 50.5905725453996,8.71076478936951 50.5907961945379,8.7115141801348 50.5903922751228,8.71125409524029 50.5897647096152,8.71024463714187 50.5895410639902,8.70949525323535 50.5899449803595,8.70975532056842 50.5905725453996)))","247397","75997","69997","145994","393391"
"MULTIPOLYGON (((8.65298569025729 50.5973570648383,8.65399476930289 50.5975811677782,8.65474433374028 50.5971777253105,8.65448481223462 50.596550182942,8.65347574386445 50.5963260835212,8.65272618632465 50.5967295229499,8.65298569025729 50.5973570648383)))","3135","535","235","770","3905"
"MULTIPOLYGON (((8.71066801657075 50.5463057127671,8.71167685432881 50.5465293726125,8.71242576919658 50.5461251103335,8.71216583945692 50.5454971912524,8.71115701238846 50.5452735349227,8.71040810437018 50.5456777941585,8.71066801657075 50.5463057127671)))","27050","3150","2050","5200","32250"
"MULTIPOLYGON (((8.66264560043877 50.605200583924,8.66365487591534 50.6054246059914,8.66440450744179 50.6050211507091,8.66414485659903 50.6043936764002,8.66313559180528 50.6041696578504,8.66238596717162 50.604573110092,8.66264560043877 50.605200583924)))","45600","5100","3800","8900","54500"
"MULTIPOLYGON (((8.63526180887786 50.5677671478501,8.63627030821392 50.5679914052163,8.63701958656971 50.5675878708969,8.63676035868614 50.5669600822464,8.63575187000733 50.5667358284029,8.63500259855496 50.5671393596873,8.63526180887786 50.5677671478501)))","439344","274344","154744","429088","868432"
"MULTIPOLYGON (((8.71570723951103 50.6027189034513,8.71671693487834 50.6029424996864,8.71746644528084 50.6025386279461,8.71720625345893 50.601911163018,8.71619656880109 50.6016875702948,8.71544706525583 50.6020914389878,8.71570723951103 50.6027189034513)))","321039","129339","106439","235778","556817"
"MULTIPOLYGON (((8.67130937587464 50.5552507781562,8.67231800476933 50.5554747508665,8.67306708541489 50.555070851356,8.67280753028864 50.554442982174,8.67179891206597 50.5542190129831,8.67104983829763 50.5546229094549,8.67130937587464 50.5552507781562)))","3011","611","111","722","3733"
"MULTIPOLYGON (((8.64534511153883 50.6099064507751,8.64635430613998 50.6101306100097,8.64710401876026 50.6097273201663,8.64684452987441 50.6090998741274,8.64583534594857 50.608875718412,8.64508564023341 50.6092790052165,8.64534511153883 50.6099064507751)))","613","213","213","426","1039"
"MULTIPOLYGON (((8.61531593135763 50.5815732050946,8.61632445804489 50.5817976171409,8.61707391941635 50.5813943371951,8.61681484718137 50.5807666482364,8.61580633114521 50.5805422397142,8.61505687669306 50.5809455166267,8.61531593135763 50.5815732050946)))","1848","148","0","148","1996"
"MULTIPOLYGON (((8.64425276917637 50.5629242334093,8.64526127605616 50.5631484204817,8.64601048669286 50.5627447819997,8.6457511835534 50.5621169594811,8.64474268733401 50.5618927759307,8.64399348359384 50.562296411377,8.64425276917637 50.5629242334093)))","79671","4671","3771","8442","88113"
"MULTIPOLYGON (((8.67444579574608 50.6226328129167,8.67545542471039 50.6228567329073,8.6762052224764 50.6224533216624,8.67594538438978 50.6218259934703,8.67493576611967 50.6216020769949,8.6741859752421 50.6220054851965,8.67444579574608 50.6226328129167)))","54168","35268","20568","55836","110004"
"MULTIPOLYGON (((8.72090203631758 50.577652045358,8.72191141410552 50.5778756101068,8.72266064640401 50.577471509076,8.72240049406581 50.5768438463428,8.7213911269824 50.5766202851067,8.72064190153278 50.5770243830911,8.72090203631758 50.577652045358)))","1419","819","119","938","2357"
"MULTIPOLYGON (((8.65318728004567 50.5934123936378,8.65419630384924 50.5936364965652,8.65494582560751 50.5932330226209,8.65468631666565 50.5926054487881,8.65367730353639 50.5923813493801,8.65292778867479 50.5927848202855,8.65318728004567 50.5934123936378)))","342727","184727","110727","295454","638181"
"MULTIPOLYGON (((8.71755968081615 50.6093970926708,8.71856948861052 50.6096206712324,8.71931906735532 50.6092168363532,8.71905883144857 50.6085894259605,8.71804903436671 50.6083658509102,8.7172994624792 50.6087696827414,8.71755968081615 50.6093970926708)))","480661","143961","131861","275822","756483"
"MULTIPOLYGON (((8.66935109948486 50.5593776440656,8.67035977106835 50.5596016308538,8.67110889938455 50.5591977773392,8.67084934923809 50.5585699400751,8.66984068832691 50.5583459568063,8.66909156688999 50.5587498072822,8.66935109948486 50.5593776440656)))","929","229","229","458","1387"
"MULTIPOLYGON (((8.68050374830247 50.6239762096458,8.68151344877205 50.6242000803486,8.68226325019977 50.6237966339149,8.6820033442734 50.6231693198227,8.68099365450166 50.6229454526343,8.68024385995857 50.6233488960238,8.68050374830247 50.6239762096458)))","195832","142632","84132","226764","422596"
"MULTIPOLYGON (((8.72606502055953 50.6055819316838,8.72707484612623 50.6058054433656,8.72782436867577 50.6054015157865,8.72756405880783 50.6047740795747,8.72655424395686 50.6045505714036,8.72580472825826 50.6049544959338,8.72606502055953 50.6055819316838)))","7977","377","177","554","8531"
"MULTIPOLYGON (((8.72481439310545 50.5693974178878,8.72582368525924 50.5696209545343,8.72657282209435 50.5692167615316,8.72631265993112 50.5685890349287,8.72530337848129 50.568365501795,8.72455424849084 50.5687696917514,8.72481439310545 50.5693974178878)))","1175","275","275","550","1725"
"MULTIPOLYGON (((8.67778598382795 50.6085600530308,8.67879543803658 50.6087839519581,8.67954507876778 50.6083804087306,8.67928525840709 50.6077529696186,8.67827581489015 50.607529074207,8.67752618104237 50.6079326143916,8.67778598382795 50.6085600530308)))","10145","745","745","1490","11635"
"MULTIPOLYGON (((8.72008887612232 50.6287575404239,8.72109898564014 50.6289810905709,8.72184876771181 50.6285773838828,8.72158843340638 50.6279501300972,8.7205783346083 50.6277265834601,8.71982855939604 50.6281302870987,8.72008887612232 50.6287575404239)))","772","172","172","344","1116"
"MULTIPOLYGON (((8.66563472969003 50.563683976359,8.66664343144556 50.5639079912831,8.667392612474 50.5635041983059,8.66713308486443 50.5628763934433,8.66612439378061 50.5626523820388,8.66537521963476 50.5630561719774,8.66563472969003 50.563683976359)))","1272","172","0","172","1444"
"MULTIPOLYGON (((8.73369390826111 50.5930237260617,8.73470361770606 50.5932471815306,8.73545299184309 50.592843101414,8.73519264969188 50.5922155688776,8.73418295096273 50.5919921169192,8.73343358366913 50.5923961939868,8.73369390826111 50.5930237260617)))","191953","102253","99653","201906","393859"
"MULTIPOLYGON (((8.68624040998625 50.5625565072825,8.68724927251736 50.562780357,8.68799840492263 50.5623764010521,8.68773866792812 50.561748598428,8.68672981607897 50.5615247522281,8.6859806905425 50.5619287051348,8.68624040998625 50.5625565072825)))","26743","4843","2543","7386","34129"
"MULTIPOLYGON (((8.6656734626232 50.6058726255035,8.66668277385364 50.6060966229478,8.66743240723008 50.6056931500778,8.66717272248533 50.6050656828048,8.66616342193947 50.6048416888777,8.66541379545391 50.6052451587065,8.6656734626232 50.6058726255035)))","2438","438","438","876","3314"
"MULTIPOLYGON (((8.70216974239557 50.5501240730494,8.70317856232671 50.5503477997001,8.70392753323393 50.5499436300557,8.70366767735432 50.549315736803,8.70265886810957 50.5490920136687,8.7019099040582 50.5494961802707,8.70216974239557 50.5501240730494)))","855","555","555","1110","1965"
"MULTIPOLYGON (((8.64693146633554 50.5960122749403,8.64794047384998 50.5962364270956,8.64869003454552 50.5958330197941,8.64843058082541 50.5952054633755,8.64742158398286 50.59498131474,8.64667203018863 50.5953847190034,8.64693146633554 50.5960122749403)))","6039","239","0","239","6278"
"MULTIPOLYGON (((8.65287092955456 50.6081589641908,8.65388016368358 50.6083830636381,8.65462984425553 50.607979704101,8.65437028379877 50.6073522481563,8.65336106034842 50.6071281522275,8.65261138667628 50.6075315087249,8.65287092955456 50.6081589641908)))","207358","143058","94958","238016","445374"
"MULTIPOLYGON (((8.69551975211845 50.5606238599686,8.69652866642999 50.5608476358486,8.69727776162366 50.5604435957056,8.69701793564363 50.5598157827249,8.69600903201829 50.5595920103615,8.69525994368689 50.5599960474623,8.69551975211845 50.5606238599686)))","2105","405","205","610","2715"
"MULTIPOLYGON (((8.65433692106098 50.5452071002192,8.65534525924638 50.5454312133677,8.65609426234661 50.5450273648432,8.65583492037513 50.5443994062062,8.65482659284996 50.5441752965796,8.65407759663614 50.5445791420681,8.65433692106098 50.5452071002192)))","7448","648","648","1296","8744"
"MULTIPOLYGON (((8.70995374623975 50.586626804552,8.7109631597484 50.5868504537145,8.71171250784869 50.5864465028467,8.71145243558261 50.585818905862,8.71044303277551 50.5855952602129,8.70969369153309 50.5859992080351,8.70995374623975 50.586626804552)))","647797","242197","193497","435694","1083491"
"MULTIPOLYGON (((8.70255183467524 50.5599026312859,8.70356079892424 50.560126350902,8.70430987386018 50.5597222526008,8.70404997768974 50.5590944377265,8.70304102413033 50.5588707216261,8.70229195605189 50.5592748168844,8.70255183467524 50.5599026312859)))","432","532","232","764","1196"
"MULTIPOLYGON (((8.61707391941635 50.5813943371951,8.61808245867747 50.5816187351919,8.61883191505148 50.5812154407061,8.6185728252464 50.580587751257,8.61756429663726 50.5803633567841,8.61681484718137 50.5807666482364,8.61707391941635 50.5813943371951)))","3018","418","118","536","3554"
"MULTIPOLYGON (((8.67865103699384 50.5397722555757,8.67965950581452 50.5399961754927,8.68040840773226 50.5395921035221,8.68014883396014 50.5389641146733,8.67914037581054 50.538740198276,8.67839148076211 50.5391442672078,8.67865103699384 50.5397722555757)))","3290","190","190","380","3670"
"MULTIPOLYGON (((8.65802619041324 50.5585727267881,8.65903475302623 50.5587968049265,8.65978389274901 50.5583930301775,8.65952446297235 50.5577651803275,8.65851591102555 50.5575411057098,8.65776677818936 50.5579448774215,8.65802619041324 50.5585727267881)))","2808","708","708","1416","4224"
"MULTIPOLYGON (((8.71513707864484 50.5792251782182,8.71614642971985 50.5794487887105,8.71689568920141 50.5790447428083,8.71663559075512 50.5784170894598,8.71562625038211 50.5781934824809,8.7148769977535 50.5785975253372,8.71513707864484 50.5792251782182)))","651","2551","1151","3702","4353"
"MULTIPOLYGON (((8.73897733320425 50.5748134841913,8.73998682487814 50.5750369046344,8.74073599431267 50.5746326466694,8.74047566523706 50.5740049713098,8.73946618427612 50.5737815543777,8.73871702167796 50.5741858092942,8.73897733320425 50.5748134841913)))","1049","349","0","349","1398"
"MULTIPOLYGON (((8.70281172193363 50.5981526141118,8.70382124067064 50.5983763160007,8.70457072514572 50.5979725061817,8.70431068401909 50.5973449975193,8.70330117598352 50.5971212991439,8.70255169837326 50.5975251059174,8.70281172193363 50.5981526141118)))","7095","595","395","990","8085"
"MULTIPOLYGON (((8.65044861027701 50.595653736041,8.65145764288525 50.5958778600704,8.65220719352681 50.5954744236805,8.6519477046613 50.5948468663,8.65093868272667 50.59462274579,8.65018913898406 50.5950261791412,8.65044861027701 50.595653736041)))","665061","3961","3861","7822","672883"
"MULTIPOLYGON (((8.66351243906782 50.613940061462,8.66452184831686 50.614164072971,8.6652715721272 50.6137606776018,8.66501187979473 50.6131332737651,8.66400248123162 50.6129092657731,8.66325276431516 50.6133126581008,8.66351243906782 50.613940061462)))","330164","201864","114864","316728","646892"
"MULTIPOLYGON (((8.67560355057118 50.5567744739913,8.67661223833711 50.5569984115674,8.67736132769164 50.5565944914407,8.67710172240572 50.5559666367775,8.6760930453145 50.5557427027204,8.67534396283463 50.5561466198076,8.67560355057118 50.5567744739913)))","70946","10546","9246","19792","90738"
"MULTIPOLYGON (((8.68529242492737 50.6244681791336,8.68630217366579 50.6246920111072,8.68705197185622 50.6242885325271,8.68679201442678 50.6236612250184,8.6857822763888 50.6234373965587,8.68503248507997 50.6238408720939,8.68529242492737 50.6244681791336)))","223196","158396","87696","246092","469288"
"MULTIPOLYGON (((8.71609154110878 50.6124907010008,8.71710138104101 50.6127142900962,8.71785099561959 50.6123104897221,8.7175907634072 50.6116831033006,8.71658093418765 50.6114595177165,8.71583132646796 50.6118633150426,8.71609154110878 50.6124907010008)))","682311","146311","141311","287622","969933"
"MULTIPOLYGON (((8.66936832814012 50.619227671342,8.6703778642029 50.6194516335785,8.67112763441125 50.6190482345057,8.67086786166584 50.6184208762389,8.66985833629366 50.6181969175184,8.6691085729764 50.6186003135487,8.66936832814012 50.619227671342)))","282395","222995","206095","429090","711485"
"MULTIPOLYGON (((8.68375297840405 50.6030454965577,8.6847624041881 50.6032693497576,8.68551197512741 50.6028657199147,8.68525211340441 50.6022382399152,8.68424269831344 50.6020143902307,8.6834931342525 50.6024180170303,8.68375297840405 50.6030454965577)))","19560","3160","1360","4520","24080"
"MULTIPOLYGON (((8.7241278109967 50.5743761248492,8.72513716913681 50.5745996649827,8.72588636054761 50.5741955149179,8.72562618697232 50.5735678277663,8.72461683953736 50.5733442911454,8.72386765497267 50.5737484381635,8.7241278109967 50.5743761248492)))","16331","931","631","1562","17893"
"MULTIPOLYGON (((8.66915050273826 50.563324391656,8.67015922952739 50.5635483784638,8.67090840047953 50.5631445564088,8.67064883776241 50.5625167505852,8.66964012164665 50.5622927672968,8.66889095757476 50.5626965863127,8.66915050273826 50.563324391656)))","2501","301","101","402","2903"
"MULTIPOLYGON (((8.64491472387328 50.575614211738,8.6459234195317 50.5758383883767,8.64667276500997 50.5754348412733,8.64641340793136 50.5748071205679,8.64540472293757 50.5745829474504,8.6446553843579 50.5749864915172,8.64491472387328 50.575614211738)))","454697","247197","146997","394194","848891"
"MULTIPOLYGON (((8.65531625147869 50.5431434734646,8.65632456834375 50.5433675795692,8.65707354762334 50.5429637080474,8.65681420315267 50.542335733457,8.65580589694773 50.5421116308744,8.65505692455348 50.5425154993602,8.65531625147869 50.5431434734646)))","7194","694","494","1188","8382"
"MULTIPOLYGON (((8.65724796879494 50.5566891632135,8.65825649755211 50.5569132483639,8.65900561847316 50.5565094651521,8.65874620375038 50.5558815998271,8.65773768565843 50.5556575181976,8.65698857162415 50.5560612983724,8.65724796879494 50.5566891632135)))","4176","676","276","952","5128"
"MULTIPOLYGON (((8.7127165985166 50.5490409860524,8.71372549328116 50.5492646283132,8.71447443376844 50.5488603714414,8.71421447264261 50.5482324753525,8.71320558856954 50.548008836607,8.71245665493092 50.5484130904352,8.7127165985166 50.5490409860524)))","39102","2602","2102","4704","43806"
"MULTIPOLYGON (((8.65160217577317 50.6073073987286,8.65261138667628 50.6075315087249,8.65336106034842 50.6071281522275,8.65310151621712 50.6065006887733,8.65209231599174 50.6062765822956,8.65134264922006 50.6066799357535,8.65160217577317 50.6073073987286)))","634776","193076","158976","352052","986828"
"MULTIPOLYGON (((8.71255982142894 50.6305087575432,8.71356989169673 50.6307323675687,8.71431970607587 50.6303287305976,8.71405944332264 50.6297014866498,8.71304938377126 50.6294778801349,8.71229957625685 50.6298815140573,8.71255982142894 50.6305087575432)))","119666","66366","38466","104832","224498"
"MULTIPOLYGON (((8.64454072093232 50.5658390826147,8.64554927233479 50.5660632662007,8.64629851369842 50.5656596476868,8.64603919676276 50.565031848623,8.64503065602174 50.5648076685587,8.64428142155504 50.5652112840366,8.64454072093232 50.5658390826147)))","106520","4320","3920","8240","114760"
"MULTIPOLYGON (((8.67940854446084 50.5593297726476,8.68041730176973 50.5595536786017,8.68116641174428 50.5591497493556,8.68090675753738 50.5585219171955,8.67989801090595 50.5582980147598,8.67914890780406 50.5587019409658,8.67940854446084 50.5593297726476)))","634531","228631","191931","420562","1055093"
"MULTIPOLYGON (((8.72078702051315 50.60612300756,8.72179680865036 50.6063465615019,8.72254634647496 50.6059426775701,8.72228608930799 50.6053152427448,8.72127631188394 50.6050916923141,8.72052678091385 50.6054955731976,8.72078702051315 50.60612300756)))","7913","413","313","726","8639"
"MULTIPOLYGON (((8.66047466183237 50.553414426606,8.66148317111504 50.5536384871405,8.66223225126204 50.5532346548928,8.66197281524255 50.5526067651479,8.66096431662579 50.5523827081341,8.66021524336272 50.5527865373446,8.66047466183237 50.553414426606)))","520112","285412","256112","541524","1061636"
"MULTIPOLYGON (((8.63690241630001 50.578393757557,8.63791108309312 50.5786179974587,8.63866047248002 50.5782145315245,8.63840118816949 50.5775868287243,8.6373925320377 50.5773625923445,8.63664314955525 50.5777660552429,8.63690241630001 50.578393757557)))","3156","356","356","712","3868"
"MULTIPOLYGON (((8.71316758617814 50.601016742817,8.7141772351603 50.601240360194,8.7149267318477 50.6008364945481,8.7146665726945 50.6002090145722,8.71365693442002 50.5999854007075,8.71290744459119 50.6003892633064,8.71316758617814 50.601016742817)))","281674","103274","99774","203048","484722"
"MULTIPOLYGON (((8.71628967788095 50.6085460936053,8.7172994624792 50.6087696827414,8.71804903436671 50.6083658509102,8.71778881479809 50.6077384329907,8.71677904091142 50.6075148473661,8.71602947588191 50.6079186761496,8.71628967788095 50.6085460936053)))","380639","123239","110439","233678","614317"
"MULTIPOLYGON (((8.69565050634502 50.6273334074283,8.69666038551208 50.6275571548688,8.69741019601489 50.6271536204515,8.69715012047543 50.6265263416401,8.69614025201507 50.6263025977123,8.69539044838756 50.6267061290833,8.69565050634502 50.6273334074283)))","21211","1811","911","2722","23933"
"MULTIPOLYGON (((8.65503288045522 50.6000912743186,8.65604201661533 50.6003153596844,8.6567916067752 50.5999119226435,8.65653205387824 50.5992844032763,8.65552292839544 50.5990603214291,8.65477334513237 50.5994637554306,8.65503288045522 50.6000912743186)))","75201","9101","7501","16602","91803"
"MULTIPOLYGON (((8.6310199996132 50.5907662200067,8.63202879434689 50.5909905021708,8.63277832677613 50.5905871743024,8.63251905756101 50.5899595673057,8.63151027348937 50.5897352886635,8.63076074797092 50.5901386134961,8.6310199996132 50.5907662200067)))","102270","18570","10370","28940","131210"
"MULTIPOLYGON (((8.65062067822729 50.5495137667218,8.65162904652666 50.5497379080075,8.65237810229391 50.5493341200153,8.65211878287223 50.5487061937731,8.65111042523245 50.5484820560095,8.6503613763549 50.548885840966,8.65062067822729 50.5495137667218)))","904","304","204","508","1412"
"MULTIPOLYGON (((8.65560459996794 50.5460591640277,8.65661296133672 50.5462832666488,8.6573619713227 50.5458794150881,8.65710261305425 50.5452514639425,8.65609426234661 50.5450273648432,8.65534525924638 50.5454312133677,8.65560459996794 50.5460591640277)))","6308","1208","1108","2316","8624"
"MULTIPOLYGON (((8.67798623203146 50.604615696535,8.67899563095358 50.6048395954736,8.67974522899453 50.6044360207754,8.67948542123093 50.6038085501816,8.67847603299938 50.603584654759,8.67772644184097 50.6039882264144,8.67798623203146 50.604615696535)))","23454","7954","6954","14908","38362"
"MULTIPOLYGON (((8.7245229560465 50.5664822839385,8.72553220362808 50.5667058241216,8.72628130975635 50.566301611174,8.72602116145887 50.5656738610894,8.7250119245802 50.5654503244193,8.72426282529621 50.5658545343208,8.7245229560465 50.5664822839385)))","1212","112","112","224","1436"
"MULTIPOLYGON (((8.64531864916471 50.5677224473983,8.64632723443126 50.5679466239748,8.64707649460761 50.567543013927,8.64681716262069 50.5669152303389,8.64580858801657 50.5666910572841,8.64505933473703 50.5670946642956,8.64531864916471 50.5677224473983)))","442824","110624","106024","216648","659472"
"MULTIPOLYGON (((8.69871285330433 50.5926849378173,8.69972225786308 50.5929086749316,8.70047169100428 50.5925048542906,8.70021171272034 50.5918772995801,8.69920231885921 50.5916535659802,8.69845289258451 50.5920573835766,8.69871285330433 50.5926849378173)))","5020","920","520","1440","6460"
"MULTIPOLYGON (((8.71641837876568 50.562406177507,8.71742749805812 50.5626297845611,8.71817657503843 50.5622256013829,8.71791652587758 50.5615978141956,8.71690741728266 50.5613742106556,8.71615834715119 50.5617783907889,8.71641837876568 50.562406177507)))","4559","159","159","318","4877"
"MULTIPOLYGON (((8.6557243825681 50.5951157131358,8.65673345280346 50.5953397949731,8.65748298835306 50.5949363149505,8.65722344677207 50.5943087561299,8.65621438721287 50.5940846778115,8.65546485855859 50.5944881547948,8.6557243825681 50.5951157131358)))","598319","206119","135319","341438","939757"
"MULTIPOLYGON (((8.69536008952641 50.6244207231802,8.6963699240636 50.6246444741675,8.6971197038001 50.6242409197858,8.69685964212461 50.6236136174628,8.69584981829306 50.6233898699884,8.69510004543147 50.623793421324,8.69536008952641 50.6244207231802)))","211951","186851","111551","298402","510353"
"MULTIPOLYGON (((8.71736161202157 50.613341668527,8.71837147515262 50.6135652470466,8.71912109658943 50.6131614436243,8.71886084803705 50.6125340647306,8.71785099561959 50.6123104897221,8.71710138104101 50.6127142900962,8.71736161202157 50.613341668527)))","225103","93903","77203","171106","396209"
"MULTIPOLYGON (((8.72733515476586 50.6064328715877,8.72834500352203 50.6066563726922,8.72909453292184 50.6062524420642,8.72883420671533 50.6056250133807,8.72782436867577 50.6054015157865,8.72707484612623 50.6058054433656,8.72733515476586 50.6064328715877)))","4081","381","281","662","4743"
"MULTIPOLYGON (((8.63779730031466 50.5694712059003,8.63880584606535 50.5696954422092,8.63955513822602 50.5692919018193,8.63929587773403 50.5686641281559,8.63828734264242 50.5684398953695,8.63753805738384 50.568843432724,8.63779730031466 50.5694712059003)))","10510","3510","1510","5020","15530"
"MULTIPOLYGON (((8.65990663342478 50.607441752141,8.66091591772811 50.6076657953133,8.66166557815912 50.6072623775893,8.66140594739192 50.6066349197337,8.66039667377066 50.6064108800792,8.65964702023468 50.6068142947626,8.65990663342478 50.607441752141)))","4577","1277","877","2154","6731"
"MULTIPOLYGON (((8.73819006439261 50.5905991503306,8.7391997773225 50.5908225706072,8.73994911737588 50.5904184384014,8.73968873765957 50.5897908889684,8.73867903544709 50.589567472202,8.73792970223366 50.5899716013584,8.73819006439261 50.5905991503306)))","652","152","152","304","956"
"MULTIPOLYGON (((8.68662031038911 50.572333032396,8.68762931725441 50.5725568750908,8.6883785537363 50.5721529905104,8.6881187764825 50.571525266277,8.68710978030235 50.571301427099,8.68636055069094 50.5717053086377,8.68662031038911 50.572333032396)))","712110","133910","128510","262420","974530"
"MULTIPOLYGON (((8.72684592768283 50.6074642078985,8.72785578715573 50.6076877125135,8.72860532850065 50.6072837933858,8.72834500352203 50.6066563726922,8.72733515476586 50.6064328715877,8.72658562027169 50.6068367876664,8.72684592768283 50.6074642078985)))","478","278","278","556","1034"
"MULTIPOLYGON (((8.64638468154755 50.5725203604192,8.64739334521231 50.5727445264943,8.64814265493424 50.5723409448813,8.6478832940945 50.5717132002301,8.64687464109418 50.5714890376762,8.6461253382693 50.5718926162525,8.64638468154755 50.5725203604192)))","29391","5491","2691","8182","37573"
"MULTIPOLYGON (((8.64102515797145 50.5661978666988,8.64203368428985 50.5664220783891,8.64278293568891 50.5660184889519,8.64252365387033 50.56539069086,8.64151513821166 50.5651664826918,8.64076589371193 50.5655700690935,8.64102515797145 50.5661978666988)))","8124","1124","824","1948","10072"
"MULTIPOLYGON (((8.70206263206094 50.5609345214681,8.70307160699962 50.5611582446001,8.70382069386022 50.5607541577955,8.70356079892424 50.560126350902,8.70255183467524 50.5599026312859,8.70180275467265 50.5603067150475,8.70206263206094 50.5609345214681)))","16378","178","178","356","16734"
"MULTIPOLYGON (((8.65445581153909 50.5942640624121,8.65546485855859 50.5944881547948,8.65621438721287 50.5940846778115,8.65595486195175 50.5934571114845,8.65494582560751 50.5932330226209,8.65419630384924 50.5936364965652,8.65445581153909 50.5942640624121)))","391574","217674","118674","336348","727922"
"MULTIPOLYGON (((8.6549135748735 50.551038193968,8.6559220020744 50.5512623001472,8.656671066594 50.5508584915467,8.65641169702565 50.5502305798035,8.65540328048705 50.5500064771459,8.65465422285463 50.55041028271,8.6549135748735 50.551038193968)))","26927","13427","13027","26454","53381"
"MULTIPOLYGON (((8.65932908215919 50.6016150709035,8.6603382772976 50.6018391211056,8.66108787621291 50.6014356634394,8.66082827309564 50.6008081586113,8.6598190886372 50.6005841119273,8.65906949661616 50.6009875665534,8.65932908215919 50.6016150709035)))","56652","2452","1652","4104","60756"
"MULTIPOLYGON (((8.6456927725288 50.5774973414401,8.64670150206079 50.5777215110649,8.64745086635686 50.5773179724281,8.64719149422257 50.5766902672035,8.64618277535618 50.5764661010997,8.64543341795859 50.5768696366996,8.6456927725288 50.5774973414401)))","356367","187767","113067","300834","657201"
"MULTIPOLYGON (((8.68875880964976 50.5819282752571,8.68976797339366 50.5821520968443,8.69051730892285 50.5817482690945,8.69025747383729 50.5811206228002,8.68924832078257 50.580896804729,8.68849899212435 50.5813006294362,8.68875880964976 50.5819282752571)))","13878","778","178","956","14834"
"MULTIPOLYGON (((8.70825945945799 50.628986982295,8.70926947080175 50.6292106275701,8.7100192765337 50.628807011249,8.70975906405464 50.6281797527009,8.70874906342456 50.6279561109369,8.70799926455997 50.62835972421,8.70825945945799 50.628986982295)))","88276","156876","84676","241552","329828"
"MULTIPOLYGON (((8.65915413834276 50.5878980565703,8.66016313384631 50.5881221137753,8.66091258590742 50.5877185532223,8.66065303557341 50.5870909385036,8.65964405074557 50.5868668848174,8.6588946055761 50.5872704423312,8.65915413834276 50.5878980565703)))","124488","31388","24288","55676","180164"
"MULTIPOLYGON (((8.61511227873146 50.5855180639426,8.61612086060107 50.5857424760349,8.61687036464099 50.5853392275765,8.61661127989119 50.5847115700594,8.6156027086738 50.584487161491,8.61485321155409 50.5848904069159,8.61511227873146 50.5855180639426)))","116753","12053","4653","16706","133459"
"MULTIPOLYGON (((8.66780987258272 50.6154634470463,8.66881934081707 50.6156874233682,8.66956907336794 50.6152840073669,8.66930933079325 50.6146566180858,8.66829987324754 50.6144326452803,8.66755014758803 50.6148360582395,8.66780987258272 50.6154634470463)))","14074","4274","3274","7548","21622"
"MULTIPOLYGON (((8.64750938673521 50.5419783173743,8.64851761965892 50.5422024866706,8.64926660022844 50.5417986648229,8.64900734098413 50.5411706767137,8.64799911871611 50.5409465109402,8.64725014503686 50.5413503297531,8.64750938673521 50.5419783173743)))","22480","1680","880","2560","25040"
"MULTIPOLYGON (((8.64618277535618 50.5764661010997,8.64719149422257 50.5766902672035,8.64794084659882 50.5762867170632,8.64768147321083 50.575659003856,8.64667276500997 50.5754348412733,8.6459234195317 50.5758383883767,8.64618277535618 50.5764661010997)))","354782","188582","113382","301964","656746"
"MULTIPOLYGON (((8.67493576611967 50.6216020769949,8.67594538438978 50.6218259934703,8.67669517021516 50.6214225707186,8.67643533088271 50.6207952345351,8.67542572330681 50.6205713215749,8.6746759443693 50.6209747412832,8.67493576611967 50.6216020769949)))","136224","92424","57624","150048","286272"
"MULTIPOLYGON (((8.61923876065712 50.5733249363746,8.62024720213712 50.5735493202282,8.62099656819141 50.5731459482343,8.62073748585069 50.5725181954201,8.61972905502132 50.5722938150907,8.61897969588215 50.5726971840513,8.61923876065712 50.5733249363746)))","354","154","0","154","508"
"MULTIPOLYGON (((8.66868477746417 50.5466841523594,8.66969326028911 50.5469081496109,8.67044225384992 50.5465042047632,8.67018275770864 50.5458762657019,8.66917428555177 50.5456522719707,8.66842529886822 50.5460562137806,8.66868477746417 50.5466841523594)))","633","933","0","933","1566"
"MULTIPOLYGON (((8.69555940925503 50.6204770282609,8.69656918846164 50.6207007792805,8.69731892549031 50.62029719343,8.69705887643845 50.6196698596059,8.69604910793635 50.6194461120993,8.69529937778173 50.6198496949039,8.69555940925503 50.6204770282609)))","1455","155","155","310","1765"
"MULTIPOLYGON (((8.66036112625252 50.564223138942,8.6613697904441 50.5644471960374,8.66211898657605 50.5640434466766,8.66185951163036 50.5634156432583,8.66085085810792 50.5631915896831,8.66010166886216 50.563595336006,8.66036112625252 50.564223138942)))","54249","7049","5049","12098","66347"
"MULTIPOLYGON (((8.62799368698934 50.5900933243341,8.62900244593401 50.5903176310881,8.62975197646188 50.5899143207977,8.62949274113253 50.5892867067889,8.62848399284815 50.5890624035571,8.62773446923293 50.589465710812,8.62799368698934 50.5900933243341)))","9177","377","177","554","9731"
"MULTIPOLYGON (((8.61535331535998 50.5639081100924,8.61636158751712 50.5641325289291,8.61711085943765 50.5637291145748,8.61685185228536 50.5631012844161,8.61584359077401 50.5628768691045,8.61509432576925 50.5632802804266,8.61535331535998 50.5639081100924)))","9455","1455","955","2410","11865"
"MULTIPOLYGON (((8.65650298473398 50.5969983571732,8.65751208886234 50.5972224319831,8.6582616432351 50.596818960426,8.65800208658445 50.5961914170987,8.65699299313322 50.5959673458076,8.65624344565563 50.5963708143251,8.65650298473398 50.5969983571732)))","407267","216067","125367","341434","748701"
"MULTIPOLYGON (((8.66534587493246 50.5607689294737,8.66635453215615 50.5609929478958,8.66710368246565 50.5605891349572,8.66684416866931 50.5599613066349,8.66583552211626 50.5597372917325,8.665086378689 50.5601411016328,8.66534587493246 50.5607689294737)))","1451","151","0","151","1602"
"MULTIPOLYGON (((8.66056221218903 50.5602765487757,8.66157082118299 50.5605006058458,8.66231997467699 50.5600968250216,8.66206051229189 50.559468990165,8.66105191396597 50.5592449366152,8.66030276735722 50.5596487144017,8.66056221218903 50.5602765487757)))","434911","119611","113011","232622","667533"
"MULTIPOLYGON (((8.68893957938277 50.5956474611871,8.6899489428245 50.5958712757056,8.69069842515959 50.5954675507963,8.69043853717955 50.5948400144122,8.68942918443132 50.594616203409,8.68867970896974 50.5950199252747,8.68893957938277 50.5956474611871)))","16250","850","750","1600","17850"
"MULTIPOLYGON (((8.72706178483448 50.5681848304302,8.72807107874466 50.568408349488,8.72882019855947 50.5680041304473,8.7285600176213 50.5673763953956,8.72755073441588 50.5671528798504,8.72680162144401 50.5675570958445,8.72706178483448 50.5681848304302)))","733","133","0","133","866"
"MULTIPOLYGON (((8.60910000292485 50.5665072585049,8.61010825865539 50.5667317265226,8.61085756937028 50.5663283787888,8.6105986174343 50.5657005660691,8.60959037234707 50.5654761015771,8.6088410685526 50.5658794462792,8.60910000292485 50.5665072585049)))","9706","2006","1506","3512","13218"
"MULTIPOLYGON (((8.73428516075591 50.5811853728405,8.73529470425279 50.5814088284315,8.73604395040806 50.5810046539861,8.73578364622589 50.5803770269981,8.73477411344149 50.5801535749181,8.7340248741269 50.5805577463152,8.73428516075591 50.5811853728405)))","9378","178","0","178","9556"
"MULTIPOLYGON (((8.6877085887786 50.5594611836827,8.68871741926398 50.5596850228478,8.68946651590321 50.559281032406,8.68920677518999 50.5586532058402,8.68819795538641 50.5584293701926,8.6874488656144 50.5588333575934,8.6877085887786 50.5594611836827)))","1247","547","0","547","1794"
"MULTIPOLYGON (((8.69106087160931 50.6228983257808,8.69207064719943 50.6231221119933,8.69282041825291 50.6227185782546,8.69256040683892 50.6220912613488,8.69155064195172 50.6218674786496,8.69080087777572 50.6222710093429,8.69106087160931 50.6228983257808)))","12699","699","299","998","13697"
"MULTIPOLYGON (((8.69594094784963 50.6302459776618,8.69695087165045 50.6304697215538,8.69770071292202 50.6300662071014,8.69744062351721 50.6294389518036,8.6964307104241 50.6292152114241,8.6956808760282 50.6296187228299,8.69594094784963 50.6302459776618)))","5198","398","398","796","5994"
"MULTIPOLYGON (((8.69912714000652 50.5671254535166,8.70013617908439 50.5673491977433,8.70088533749838 50.566945179922,8.70062544997344 50.5663174209171,8.69961642158559 50.5660936802061,8.69886727003279 50.5664976949845,8.69912714000652 50.5671254535166)))","713094","221594","210794","432388","1145482"
"MULTIPOLYGON (((8.71304938377126 50.6294778801349,8.71405944332264 50.6297014866498,8.71480924575142 50.6292978381743,8.71454898176473 50.6286705862326,8.71353893292967 50.6284469832284,8.71278913736512 50.6288506286552,8.71304938377126 50.6294778801349)))","241790","116490","97090","213580","455370"
"MULTIPOLYGON (((8.69360048269467 50.6246004979387,8.69461030472001 50.6248242630105,8.69536008952641 50.6244207231802,8.69510004543147 50.623793421324,8.69409023411093 50.6235696597652,8.69334045618066 50.6239731965497,8.69360048269467 50.6246004979387)))","300224","184824","117524","302348","602572"
"MULTIPOLYGON (((8.70952968204577 50.6298378781247,8.71053971660305 50.6300615128209,8.7112895292016 50.6296578934515,8.71102930037636 50.6290306424342,8.7100192765337 50.628807011249,8.70926947080175 50.6292106275701,8.70952968204577 50.6298378781247)))","98691","140891","77691","218582","317273"
"MULTIPOLYGON (((8.67814017367612 50.5584780244702,8.67914890780406 50.5587019409658,8.67989801090595 50.5582980147598,8.67963837300667 50.557670175098,8.67862964955528 50.557446262121,8.67788055332674 50.5578501852872,8.67814017367612 50.5584780244702)))","714879","258679","246079","504758","1219637"
"MULTIPOLYGON (((8.65646979233467 50.5548055532164,8.65747828723789 50.5550296453775,8.6582273893578 50.5546258537029,8.65796798968769 50.553997972904,8.65695950544873 50.553773884264,8.65621041021572 50.5541776729018,8.65646979233467 50.5548055532164)))","1411","1311","411","1722","3133"
"MULTIPOLYGON (((8.65307255687732 50.6042148909456,8.65408173574737 50.6044389903861,8.65483137362696 50.604035599369,8.65457182573773 50.603408111951,8.65356265754529 50.6031840160292,8.65281302656456 50.6035874040068,8.65307255687732 50.6042148909456)))","318850","169150","128750","297900","616750"
"MULTIPOLYGON (((8.66828356057752 50.5545788108392,8.66929215377831 50.5548028081422,8.67004123258501 50.5543989262077,8.66978171131198 50.5537710500086,8.66877312878143 50.5535470562254,8.66802405685382 50.5539509351216,8.66828356057752 50.5545788108392)))","360952","108252","102052","210304","571256"
"MULTIPOLYGON (((8.71687221524637 50.6143728278389,8.7178820890911 50.6145964098696,8.71863172247354 50.6141926179493,8.71837147515262 50.6135652470466,8.71736161202157 50.613341668527,8.71661198549786 50.6137454573991,8.71687221524637 50.6143728278389)))","333574","133874","101774","235648","569222"
"MULTIPOLYGON (((8.67315587941639 50.5619330381669,8.67416462055684 50.5621569933376,8.67491376950692 50.5617531307054,8.67465417043938 50.561125315942,8.67364543997396 50.5609013642901,8.67289629790115 50.561305223883,8.67315587941639 50.5619330381669)))","1353","453","253","706","2059"
"MULTIPOLYGON (((8.70154220283191 50.5973013934638,8.70255169837326 50.5975251059174,8.70330117598352 50.5971212991439,8.703041151187 50.5964937829619,8.70203166634617 50.5962700740221,8.70128219560143 50.5966738777504,8.70154220283191 50.5973013934638)))","28345","945","845","1790","30135"
"MULTIPOLYGON (((8.71202939926543 50.5540209016102,8.71303835995872 50.5542445473802,8.71378735498897 50.5538403334431,8.71352738247597 50.5532124767799,8.71251843247541 50.552988834525,8.71176944429522 50.5533930454183,8.71202939926543 50.5540209016102)))","2245","145","0","145","2390"
"MULTIPOLYGON (((8.70246014498082 50.5530397363858,8.70346900945083 50.5532634595214,8.70421801105703 50.5528593098254,8.70395814133711 50.5522314400366,8.70294928755452 50.5520077204173,8.70220029280454 50.5524118670707,8.70246014498082 50.5530397363858)))","2005","505","105","610","2615"
"MULTIPOLYGON (((8.61122679750728 50.5761026669408,8.61223520999591 50.5763271140319,8.61298461985952 50.5759238232049,8.61272561031368 50.5752960883193,8.61171720847236 50.575071644753,8.6109678055297 50.5754749325476,8.61122679750728 50.5761026669408)))","995","195","0","195","1190"
"MULTIPOLYGON (((8.65082226099392 50.5455664852207,8.65183057412939 50.5457906264663,8.65257958727567 50.5453868070115,8.65232028039779 50.5447588493468,8.65131197792081 50.5445347116236,8.65056297166332 50.5449385280428,8.65082226099392 50.5455664852207)))","13956","2856","1956","4812","18768"
"MULTIPOLYGON (((8.68531214892289 50.6068102651878,8.68632164251267 50.607034104297,8.68707125108091 50.6066304913743,8.68681135918137 50.6060030423861,8.68580187628663 50.6057792067918,8.68505227459649 50.6061828166708,8.68531214892289 50.6068102651878)))","14460","860","460","1320","15780"
"MULTIPOLYGON (((8.62283823855198 50.5798265364562,8.62384680486924 50.5800508887785,8.62459623432552 50.5796475391661,8.62433709055064 50.5790198402657,8.62332853488785 50.5787954914666,8.62257911234558 50.5791988380449,8.62283823855198 50.5798265364562)))","12524","124","124","248","12772"
"MULTIPOLYGON (((8.6086096203274 50.5675383959475,8.60961788670134 50.5677628674908,8.61036720932577 50.5673595312625,8.61010825865539 50.5667317265226,8.60910000292485 50.5665072585049,8.60835068722135 50.5669105917016,8.6086096203274 50.5675383959475)))","1107","607","507","1114","2221"
"MULTIPOLYGON (((8.67658252689637 50.5547109119717,8.67759119331292 50.5549348425099,8.67834025883107 50.5545308993867,8.67808065105917 50.5539030287648,8.6770719953172 50.5536791017456,8.67632293667266 50.5540830418294,8.67658252689637 50.5547109119717)))","723","123","0","123","846"
"MULTIPOLYGON (((8.65422245395442 50.5560168585931,8.65523094699569 50.5562409683279,8.65598006605662 50.5558372026901,8.65572068518782 50.5552093303543,8.65471220281 50.5549852241409,8.65396309063767 50.555388986742,8.65422245395442 50.5560168585931)))","21127","16027","8327","24354","45481"
"MULTIPOLYGON (((8.61462183560763 50.5865489469036,8.6156304281295 50.5867733625197,8.61637994408655 50.5863701255686,8.61612086060107 50.5857424760349,8.61511227873146 50.5855180639426,8.61436276969516 50.5859212978602,8.61462183560763 50.5865489469036)))","39215","615","415","1030","40245"
"MULTIPOLYGON (((8.67882970465953 50.5534990741437,8.67983837290431 50.5537229871048,8.68058742145901 50.5533190179462,8.68032779489713 50.5526911388661,8.67931913732771 50.5524672294237,8.67857009564493 50.5528711955427,8.67882970465953 50.5534990741437)))","1091","291","0","291","1382"
"MULTIPOLYGON (((8.71959940445376 50.6297884778902,8.72060952469137 50.6300120315471,8.72135931871449 50.6296083363627,8.72109898564014 50.6289810905709,8.72008887612232 50.6287575404239,8.71933908895915 50.6291612325589,8.71959940445376 50.6297884778902)))","3772","1172","372","1544","5316"
"MULTIPOLYGON (((8.65404863087003 50.5422913827294,8.65505692455348 50.5425154993602,8.65580589694773 50.5421116308744,8.6555465687726 50.5414836487936,8.65453828574831 50.5412595356849,8.65378932024011 50.5416634011349,8.65404863087003 50.5422913827294)))","216709","63309","29609","92918","309627"
"MULTIPOLYGON (((8.66956907336794 50.6152840073669,8.67057855413642 50.6155079696144,8.67132828164057 50.6151045390645,8.67106852148619 50.6144771493094,8.67005905140722 50.6142531905782,8.66930933079325 50.6146566180858,8.66956907336794 50.6152840073669)))","11178","1278","1178","2456","13634"
"MULTIPOLYGON (((8.65483137362696 50.604035599369,8.65584056504168 50.6042596847425,8.65659019788863 50.6038562791795,8.6563306324233 50.6032287912828,8.655321451687 50.6030047094277,8.65457182573773 50.603408111951,8.65483137362696 50.604035599369)))","395423","239723","133923","373646","769069"
"MULTIPOLYGON (((8.71540394585326 50.6174661888132,8.71641385183935 50.6176897813771,8.71716352106028 50.617286023964,8.71690327743494 50.6166586770352,8.71589338216268 50.6164350879823,8.71514371980206 50.6168388423473,8.71540394585326 50.6174661888132)))","324805","139505","119005","258510","583315"
"MULTIPOLYGON (((8.60967292082263 50.5723361832328,8.61068126557192 50.5725606443152,8.61143063776951 50.5721573365404,8.61117165829676 50.5715295707154,8.61016332419286 50.5713051131582,8.60941395891647 50.571708417901,8.60967292082263 50.5723361832328)))","1513","213","113","326","1839"
"MULTIPOLYGON (((8.6829242864818 50.5589696974646,8.68393306879399 50.5591935752974,8.68468216867019 50.5587896169741,8.68442247936407 50.5581617838585,8.68341370773105 50.5579379095437,8.68266461472514 50.5583418648266,8.6829242864818 50.5589696974646)))","3695","2295","195","2490","6185"
"MULTIPOLYGON (((8.70992675934562 50.621950520856,8.7109366832001 50.6221741556408,8.71168641037753 50.6217704733427,8.71142620683576 50.6211431593076,8.71041629369364 50.6209195280342,8.70966657338106 50.6213232072845,8.70992675934562 50.621950520856)))","46058","7558","6958","14516","60574"
"MULTIPOLYGON (((8.68459224230176 50.5519269299945,8.68560093736629 50.5521507972607,8.68634995885668 50.5517467729923,8.68609027841488 50.551118884498,8.68508159402825 50.5508950207501,8.68433257940562 50.5512990419783,8.68459224230176 50.5519269299945)))","1545","145","145","290","1835"
"MULTIPOLYGON (((8.63183101213234 50.5749858384083,8.6328395860707 50.5752101204332,8.63358894783581 50.574806666641,8.63332972875554 50.5741789338588,8.63232116547482 50.5739546553565,8.63157181061682 50.5743581061138,8.63183101213234 50.5749858384083)))","20467","3167","2367","5534","26001"
"MULTIPOLYGON (((8.61278085463737 50.5798689650011,8.61378933487279 50.5800933980963,8.61453878240498 50.5796901242169,8.61427974278122 50.5790624202753,8.61327127319506 50.5788379907045,8.61252183258351 50.5792412615511,8.61278085463737 50.5798689650011)))","6259","1559","659","2218","8477"
"MULTIPOLYGON (((8.7121220339151 50.5608838710923,8.71313109440579 50.5611075133293,8.71388016276406 50.560703350781,8.71362016378041 50.5600755490399,8.71261111398455 50.5598519103176,8.71186205247766 50.5602560698217,8.7121220339151 50.5608838710923)))","4333","233","233","466","4799"
"MULTIPOLYGON (((8.68663968430514 50.5546622883606,8.68764843639653 50.5548861380607,8.68839748354016 50.5544821192084,8.68813777172553 50.5538542536966,8.68712903031389 50.5536304075144,8.68637999003725 50.554034423326,8.68663968430514 50.5546622883606)))","1370","170","0","170","1540"
"MULTIPOLYGON (((8.70449365369461 50.5734461926324,8.70550283004533 50.5736698911172,8.70625204661365 50.5732658810734,8.70599207997243 50.572638175589,8.70498291431642 50.5724144806191,8.704233704607 50.5728184876188,8.70449365369461 50.5734461926324)))","490177","173377","165577","338954","829131"
"MULTIPOLYGON (((8.655321451687 50.6030047094277,8.6563306324233 50.6032287912828,8.65708025333966 50.6028253742137,8.65682068662268 50.6021978783294,8.65581151656474 50.6019737999928,8.65506190254557 50.6023772140222,8.655321451687 50.6030047094277)))","532836","278636","159636","438272","971108"
"MULTIPOLYGON (((8.66837188230891 50.5614409601458,8.66938057523713 50.561664953973,8.67012972739023 50.5612611234573,8.66987017973483 50.5606333021532,8.66886149747905 50.5604093118455,8.66811235220629 50.5608131393224,8.66837188230891 50.5614409601458)))","995","295","295","590","1585"
"MULTIPOLYGON (((8.65356265754529 50.6031840160292,8.65457182573773 50.603408111951,8.655321451687 50.6030047094277,8.65506190254557 50.6023772140222,8.65405274503058 50.602153121619,8.65330312597971 50.6025565211028,8.65356265754529 50.6031840160292)))","81059","41759","25759","67518","148577"
"MULTIPOLYGON (((8.65131197792081 50.5445347116236,8.65232028039779 50.5447588493468,8.65306928163417 50.544355018393,8.65280997350539 50.5437270527516,8.65180168168687 50.5435029185507,8.65105268733875 50.5439067464689,8.65131197792081 50.5445347116236)))","593212","285412","247212","532624","1125836"
"MULTIPOLYGON (((8.66759330706102 50.5595574821965,8.66860196613018 50.559781483042,8.66935109948486 50.5593776440656,8.66909156688999 50.5587498072822,8.66808291849226 50.5585258099563,8.6673337920181 50.5589296458942,8.66759330706102 50.5595574821965)))","2481","3081","981","4062","6543"
"MULTIPOLYGON (((8.72189067281884 50.5579168923061,8.72289977424706 50.5581404571614,8.72364879335379 50.5577361989219,8.72338870418808 50.5571083788726,8.72237961345882 50.5568848175311,8.72163060119644 50.5572890727253,8.72189067281884 50.5579168923061)))","348","448","148","596","944"
"MULTIPOLYGON (((8.68355305422153 50.6069900103773,8.68456253529582 50.6072138635628,8.68531214892289 50.6068102651878,8.68505227459649 50.6061828166708,8.68404280421639 50.6059589670005,8.68329319746863 50.606362562332,8.68355305422153 50.6069900103773)))","10374","174","0","174","10548"
"MULTIPOLYGON (((8.66714330102822 50.6027797571458,8.66815258020507 50.6030037440385,8.66890217778259 50.602600236653,8.66864248929405 50.6019727454159,8.66763322080159 50.6017487620404,8.66688363011339 50.6021522663847,8.66714330102822 50.6027797571458)))","11273","873","573","1446","12719"
"MULTIPOLYGON (((8.66342453039363 50.607082974421,8.66443383977326 50.6073069894531,8.66518349012503 50.6069035426355,8.66492382420466 50.6062760838268,8.66391452550881 50.606052072312,8.66316488204966 50.6064555160886,8.66342453039363 50.607082974421)))","23975","375","175","550","24525"
"MULTIPOLYGON (((8.73174558634043 50.5794831693748,8.73275508349835 50.5797066461062,8.73350431597154 50.5793024777572,8.73324404444489 50.5786748357247,8.73223455799763 50.5784513625048,8.73148533236648 50.5788555278059,8.73174558634043 50.5794831693748)))","1014","114","0","114","1128"
"MULTIPOLYGON (((8.7078761789746 50.6192175831051,8.70888604570235 50.6194412355297,8.70963574720357 50.6190375478233,8.70937557511153 50.61841021074,8.7083657190943 50.6181865618272,8.70761602445871 50.6185902464862,8.7078761789746 50.6192175831051)))","14136","936","0","936","15072"
"MULTIPOLYGON (((8.70527353112668 50.5753292766815,8.70628274135155 50.5755529681237,8.70703197670821 50.5751489665338,8.70677199498139 50.5745212765459,8.70576279545223 50.5742975886183,8.70501356695432 50.5747015871639,8.70527353112668 50.5753292766815)))","798507","285407","271907","557314","1355821"
"MULTIPOLYGON (((8.70319416795897 50.607924732619,8.70420383121371 50.6081484274,8.70495341986011 50.6077446889566,8.70469333838541 50.6071172587786,8.70368368583533 50.6068935675106,8.7029341040554 50.6072973029078,8.70319416795897 50.607924732619)))","375084","28284","12084","40368","415452"
"MULTIPOLYGON (((8.72254634647496 50.6059426775701,8.72355614709045 50.6061662174257,8.72430567982483 50.6057623189449,8.72404540509055 50.605134883657,8.72303561518906 50.6049113473124,8.72228608930799 50.6053152427448,8.72254634647496 50.6059426775701)))","21879","779","779","1558","23437"
"MULTIPOLYGON (((8.62348311927368 50.5503212667325,8.62449126559702 50.5505456257006,8.62524037771533 50.5501420472679,8.62498133660264 50.5495141128994,8.62397320092513 50.5492897574564,8.62322409571457 50.5496933328567,8.62348311927368 50.5503212667325)))","6089","589","389","978","7067"
"MULTIPOLYGON (((8.66690295780829 50.5645357881651,8.66791168275412 50.5647597925507,8.66866087066448 50.5643559965348,8.66840132674722 50.5637281991721,8.667392612474 50.5635041983059,8.66664343144556 50.5639079912831,8.66690295780829 50.5645357881651)))","3405","605","305","910","4315"
"MULTIPOLYGON (((8.7056853314827 50.5497631584603,8.70669417636555 50.5499868569828,8.70744313713861 50.5495826582628,8.70718324617555 50.5489547640631,8.70617441198082 50.5487310690567,8.7054254580612 50.549135264734,8.7056853314827 50.5497631584603)))","1598","198","0","198","1796"
"MULTIPOLYGON (((8.65102534401899 50.6014807951832,8.6520344657669 50.6017049121993,8.65278407791877 50.6013015157547,8.65252456142316 50.6006740053333,8.65151545035094 50.6004498918363,8.65076584509874 50.6008532852418,8.65102534401899 50.6014807951832)))","7289","789","789","1578","8867"
"MULTIPOLYGON (((8.7266761706355 50.5584068266416,8.72768532013994 50.5586303527935,8.72843433591823 50.558226062428,8.72817419535093 50.5575982489564,8.72716505654808 50.5573747263177,8.72641604761107 50.5577790136373,8.7266761706355 50.5584068266416)))","5911","1911","1611","3522","9433"
"MULTIPOLYGON (((8.71221468679151 50.5677461920566,8.71322384709935 50.5679698307534,8.71397298879999 50.5675657195972,8.7137129633403 50.5669379727888,8.71270381372942 50.5667143376062,8.71195467888142 50.5671184457178,8.71221468679151 50.5677461920566)))","1793","193","0","193","1986"
"MULTIPOLYGON (((8.62344779544101 50.5679900718094,8.62445619623118 50.5682144239951,8.62520549771972 50.5678109799388,8.62494639150697 50.5671831867303,8.62393800136803 50.5669588380686,8.62318870679071 50.5673622790915,8.62344779544101 50.5679900718094)))","24126","4426","4326","8752","32878"
"MULTIPOLYGON (((8.67629323597741 50.5517954519037,8.67730185786746 50.5520193859422,8.67805089267768 50.5516154228626,8.67779129872476 50.5509875287836,8.67678268750827 50.5507635982643,8.67603365957128 50.5511675583047,8.67629323597741 50.5517954519037)))","348","348","0","348","696"
"MULTIPOLYGON (((8.73819641372765 50.5729304439943,8.7392058715265 50.5731538714963,8.73995502218896 50.5727496050846,8.73969470821621 50.5721219142192,8.73868526112933 50.5718984902283,8.73793611730335 50.5723027535917,8.73819641372765 50.5729304439943)))","681","681","281","962","1643"
"MULTIPOLYGON (((8.71031034600108 50.6317195987387,8.71132041448742 50.631943226366,8.71207024590229 50.631539615453,8.71181000196444 50.630912379961,8.71079994419366 50.6306887558445,8.71005011964528 50.6310923637091,8.71031034600108 50.6317195987387)))","5421","721","621","1342","6763"
"MULTIPOLYGON (((8.64004515797907 50.5682605762628,8.64105370561713 50.5684847949975,8.64180298084719 50.5680812285657,8.64154370153892 50.5674534464351,8.64053516456074 50.5672292312226,8.63978589623106 50.5676327946187,8.64004515797907 50.5682605762628)))","583061","285461","185361","470822","1053883"
"MULTIPOLYGON (((8.65151350808282 50.5405871472139,8.65252175540304 50.5408112848948,8.65327071402453 50.5404074224803,8.65301141843863 50.5397794254204,8.65200318177578 50.539555291262,8.65125423004164 50.5399591506411,8.65151350808282 50.5405871472139)))","736027","260427","140427","400854","1136881"
"MULTIPOLYGON (((8.67170635091879 50.6248736588456,8.67271598873821 50.6250975999451,8.67346581543758 50.6246942262646,8.67320599742701 50.6240669145278,8.67219637030114 50.6238429769437,8.6714465504924 50.624246347581,8.67170635091879 50.6248736588456)))","1216","216","0","216","1432"
"MULTIPOLYGON (((8.65949531275652 50.5554778051153,8.6605038433711 50.5557018726914,8.66125294734766 50.5552980634427,8.66099351382469 50.5546701896552,8.6599849938761 50.5544461255999,8.6592358967846 50.5548499318113,8.65949531275652 50.5554778051153)))","1291","391","191","582","1873"
"MULTIPOLYGON (((8.71007313486514 50.5581489751971,8.71108213832976 50.5583726350276,8.71183118105918 50.5579684670718,8.71157121347191 50.5573406423295,8.71056222070022 50.5571169860141,8.70981318482298 50.5575211509261,8.71007313486514 50.5581489751971)))","3871","371","371","742","4613"
"MULTIPOLYGON (((8.64765270479852 50.5733722631637,8.6486613916685 50.5735964187045,8.64941070828682 50.5731928340546,8.64915133113887 50.572565096901,8.64814265493424 50.5723409448813,8.64739334521231 50.5727445264943,8.64765270479852 50.5733722631637)))","26890","13690","9590","23280","50170"
"MULTIPOLYGON (((8.65658391156492 50.543995546183,8.65759225161151 50.5442196417606,8.65834123777581 50.5438157672026,8.65808187700895 50.5431878001032,8.65707354762334 50.5429637080474,8.65632456834375 50.5433675795692,8.65658391156492 50.543995546183)))","15565","10365","4465","14830","30395"
"MULTIPOLYGON (((8.70602449858693 50.6125402741241,8.70703425286223 50.6127639442198,8.7077838859899 50.6123602196423,8.70752375797683 50.611732828016,8.70651401440903 50.6115091614327,8.70576438814692 50.6119128829634,8.70602449858693 50.6125402741241)))","11346","646","246","892","12238"
"MULTIPOLYGON (((8.64272200670086 50.6013459349631,8.64373105502179 50.6015701187804,8.6444806803766 50.601166783555,8.64422125050549 50.6005392675503,8.64321221285591 50.6003150872529,8.64246259440624 50.6007184194403,8.64272200670086 50.6013459349631)))","325","625","325","950","1275"
"MULTIPOLYGON (((8.70799646841033 50.5907527870528,8.70900592472599 50.5909764502691,8.70975532056842 50.5905725453996,8.70949525323535 50.5899449803595,8.70848580762155 50.5897213206567,8.70773641863911 50.5901252224806,8.70799646841033 50.5907527870528)))","270051","84951","79251","164202","434253"
"MULTIPOLYGON (((8.66886149747905 50.5604093118455,8.66987017973483 50.5606333021532,8.67061931996937 50.560229460138,8.67035977106835 50.5596016308538,8.66935109948486 50.5593776440656,8.66860196613018 50.559781483042,8.66886149747905 50.5604093118455)))","4560","2660","1760","4420","8980"
"MULTIPOLYGON (((8.68577058175178 50.5459154008964,8.6867792002585 50.546139261111,8.68752815529465 50.5457351823997,8.68726848495832 50.5451072465138,8.68625987712828 50.5448833898176,8.68551092895796 50.5452874654889,8.68577058175178 50.5459154008964)))","551","251","0","251","802"
"MULTIPOLYGON (((8.72390032256883 50.6313098738867,8.72491050170979 50.6315333922813,8.72566030435572 50.6311296764433,8.72539992100339 50.630502445261,8.72438975258493 50.6302789303758,8.72363995679641 50.6306826431636,8.72390032256883 50.6313098738867)))","2186","786","186","972","3158"
"MULTIPOLYGON (((8.720132559663 50.5580975570789,8.72114164862938 50.5583211360055,8.72189067281884 50.5579168923061,8.72163060119644 50.5572890727253,8.72062152292814 50.5570654973127,8.71987250558425 50.557469737967,8.720132559663 50.5580975570789)))","1547","547","147","694","2241"
"MULTIPOLYGON (((8.65520193850127 50.5539535702097,8.65621041021572 50.5541776729018,8.65695950544873 50.553773884264,8.65670012207984 50.5531459959708,8.65569166102873 50.5529218968001,8.65494257268329 50.5533256824012,8.65520193850127 50.5539535702097)))","15164","8764","7264","16028","31192"
"MULTIPOLYGON (((8.66955167380575 50.5554306763624,8.67056029018954 50.5556546631292,8.67130937587464 50.5552507781562,8.67104983829763 50.5546229094549,8.67004123258501 50.5543989262077,8.66929215377831 50.5548028081422,8.66955167380575 50.5554306763624)))","365039","116239","101239","217478","582517"
"MULTIPOLYGON (((8.68700031782171 50.582108252807,8.68800946906244 50.5823320884637,8.68875880964976 50.5819282752571,8.68849899212435 50.5813006294362,8.68748985157197 50.5810767972957,8.68674051785677 50.5814806074599,8.68700031782171 50.582108252807)))","8016","816","516","1332","9348"
"MULTIPOLYGON (((8.73075937552609 50.5992129717044,8.73176914926717 50.5994364482361,8.73251859505845 50.5990324371106,8.73225826026217 50.5984049525026,8.73124849723725 50.5981814794814,8.73049905829254 50.5985854875579,8.73075937552609 50.5992129717044)))","1993","293","0","293","2286"
"MULTIPOLYGON (((8.65580589694773 50.5421116308744,8.65681420315267 50.542335733457,8.65756317052238 50.5419318504369,8.65730382480238 50.54130386787,8.65629552925745 50.5410797688094,8.6555465687726 50.5414836487936,8.65580589694773 50.5421116308744)))","23094","15394","5894","21288","44382"
"MULTIPOLYGON (((8.66195446595023 50.6101755637801,8.66296380738165 50.6103995893642,8.66371349353469 50.6099961770647,8.66345383136223 50.6093687422221,8.66244450061478 50.6091447201553,8.66169482135594 50.6095481294138,8.66195446595023 50.6101755637801)))","25479","5979","5279","11258","36737"
"MULTIPOLYGON (((8.65324291674857 50.5580800690597,8.65425143111693 50.5583041858371,8.65500057400685 50.5579004432,8.65474119563887 50.5572725868222,8.6537326919341 50.5570484735662,8.65298355593384 50.5574522131666,8.65324291674857 50.5580800690597)))","183220","17320","13320","30640","213860"
"MULTIPOLYGON (((8.7027505722247 50.5559552859143,8.70375948123746 50.5561790055331,8.70450851354512 50.555774875786,8.7042486299835 50.5551470294631,8.70323973165919 50.5549233133604,8.70249070620816 50.5553274400646,8.7027505722247 50.5559552859143)))","470","170","0","170","640"
"MULTIPOLYGON (((8.66605067928814 50.6156428581029,8.66706013498657 50.615866848499,8.66780987258272 50.6154634470463,8.66755014758803 50.6148360582395,8.66654070257741 50.61461207136,8.66579097187382 50.6150154697709,8.66605067928814 50.6156428581029)))","93112","46912","35612","82524","175636"
"MULTIPOLYGON (((8.64886326166868 50.5496933848438,8.64987161743879 50.5499175401786,8.65062067822729 50.5495137667218,8.6503613763549 50.548885840966,8.64935303124355 50.5486616891536,8.64860397734594 50.5490654595747,8.64886326166868 50.5496933848438)))","113","513","0","513","626"
"MULTIPOLYGON (((8.64249505918245 50.5631036562298,8.64350355352187 50.5633278573535,8.64425276917637 50.5629242334093,8.64399348359384 50.562296411377,8.64298499991399 50.5620722137754,8.64223579115721 50.562475834684,8.64249505918245 50.5631036562298)))","136050","13550","9050","22600","158650"
"MULTIPOLYGON (((8.6586297197788 50.5467314473131,8.65963811685129 50.5469555253556,8.66038712869473 50.5465516562231,8.66012773658193 50.5459237120848,8.65911935017234 50.5456996375636,8.65837034521277 50.5461035036595,8.6586297197788 50.5467314473131)))","2394","494","294","788","3182"
"MULTIPOLYGON (((8.71369456546934 50.5469766676886,8.71470343885096 50.5472003029187,8.71545235549335 50.5467960230587,8.71519239190665 50.5461681110122,8.71418352921642 50.5459444792974,8.71343461942162 50.5463487561138,8.71369456546934 50.5469766676886)))","6619","819","519","1338","7957"
"MULTIPOLYGON (((8.73116205343868 50.5736535133983,8.73217146142263 50.5738769972195,8.73292063247094 50.5734727889815,8.73266038869415 50.5728450999699,8.73165099141878 50.5726216196605,8.73090182721177 50.573025824851,8.73116205343868 50.5736535133983)))","558","158","0","158","716"
"MULTIPOLYGON (((8.69115152783083 50.6297543963307,8.69216140338094 50.6299781789676,8.69291124791544 50.6295746966662,8.69265121002117 50.628947434774,8.69164134517612 50.6287236556501,8.69089150752039 50.6291271349055,8.69115152783083 50.6297543963307)))","161792","14992","14192","29184","190976"
"MULTIPOLYGON (((8.67638234390582 50.5586580055829,8.67739106552844 50.5588819361379,8.67814017367612 50.5584780244702,8.67788055332674 50.5578501852872,8.67687184237977 50.557626258251,8.67612274110665 50.5580301668791,8.67638234390582 50.5586580055829)))","535477","189977","171877","361854","897331"
"MULTIPOLYGON (((8.70915991034672 50.6024084460583,8.7101695450614 50.6026320951118,8.71091906385062 50.6022282700626,8.7106589410638 50.6016007990064,8.70964931705513 50.6013771534655,8.70889980512739 50.6017809754682,8.70915991034672 50.6024084460583)))","64397","6497","5797","12294","76691"
"MULTIPOLYGON (((8.68883036069231 50.6064506889363,8.68983987930767 50.6066744998918,8.69058947775384 50.6062708578735,8.69032955070907 50.605643407944,8.68932004279045 50.6054196005032,8.68857045122 50.6058232394773,8.68883036069231 50.6064506889363)))","20848","248","248","496","21344"
"MULTIPOLYGON (((8.66509542545986 50.6000457586245,8.66610464752296 50.600269763104,8.66685421938977 50.5998662502958,8.66659456230351 50.5992387360488,8.66558535092294 50.5990147350868,8.66483578594626 50.5994182448543,8.66509542545986 50.6000457586245)))","12111","1211","411","1622","13733"
"MULTIPOLYGON (((8.67004123258501 50.5543989262077,8.67104983829763 50.5546229094549,8.67179891206597 50.5542190129831,8.67153937324392 50.5535911363028,8.67053077820244 50.5533671565754,8.66978171131198 50.5537710500086,8.67004123258501 50.5543989262077)))","5135","1235","935","2170","7305"
"MULTIPOLYGON (((8.71599844632312 50.605632555514,8.71700818630394 50.6058561482005,8.71775772744772 50.6054522964145,8.71749752175317 50.6048248549897,8.71648779248285 50.604601265815,8.71573825819669 50.6050051145534,8.71599844632312 50.605632555514)))","472367","168567","144367","312934","785301"
"MULTIPOLYGON (((8.7205783346083 50.6277265834601,8.72158843340638 50.6279501300972,8.72233820352689 50.6275464119055,8.72207786799056 50.6269191501262,8.72106777991214 50.6266956069991,8.72031801665054 50.6270993221413,8.7205783346083 50.6277265834601)))","1205","105","0","105","1310"
"MULTIPOLYGON (((8.62013574939008 50.5644023043884,8.62114406989253 50.5646266846161,8.62189333873442 50.5642232381554,8.62163428016124 50.5635954144998,8.62062597030718 50.5633710377966,8.61987670837802 50.5637744812245,8.62013574939008 50.5644023043884)))","193325","110925","67125","178050","371375"
"MULTIPOLYGON (((8.67063763570072 50.6200789838545,8.67164719498894 50.6203029355307,8.67239697208769 50.6198995334152,8.67213718300794 50.6192721826662,8.67112763441125 50.6190482345057,8.6703778642029 50.6194516335785,8.67063763570072 50.6200789838545)))","288442","283342","245342","528684","817126"
"MULTIPOLYGON (((8.687798832145 50.5663232117677,8.68880776240354 50.5665470474263,8.68955693239181 50.5661431083925,8.68929716525316 50.5655153367416,8.68828824567855 50.5652915046001,8.6875390825588 50.5656954405924,8.687798832145 50.5663232117677)))","10546","1946","1246","3192","13738"
"MULTIPOLYGON (((8.67132828164057 50.6151045390645,8.67233777494134 50.615328487237,8.67308749739729 50.6149250421384,8.67282771966359 50.6142976519099,8.67181823705317 50.6140737072533,8.67106852148619 50.6144771493094,8.67132828164057 50.6151045390645)))","8712","1012","812","1824","10536"
"MULTIPOLYGON (((8.6609743570685 50.6122371925429,8.66198371986811 50.6124612251617,8.66273342988995 50.6120578358751,8.66247377021709 50.6114304170108,8.66146441810161 50.6112063879094,8.66071471497502 50.611609774155,8.6609743570685 50.6122371925429)))","279046","185046","101346","286392","565438"
"MULTIPOLYGON (((8.61036720932577 50.5673595312625,8.61137548827511 50.5675839887624,8.61212480590975 50.5671806379969,8.61186583767542 50.5665528327633,8.61085756937028 50.5663283787888,8.61010825865539 50.5667317265226,8.61036720932577 50.5673595312625)))","4322","322","222","544","4866"
"MULTIPOLYGON (((8.61143063776951 50.5721573365404,8.61243899509488 50.5723817835777,8.61318836230112 50.5719784612648,8.61292936526213 50.5713506949469,8.61192101858301 50.5711262514347,8.61117165829676 50.5715295707154,8.61143063776951 50.5721573365404)))","1457","157","0","157","1614"
"MULTIPOLYGON (((8.73106752396026 50.5667914212505,8.73207683207926 50.5670149086429,8.73282592978032 50.5666106490227,8.73256571252251 50.5659829050573,8.73155641510993 50.5657594211772,8.73080732424888 50.5661636777503,8.73106752396026 50.5667914212505)))","161","361","161","522","683"
"MULTIPOLYGON (((8.66583552211626 50.5597372917325,8.66684416866931 50.5599613066349,8.66759330706102 50.5595574821965,8.6673337920181 50.5589296458942,8.6663251561356 50.5587056345117,8.66557602462559 50.5591094559118,8.66583552211626 50.5597372917325)))","3526","226","226","452","3978"
"MULTIPOLYGON (((8.61053248015328 50.5810787169738,8.6115409584597 50.5813031676414,8.61229042289996 50.5808999198086,8.61203140211161 50.5802722243409,8.61102293445369 50.5800477771979,8.61027347693577 50.5804510219981,8.61053248015328 50.5810787169738)))","1385","185","185","370","1755"
"MULTIPOLYGON (((8.60820163164623 50.5754292765331,8.60921000833204 50.5756537481911,8.60995941626525 50.5752504749352,8.60970044059001 50.5746227330534,8.60869207454977 50.5743982649206,8.60794267353934 50.5748015351445,8.60820163164623 50.5754292765331)))","305","105","0","105","410"
"MULTIPOLYGON (((8.68428265398506 50.5666833327044,8.6852915592447 50.5669071964916,8.68604073934166 50.5665032865382,8.68578100730821 50.5658755158388,8.68477211273081 50.5656516555691,8.68402293950472 50.5660555624814,8.68428265398506 50.5666833327044)))","5056","456","456","912","5968"
"MULTIPOLYGON (((8.72674253273716 50.6182667867854,8.72775254753897 50.6184902877419,8.72850220501527 50.6180864514744,8.7282418408369 50.6174591173002,8.72723183675504 50.6172356198535,8.7264821861317 50.6176394530713,8.72674253273716 50.6182667867854)))","16063","1163","163","1326","17389"
"MULTIPOLYGON (((8.66076327564552 50.5563297385,8.66177182944787 50.5565537955429,8.6625209403088 50.5561499832567,8.66226149048311 50.555522116965,8.66125294734766 50.5552980634427,8.6605038433711 50.5557018726914,8.66076327564552 50.5563297385)))","2062","1162","762","1924","3986"
"MULTIPOLYGON (((8.67983474467578 50.6112936454367,8.68084425600667 50.6115175267593,8.68159392244045 50.6111139889501,8.68133407066083 50.6104865728618,8.68032457002352 50.6102626950545,8.67957491047233 50.6106662298203,8.67983474467578 50.6112936454367)))","6184","284","284","568","6752"
"MULTIPOLYGON (((8.65632860990928 50.5832805666785,8.65733751443845 50.5835046484743,8.65808692197424 50.5831010740312,8.65782741808837 50.5824734208309,8.65681852423204 50.5822493425546,8.65606912358887 50.5826529139591,8.65632860990928 50.5832805666785)))","5090","390","390","780","5870"
"MULTIPOLYGON (((8.65434128238414 50.6050664698163,8.65535048447735 50.6052905587082,8.65610012925514 50.6048871646514,8.65584056504168 50.6042596847425,8.65483137362696 50.604035599369,8.65408173574737 50.6044389903861,8.65434128238414 50.6050664698163)))","320016","187616","120016","307632","627648"
"MULTIPOLYGON (((8.65687231835563 50.5469112098173,8.65788070290777 50.5471353019102,8.6586297197788 50.5467314473131,8.65837034521277 50.5461035036595,8.6573619713227 50.5458794150881,8.65661296133672 50.5462832666488,8.65687231835563 50.5469112098173)))","13283","10683","6983","17666","30949"
"MULTIPOLYGON (((8.63260864677402 50.5768690043393,8.63361725458476 50.5770932793571,8.63436663517351 50.5766898340342,8.63410740104464 50.5760621167288,8.63309880389256 50.5758378452335,8.63234943021078 50.5762412875211,8.63260864677402 50.5768690043393)))","8959","1359","959","2318","11277"
"MULTIPOLYGON (((8.70939928976965 50.5454541237643,8.71040810437018 50.5456777941585,8.71115701238846 50.5452735349227,8.71089709895618 50.5446456083358,8.70988829504436 50.5444219414575,8.70913939387622 50.5448261976504,8.70939928976965 50.5454541237643)))","23638","32238","28538","60776","84414"
"MULTIPOLYGON (((8.66292280417996 50.5482556394734,8.66393126013384 50.5484796824039,8.6646802807116 50.5480757926617,8.66442083845425 50.5474478630264,8.66341239316596 50.5472238236167,8.66266337946957 50.5476277103217,8.66292280417996 50.5482556394734)))","1274","174","174","348","1622"
"MULTIPOLYGON (((8.65266634930317 50.5522495501257,8.65367477463997 50.5524736738773,8.65442385609719 50.5520698913125,8.65416450532882 50.5514419880325,8.65315609065351 50.5512178678027,8.65240701608519 50.5516216473312,8.65266634930317 50.5522495501257)))","1695","195","195","390","2085"
"MULTIPOLYGON (((8.6344841929546 50.5658837678889,8.63549265842701 50.5661080322597,8.63624191796532 50.5657044894721,8.63598270512781 50.5650766853486,8.63497425031167 50.5648524245007,8.63422499767691 50.5652559642536,8.6344841929546 50.5658837678889)))","23108","808","808","1616","24724"
"MULTIPOLYGON (((8.66890217778259 50.602600236653,8.66991146948969 50.6028242094753,8.67066106202286 50.6024206875435,8.67040135596096 50.6017931958309,8.66939207493913 50.6015692265255,8.66864248929405 50.6019727454159,8.66890217778259 50.602600236653)))","15083","1583","683","2266","17349"
"MULTIPOLYGON (((8.63710484187355 50.5744482373309,8.63811345347201 50.5746724771984,8.63886280020133 50.5742689797873,8.63860352842878 50.5736412455445,8.63759492749053 50.5734170091991,8.63684558766475 50.5738205035746,8.63710484187355 50.5744482373309)))","3809","109","109","218","4027"
"MULTIPOLYGON (((8.66244450061478 50.6091447201553,8.66345383136223 50.6093687422221,8.66420350558124 50.6089653184164,8.66394384215929 50.608337875585,8.66293452209576 50.6081138570355,8.66218485477041 50.6085172778002,8.66244450061478 50.6091447201553)))","1581","481","481","962","2543"
"MULTIPOLYGON (((8.70871190176638 50.5504342294141,8.70972078228355 50.5506579033223,8.71046974483896 50.5502536870212,8.71020982002572 50.5496257998551,8.70920095019841 50.5494021294626,8.7084519944946 50.5498063427205,8.70871190176638 50.5504342294141)))","575","175","175","350","925"
"MULTIPOLYGON (((8.70435706477353 50.6195775677574,8.70536690650427 50.6198012483541,8.70611661816351 50.6193975897497,8.70585648122411 50.6187702535955,8.70484665020213 50.618546576511,8.70409694541093 50.6189502320685,8.70435706477353 50.6195775677574)))","197215","32415","31015","63430","260645"
"MULTIPOLYGON (((8.67816168502202 50.5408042934028,8.67917016451385 50.5410282168394,8.67991907834498 50.540624156365,8.67965950581452 50.5399961754927,8.67865103699384 50.5397722555757,8.67790213003258 50.5401763130114,8.67816168502202 50.5408042934028)))","3543","343","0","343","3886"
"MULTIPOLYGON (((8.72530337848129 50.568365501795,8.72631265993112 50.5685890349287,8.72706178483448 50.5681848304302,8.72680162144401 50.5675570958445,8.72579235069811 50.5673335662236,8.72504323263888 50.5677377676757,8.72530337848129 50.568365501795)))","679","279","179","458","1137"
"MULTIPOLYGON (((8.65180168168687 50.5435029185507,8.65280997350539 50.5437270527516,8.65355896283211 50.5433232102989,8.65329965345268 50.5426952366808,8.65229137229252 50.5424711060022,8.65154238985355 50.5428749454194,8.65180168168687 50.5435029185507)))","171749","64049","55249","119298","291047"
"MULTIPOLYGON (((8.741511501449 50.5941836263962,8.74252129462037 50.5944070184509,8.7432706671329 50.594002888593,8.74301023963575 50.5933753697306,8.74200045718459 50.5931519811854,8.74125109151051 50.5935561079933,8.741511501449 50.5941836263962)))","1244","144","0","144","1388"
"MULTIPOLYGON (((8.65814007622466 50.5477632375864,8.65914848396011 50.5479873191504,8.65989750771558 50.5475834615166,8.65963811685129 50.5469555253556,8.6586297197788 50.5467314473131,8.65788070290777 50.5471353019102,8.65814007622466 50.5477632375864)))","3928","928","728","1656","5584"
"MULTIPOLYGON (((8.68999074699303 50.6181034544974,8.69100044404466 50.6183272513062,8.69175016551515 50.6179236891427,8.69149018305684 50.6172963332156,8.69048049670612 50.6170725399206,8.68973078211287 50.617476099039,8.68999074699303 50.6181034544974)))","3559","359","359","718","4277"
"MULTIPOLYGON (((8.65630156826068 50.6009428710646,8.65731072764028 50.6011669458827,8.65806032469625 50.6007635058021,8.65780075547657 50.6001359939431,8.6567916067752 50.5999119226435,8.65604201661533 50.6003153596844,8.65630156826068 50.6009428710646)))","536437","213337","131637","344974","881411"
"MULTIPOLYGON (((8.65257958727567 50.5453868070115,8.65358791293701 50.5456109342088,8.65433692106098 50.5452071002192,8.65407759663614 50.5445791420681,8.65306928163417 50.544355018393,8.65232028039779 50.5447588493468,8.65257958727567 50.5453868070115)))","428114","251614","204114","455728","883842"
"MULTIPOLYGON (((8.64696087294114 50.5783492083068,8.64796962568196 50.5785733673957,8.64871899687585 50.5781698257219,8.64845960843117 50.5775421279962,8.64745086635686 50.5773179724281,8.64670150206079 50.5777215110649,8.64696087294114 50.5783492083068)))","537817","253217","157317","410534","948351"
"MULTIPOLYGON (((8.67785079984194 50.5555627051525,8.67885948943769 50.5557866251513,8.67960856182879 50.5553826789885,8.67934893775129 50.5547548158667,8.67834025883107 50.5545308993867,8.67759119331292 50.5549348425099,8.67785079984194 50.5555627051525)))","619","219","0","219","838"
"MULTIPOLYGON (((8.69187701207048 50.5894596221909,8.69288631135225 50.5896834156179,8.69363572208685 50.5892796216987,8.69337582666948 50.588652037396,8.69236653808088 50.5884282474843,8.6916171342166 50.58883203836,8.69187701207048 50.5894596221909)))","45296","896","496","1392","46688"
"MULTIPOLYGON (((8.6573352051151 50.5635509184722,8.65834383358762 50.5637750001591,8.65909302786377 50.5633712683747,8.65883358677946 50.5627434579409,8.65782496897432 50.5625193797745,8.65707578158622 50.5629231085214,8.6573352051151 50.5635509184722)))","997383","264083","252983","517066","1514449"
"MULTIPOLYGON (((8.66447945781105 50.5520231060779,8.66548798146259 50.5522471349847,8.66623703963007 50.5518432621646,8.66597756726507 50.5512153634754,8.66496905428105 50.5509913380889,8.66422000299465 50.5513952078714,8.66447945781105 50.5520231060779)))","646","246","146","392","1038"
"MULTIPOLYGON (((8.67375692522069 50.5500917575189,8.67476550075583 50.5503157126316,8.67551452181893 50.5499117556301,8.67525496047243 50.5492838465548,8.67424639560903 50.5490598949616,8.6734973814205 50.5494638489243,8.67375692522069 50.5500917575189)))","553","253","0","253","806"
"MULTIPOLYGON (((8.66514505243351 50.5647155511983,8.66615376486076 50.5649395696421,8.66690295780829 50.5645357881651,8.66664343144556 50.5639079912831,8.66563472969003 50.563683976359,8.66488554362563 50.5640877547974,8.66514505243351 50.5647155511983)))","6513","1113","313","1426","7939"
"MULTIPOLYGON (((8.65569166102873 50.5529218968001,8.65670012207984 50.5531459959708,8.6574492053993 50.5527421958332,8.6571898207807 50.5521142995617,8.65618137039281 50.5518902039123,8.65543229396041 50.5522940010132,8.65569166102873 50.5529218968001)))","7523","3623","2823","6446","13969"
"MULTIPOLYGON (((8.71295656661175 50.6226214005453,8.71396652616806 50.6228450106645,8.7147162551251 50.6224413107666,8.71445601766297 50.6218140037978,8.71344606882082 50.6215903971897,8.71269634672674 50.6219940940394,8.71295656661175 50.6226214005453)))","334855","150855","122455","273310","608165"
"MULTIPOLYGON (((8.68986541429234 50.5513863731962,8.69087414683577 50.5516101982823,8.69162315316655 50.5512061304015,8.69136342008978 50.5505782404756,8.69035469822678 50.5503544189072,8.68960569876024 50.5507584837472,8.68986541429234 50.5513863731962)))","546","246","0","246","792"
"MULTIPOLYGON (((8.64393468622384 50.5776766818553,8.64494340321163 50.5779008655363,8.6456927725288 50.5774973414401,8.64543341795859 50.5768696366996,8.64442471163551 50.5766454565397,8.64367534921803 50.5770489775992,8.64393468622384 50.5776766818553)))","26415","2415","2215","4630","31045"
"MULTIPOLYGON (((8.66039667377066 50.6064108800792,8.66140594739192 50.6066349197337,8.66215559589019 50.6062314905038,8.66189596387292 50.6056040246599,8.66088670093371 50.605379988523,8.66013705932987 50.6057834147125,8.66039667377066 50.6064108800792)))","1685","585","285","870","2555"
"MULTIPOLYGON (((8.70740076425479 50.6025885934247,8.70841038647915 50.6028122565597,8.70915991034672 50.6024084460583,8.70889980512739 50.6017809754682,8.70789019360818 50.601557315846,8.70714067660326 50.6019611233012,8.70740076425479 50.6025885934247)))","473794","72194","39294","111488","585282"
"MULTIPOLYGON (((8.61650028730881 50.575566049976,8.61750873751975 50.5757904549257,8.61825813239935 50.5753871204819,8.61799907015076 50.5747593841214,8.6169906305897 50.5745349826959,8.61624124262745 50.5749383141067,8.61650028730881 50.575566049976)))","1847","447","0","447","2294"
"MULTIPOLYGON (((8.71746644528084 50.6025386279461,8.71847615313026 50.6027622100974,8.71922565844734 50.6023583238089,8.71896544905907 50.6017308584167,8.71795575191998 50.6015072797771,8.71720625345893 50.601911163018,8.71746644528084 50.6025386279461)))","4103","603","603","1206","5309"
"MULTIPOLYGON (((8.69026422349985 50.5434908336198,8.69127284563104 50.5437146586817,8.69202176672814 50.5433105279062,8.69176205883179 50.5426825751094,8.6907534473788 50.5424587535657,8.69000453314411 50.5428628813007,8.69026422349985 50.5434908336198)))","493","193","0","193","686"
"MULTIPOLYGON (((8.61837816761281 50.5645813420393,8.61938647555055 50.5648057363121,8.62013574939008 50.5644023043884,8.61987670837802 50.5637744812245,8.6188684110878 50.5635500904764,8.6181191441622 50.5639535193675,8.61837816761281 50.5645813420393)))","409248","243048","148548","391596","800844"
"MULTIPOLYGON (((8.68119376620497 50.6190018518146,8.68220340066398 50.6192257190242,8.68295314744197 50.6188222296104,8.68269325287788 50.6181948760311,8.6816836291155 50.6179710123362,8.68093388922072 50.618374498706,8.68119376620497 50.6190018518146)))","8420","620","520","1140","9560"
"MULTIPOLYGON (((8.62987026700648 50.5791103757472,8.63087888357608 50.5793346718627,8.63162829300936 50.5789312640897,8.63136907896395 50.5783035632362,8.63036047305223 50.5780792706434,8.62961107052818 50.5784826753814,8.62987026700648 50.5791103757472)))","32248","5848","2648","8496","40744"
"MULTIPOLYGON (((8.65960896740568 50.5446678083385,8.66061734315246 50.5448918793382,8.66136633117265 50.5444879872088,8.66110693656337 50.5438600271163,8.66009857147937 50.5436359596379,8.65934959034201 50.5440398487308,8.65960896740568 50.5446678083385)))","1447","347","247","594","2041"
"MULTIPOLYGON (((8.69851378759233 50.5966302068202,8.699523247441 50.5968539439149,8.70027272325576 50.5964501547329,8.70001273235455 50.5958226315011,8.69900328320456 50.5955988979204,8.69825381425722 50.5960026840577,8.69851378759233 50.5966302068202)))","53340","3440","1240","4680","58020"
"MULTIPOLYGON (((8.6439949822883 50.542337536738,8.64500319015093 50.5425617341256,8.64575218075406 50.5421579413458,8.64549295660203 50.5415299542129,8.6444847593934 50.5413057603486,8.64373577568293 50.5417095500939,8.6439949822883 50.542337536738)))","1766","566","166","732","2498"
"MULTIPOLYGON (((8.66350022538526 50.5540865836234,8.66450877037204 50.5543106195711,8.6652578523696 50.5539067697489,8.66499838249838 50.5532788870168,8.66398984817928 50.5530548545895,8.66324077306381 50.5534587013739,8.66350022538526 50.5540865836234)))","124014","73114","57414","130528","254542"
"MULTIPOLYGON (((8.68480256027988 50.6254989422101,8.6858123197188 50.6257227776976,8.68656212985274 50.6253193106237,8.68630217366579 50.6246920111072,8.68529242492737 50.6244681791336,8.68454262167556 50.6248716431626,8.68480256027988 50.6254989422101)))","3543","1143","343","1486","5029"
"MULTIPOLYGON (((8.70073055758805 50.6307373718543,8.70174052962846 50.6309610769964,8.70249036762582 50.6305575303916,8.70223022671022 50.629930281692,8.70122026538012 50.6297065800618,8.70047043425542 50.6301101236194,8.70073055758805 50.6307373718543)))","14163","1363","1063","2426","16589"
"MULTIPOLYGON (((8.72491801272327 50.558587562242,8.72592714977045 50.5588111024668,8.7266761706355 50.5584068266416,8.72641604761107 50.5577790136373,8.72540692126464 50.557555476926,8.72465790724203 50.5579597497055,8.72491801272327 50.558587562242)))","7904","1904","304","2208","10112"
"MULTIPOLYGON (((8.64332844818076 50.5895122994768,8.64433733080802 50.5897364832349,8.64508682812224 50.5893330535682,8.64482743590689 50.5887054431808,8.64381856394763 50.5884812629432,8.64306907353583 50.5888846895726,8.64332844818076 50.5895122994768)))","18116","16416","2816","19232","37348"
"MULTIPOLYGON (((8.65462984425553 50.607979704101,8.6556390909308 50.6082037894801,8.65638876646973 50.6078004153964,8.65612918843485 50.6071729589734,8.65511995243907 50.6069488771125,8.65437028379877 50.6073522481563,8.65462984425553 50.607979704101)))","465954","285454","170654","456108","922062"
"MULTIPOLYGON (((8.6540210292957 50.5599636057909,8.65502957752102 50.5601877155577,8.65577873921534 50.5597839813844,8.65551934579495 50.5591561404812,8.65451080823419 50.5589320342355,8.65376165342936 50.5593357653719,8.6540210292957 50.5599636057909)))","10048","1448","1248","2696","12744"
"MULTIPOLYGON (((8.71324773739586 50.6255342488998,8.71425774158961 50.6257578554623,8.71500750130623 50.6253541755232,8.71474724996588 50.6247268920702,8.71373725648737 50.6245032890186,8.71298750363406 50.6249069659092,8.71324773739586 50.6255342488998)))","482292","186092","153292","339384","821676"
"MULTIPOLYGON (((8.70444902904937 50.6264341861607,8.70545897075237 50.6266578631676,8.70620875588041 50.6262542559899,8.7059485924362 50.6256269748528,8.70493866144414 50.6254033013577,8.70418888318545 50.625806905488,8.70444902904937 50.6264341861607)))","169938","192138","117538","309676","479614"
"MULTIPOLYGON (((8.71638280529358 50.6154039676575,8.71739268985203 50.6156275531992,8.71814233518036 50.6152237727811,8.7178820890911 50.6145964098696,8.71687221524637 50.6143728278389,8.7161225767773 50.6147766052088,8.71638280529358 50.6154039676575)))","316671","136671","114171","250842","567513"
"MULTIPOLYGON (((8.6541397228877 50.6090105115942,8.65514898024257 50.6092346004916,8.65589866771365 50.6088312379146,8.6556390909308 50.6082037894801,8.65462984425553 50.607979704101,8.65388016368358 50.6083830636381,8.6541397228877 50.6090105115942)))","218949","118749","87549","206298","425247"
"MULTIPOLYGON (((8.70014928066558 50.624912105835,8.70115916343575 50.6251358180787,8.70190893989993 50.6247322315473,8.70164882672222 50.624104935819,8.70063895466032 50.6238812270876,8.69988918506798 50.6242848105722,8.70014928066558 50.624912105835)))","161176","164076","98376","262452","423628"
"MULTIPOLYGON (((8.65255161348085 50.563058203573,8.65356019370018 50.5632823239032,8.65430939114227 50.5628786242327,8.65405000147409 50.5622508072691,8.65304143191948 50.56202669046,8.6522922413685 50.5624303870936,8.65255161348085 50.563058203573)))","50573","21073","17173","38246","88819"
"MULTIPOLYGON (((8.69278310554198 50.5628677063784,8.69379202873546 50.5630915033566,8.69454115283686 50.5626875007483,8.69428134688034 50.5620597042037,8.69327243437229 50.5618359107422,8.69252331713544 50.5622399103086,8.69278310554198 50.5628677063784)))","637295","267095","232895","499990","1137285"
"MULTIPOLYGON (((8.61662059340592 50.5647603511084,8.61762888877718 50.5649847594259,8.61837816761281 50.5645813420393,8.6181191441622 50.5639535193675,8.61711085943765 50.5637291145748,8.61636158751712 50.5641325289291,8.61662059340592 50.5647603511084)))","489333","276633","158133","434766","924099"
"MULTIPOLYGON (((8.61920235306582 50.5909879130644,8.62021104916155 50.5912122900901,8.62096060471442 50.5908090525103,8.62070145725306 50.5901814409392,8.61969277181333 50.5899570674366,8.61894322317905 50.590360301982,8.61920235306582 50.5909879130644)))","27167","3467","767","4234","31401"
"MULTIPOLYGON (((8.7098612913644 50.5797663127311,8.71087060500568 50.5799899654501,8.71161987972309 50.5795859631791,8.71135983394275 50.5789583112344,8.71035053100089 50.5787346620292,8.70960126314009 50.5791386612551,8.7098612913644 50.5797663127311)))","621017","243217","217417","460634","1081651"
"MULTIPOLYGON (((8.67061931996937 50.560229460138,8.67162801473853 50.5604534363879,8.67237714993336 50.5600495798343,8.6721175834805 50.5594217500698,8.67110889938455 50.5591977773392,8.67035977106835 50.5596016308538,8.67061931996937 50.560229460138)))","537","137","0","137","674"
"MULTIPOLYGON (((8.71193678283716 50.5471572837151,8.71294564375277 50.5473809330109,8.71369456546934 50.5469766676886,8.71343461942162 50.5463487561138,8.71242576919658 50.5461251103335,8.71167685432881 50.5465293726125,8.71193678283716 50.5471572837151)))","7078","278","278","556","7634"
"MULTIPOLYGON (((8.6579388921868 50.5517104879245,8.6589473550975 50.5519345695222,8.65969642147588 50.5515307433488,8.65943701805838 50.5509028386146,8.65842856581172 50.5506787605381,8.65767950631867 50.5510825836747,8.6579388921868 50.5517104879245)))","493593","285493","236693","522186","1015779"
"MULTIPOLYGON (((8.66518349012503 50.6069035426355,8.66619281204014 50.6071275435969,8.66694245735008 50.6067240822324,8.66668277385364 50.6060966229478,8.6656734626232 50.6058726255035,8.66492382420466 50.6062760838268,8.66518349012503 50.6069035426355)))","1815","415","0","415","2230"
"MULTIPOLYGON (((8.65601296315486 50.5980293490472,8.65702207796042 50.5982534273757,8.65777164426196 50.5978499673239,8.65751208886234 50.5972224319831,8.65650298473398 50.5969983571732,8.65575342532815 50.5974018141856,8.65601296315486 50.5980293490472)))","301850","149350","84150","233500","535350"
"MULTIPOLYGON (((8.63350403872608 50.5679463962146,8.63451252551116 50.5681706676311,8.63526180887786 50.5677671478501,8.63500259855496 50.5671393596873,8.63399412242623 50.5669150917937,8.63324484596417 50.5673186085399,8.63350403872608 50.5679463962146)))","2555","655","355","1010","3565"
"MULTIPOLYGON (((8.72442909102648 50.5596196280824,8.72543823877444 50.5598431718206,8.72618727156784 50.5594389074899,8.72592714977045 50.5588111024668,8.72491801272327 50.558587562242,8.72416898677285 50.558991823527,8.72442909102648 50.5596196280824)))","1725","425","0","425","2150"
"MULTIPOLYGON (((8.65390648939523 50.5707711438583,8.65491519254091 50.5709952501889,8.65566447024507 50.5705915989147,8.65540503791193 50.5699638443475,8.65439634543401 50.5697397415374,8.65364707462158 50.5701433897741,8.65390648939523 50.5707711438583)))","94487","19987","17887","37874","132361"
"MULTIPOLYGON (((8.67480244381284 50.5725610244434,8.67581135244805 50.5727849620731,8.6765606123601 50.5723811677804,8.67630095675874 50.5717534388983,8.67529205880263 50.5715295047867,8.67454280576891 50.5719332960392,8.67480244381284 50.5725610244434)))","5310","610","410","1020","6330"
"MULTIPOLYGON (((8.61171720847236 50.575071644753,8.61272561031368 50.5752960883193,8.61347500826434 50.5748927859861,8.61321599745343 50.574265043119,8.61220760625942 50.5740406030776,8.61145821522914 50.5744439023784,8.61171720847236 50.575071644753)))","886","186","186","372","1258"
"MULTIPOLYGON (((8.70236847332121 50.5461761931233,8.70337723803199 50.546399919771,8.70412616632278 50.5459957186837,8.70386632304801 50.5453677939909,8.70285756902252 50.5451440708598,8.70210864758666 50.545548268905,8.70236847332121 50.5461761931233)))","30204","104","104","208","30412"
"MULTIPOLYGON (((8.64837347893067 50.5507250610565,8.64938184535959 50.5509492199135,8.6501309180593 50.5505454579567,8.64987161743879 50.5499175401786,8.64886326166868 50.5496933848438,8.64811419586041 50.5500971437651,8.64837347893067 50.5507250610565)))","2030","130","0","130","2160"
"MULTIPOLYGON (((8.68243485207087 50.5600014659073,8.68344364506228 50.5602253472581,8.68419275685917 50.5598214004329,8.68393306879399 50.5591935752974,8.6829242864818 50.5589696974646,8.68217518155571 50.5593736412493,8.68243485207087 50.5600014659073)))","633636","260436","229036","489472","1123108"
"MULTIPOLYGON (((8.71365693442002 50.5999854007075,8.7146665726945 50.6002090145722,8.71541605744152 50.5998051374256,8.71515589705615 50.5991776494613,8.71414626948925 50.5989540391088,8.71339679160025 50.5993579132085,8.71365693442002 50.5999854007075)))","431313","168313","132413","300726","732039"
"MULTIPOLYGON (((8.73262107159058 50.5882267989837,8.7336307025386 50.5884502650686,8.73438002716767 50.5880461565566,8.73411971400571 50.5874185850082,8.73311009377147 50.5871951224342,8.73236077598556 50.5875992278977,8.73262107159058 50.5882267989837)))","2608","308","308","616","3224"
"MULTIPOLYGON (((8.66623703963007 50.5518432621646,8.66724557579628 50.5520672770174,8.66799462892901 50.5516633896607,8.66773513901576 50.5510354904891,8.66672661351793 50.5508114791565,8.66597756726507 50.5512153634754,8.66623703963007 50.5518432621646)))","4759","259","159","418","5177"
"MULTIPOLYGON (((8.7112895292016 50.6296578934515,8.71229957625685 50.6298815140573,8.71304938377126 50.6294778801349,8.71278913736512 50.6288506286552,8.71177910102535 50.6286270115603,8.71102930037636 50.6290306424342,8.7112895292016 50.6296578934515)))","76648","52648","31848","84496","161144"
"MULTIPOLYGON (((8.64200510528186 50.564135079202,8.64301361028085 50.564359283848,8.64376283784996 50.5639556714059,8.64350355352187 50.5633278573535,8.64249505918245 50.5631036562298,8.64174583851166 50.5635072656363,8.64200510528186 50.564135079202)))","26544","1944","1944","3888","30432"
"MULTIPOLYGON (((8.65860327342235 50.5644028026124,8.659611925089 50.5646268737641,8.66036112625252 50.564223138942,8.66010166886216 50.563595336006,8.65909302786377 50.5633712683747,8.65834383358762 50.5637750001591,8.65860327342235 50.5644028026124)))","277784","83284","68084","151368","429152"
"MULTIPOLYGON (((8.68364294892109 50.61384745946,8.68465252989751 50.6140713090959,8.6854022169751 50.6136677621555,8.68514231619574 50.6130403686232,8.68413274591565 50.612816522502,8.68338306571865 50.6132200663985,8.68364294892109 50.61384745946)))","22783","5183","5083","10266","33049"
"MULTIPOLYGON (((8.67112763441125 50.6190482345057,8.67213718300794 50.6192721826662,8.67288694816769 50.6188687690439,8.67262715784095 50.618241410304,8.6716176199357 50.6180174656594,8.67086786166584 50.6184208762389,8.67112763441125 50.6190482345057)))","89431","117031","57431","174462","263893"
"MULTIPOLYGON (((8.70889652544212 50.5641600832206,8.70990560554255 50.5643837500718,8.71065471475593 50.5639796365524,8.71039473701488 50.5633518592259,8.70938566760861 50.5631281958896,8.70863656524934 50.5635323063649,8.70889652544212 50.5641600832206)))","2006","306","206","512","2518"
"MULTIPOLYGON (((8.65589297293827 50.5489747408465,8.65690137881466 50.5491988399825,8.65765041950946 50.5487950083834,8.65739104744186 50.5481670806847,8.65638265222766 50.5479429850702,8.65563361841896 50.5483468136329,8.65589297293827 50.5489747408465)))","82613","33213","25513","58726","141339"
"MULTIPOLYGON (((8.63460171447299 50.5550760786829,8.63561002509953 50.5553003464428,8.6363591686348 50.5548967207394,8.63609999464223 50.5542688303103,8.63509169466869 50.5540445660739,8.63434255803482 50.5544481887432,8.63460171447299 50.5550760786829)))","1429549","101149","86149","187298","1616847"
"MULTIPOLYGON (((8.67998748257467 50.5651600159329,8.68099632896317 50.5653839148737,8.68174550036744 50.564980025542,8.68148581850993 50.5643522403101,8.68047698280096 50.5641283448872,8.67972781827012 50.5645322311785,8.67998748257467 50.5651600159329)))","4237","737","737","1474","5711"
"MULTIPOLYGON (((8.67513631788401 50.5401324739173,8.67614476170666 50.5403564219415,8.67689367371001 50.5399523790406,8.67663413501905 50.539324391154,8.67562570186579 50.5391004466498,8.67487679673417 50.5395044865123,8.67513631788401 50.5401324739173)))","9075","275","175","450","9525"
"MULTIPOLYGON (((8.67678268750827 50.5507635982643,8.67779129872476 50.5509875287836,8.67854032161824 50.5505835542063,8.67828072642263 50.5499556521489,8.67727212587967 50.5497317251487,8.67652310985891 50.5501356966868,8.67678268750827 50.5507635982643)))","343","143","0","143","486"
"MULTIPOLYGON (((8.63615675838825 50.5588433100477,8.63716513672305 50.5590675638063,8.63791431788217 50.5586639550379,8.6376551138055 50.5580360955454,8.63664674612565 50.55781184531,8.63589757186761 50.5582154510438,8.63615675838825 50.5588433100477)))","28230","1030","730","1760","29990"
"MULTIPOLYGON (((8.66155213855565 50.6180630492497,8.66256159054911 50.6182870748263,8.66331136210444 50.617883725485,8.66305167477044 50.6172563536085,8.66204223346316 50.6170323315487,8.66129246880386 50.6174356778486,8.66155213855565 50.6180630492497)))","261447","24147","22947","47094","308541"
"MULTIPOLYGON (((8.67564830130993 50.5989682794235,8.6766575985336 50.5991921994826,8.67740714012522 50.5987885993999,8.67714737761035 50.5981610823003,8.67613809107431 50.5979371657577,8.67538855636563 50.5983407627983,8.67564830130993 50.5989682794235)))","1127458","22758","20858","43616","1171074"
"MULTIPOLYGON (((8.64116560825021 50.5975807643719,8.64217458877985 50.5978049622331,8.64292417647123 50.5974016100701,8.6426647767277 50.5967740630836,8.64165580686745 50.5965498687427,8.64090622608149 50.5969532178681,8.64116560825021 50.5975807643719)))","758","158","0","158","916"
"MULTIPOLYGON (((8.70868430120901 50.5857755483093,8.70969369153309 50.5859992080351,8.71044303277551 50.5855952602129,8.71018297683549 50.5849676557103,8.70917359721209 50.5847439994982,8.7084242628282 50.585147944275,8.70868430120901 50.5857755483093)))","36762","5762","5762","11524","48286"
"MULTIPOLYGON (((8.70631532740409 50.615453485801,8.70732512630005 50.6156771523491,8.70807479018043 50.6152734477306,8.70781464829908 50.6146460796112,8.70680486011166 50.6144224165753,8.7060552030972 50.6148261181468,8.70631532740409 50.615453485801)))","11159","2359","859","3218","14377"
"MULTIPOLYGON (((8.66009857147937 50.5436359596379,8.66110693656337 50.5438600271163,8.66185591267233 50.5434561234886,8.66159651681511 50.5428281554194,8.66058816239382 50.5426040914624,8.65983919316715 50.5430079920534,8.66009857147937 50.5436359596379)))","113579","8679","8579","17258","130837"
"MULTIPOLYGON (((8.68350352561451 50.564800006549,8.68451239700932 50.5650238773645,8.68526155831263 50.5646199589534,8.68500184135019 50.5639921727676,8.68399298063663 50.5637683054697,8.68324382620437 50.5641722208399,8.68350352561451 50.564800006549)))","628","228","0","228","856"
"MULTIPOLYGON (((8.71397298879999 50.5675657195972,8.71498216158093 50.567789344222,8.71573129820421 50.5673852185241,8.71547125519522 50.5667574712465,8.71446209311212 50.5665338501359,8.7137129633403 50.5669379727888,8.71397298879999 50.5675657195972)))","5504","404","0","404","5908"
"MULTIPOLYGON (((8.64258084887161 50.5699645440066,8.64358944292045 50.5701887416798,8.64433873194924 50.5697851691762,8.64407942003033 50.5691574020355,8.64307083664315 50.5689332078841,8.64232155451338 50.5693367773516,8.64258084887161 50.5699645440066)))","47662","15362","14362","29724","77386"
"MULTIPOLYGON (((8.71246705122138 50.6236523844049,8.71347702149192 50.6238759980351,8.71422676239696 50.6234723096407,8.71396652616806 50.6228450106645,8.71295656661175 50.6226214005453,8.71220683257019 50.6230250858915,8.71246705122138 50.6236523844049)))","272831","101431","98631","200062","472893"
"MULTIPOLYGON (((8.63883134945863 50.5919326599783,8.63984022831531 50.5921568788964,8.64058975951638 50.5917535013267,8.64033040495506 50.591125907876,8.63932153676487 50.5909016924788,8.63857201246961 50.5913050670115,8.63883134945863 50.5919326599783)))","1453","153","0","153","1606"
"MULTIPOLYGON (((8.71767601472728 50.5809276718493,8.71868541215665 50.5811512612142,8.71943468534217 50.5807472092198,8.71917455424678 50.580119570907,8.71816516752122 50.5798959850551,8.71741590118735 50.5803000340032,8.71767601472728 50.5809276718493)))","3717","117","0","117","3834"
"MULTIPOLYGON (((8.67424639560903 50.5490598949616,8.67525496047243 50.5492838465548,8.67600396961982 50.5488798780556,8.67574440702986 50.548251961002,8.67473585283811 50.5480280129284,8.67398685056478 50.5484319783888,8.67424639560903 50.5490598949616)))","488","188","188","376","864"
"MULTIPOLYGON (((8.69793298623403 50.5908022595921,8.69894235690212 50.5910260037529,8.6996917712425 50.5906221746557,8.69943180804832 50.5899946044421,8.69842244807688 50.5897708637958,8.69767304060312 50.5901746898487,8.69793298623403 50.5908022595921)))","6209","609","409","1018","7227"
"MULTIPOLYGON (((8.63958639603888 50.5516226477982,8.6405946997902 50.5518468768947,8.64134379757287 50.5514431876159,8.64108458470698 50.5508152722752,8.64007629161019 50.5505910467019,8.63932720072493 50.5509947329461,8.63958639603888 50.5516226477982)))","1130","130","0","130","1260"
"MULTIPOLYGON (((8.67141698036865 50.621961003664,8.67242657357478 50.6221849482948,8.6731763695031 50.6217815546432,8.67291656533515 50.6211542194038,8.67190698282152 50.6209302782887,8.67115719378345 50.6213336688973,8.67141698036865 50.621961003664)))","799","599","499","1098","1897"
"MULTIPOLYGON (((8.65638265222766 50.5479429850702,8.65739104744186 50.5481670806847,8.65814007622466 50.5477632375864,8.65788070290777 50.5471353019102,8.65687231835563 50.5469112098173,8.65612329645846 50.5473150498791,8.65638265222766 50.5479429850702)))","22723","10723","8123","18846","41569"
"MULTIPOLYGON (((8.71016558205108 50.5650115194165,8.71117468532171 50.5652351757123,8.71192380138858 50.5648310591486,8.71166380733148 50.5642032893335,8.71065471475593 50.5639796365524,8.70990560554255 50.5643837500718,8.71016558205108 50.5650115194165)))","890","390","0","390","1280"
"MULTIPOLYGON (((8.73389844998586 50.5714089520115,8.73490784900748 50.5716324147302,8.73565699109255 50.5712281689579,8.73539672731705 50.5706004635147,8.7343873390047 50.5703770043077,8.73363820375871 50.5707812470323,8.73389844998586 50.5714089520115)))","187","187","0","187","374"
"MULTIPOLYGON (((8.63837272398789 50.5753002034593,8.63938135879724 50.5755244327953,8.64013071242942 50.5751209323484,8.63987142434952 50.5744932056014,8.63886280020133 50.5742689797873,8.63811345347201 50.5746724771984,8.63837272398789 50.5753002034593)))","3428","828","528","1356","4784"
"MULTIPOLYGON (((8.73663471068525 50.5691642240581,8.7376441007396 50.5693876656746,8.7383932138599 50.5689833823694,8.7381329300892 50.5683556604957,8.73712355074486 50.5681322223908,8.73637444446135 50.5685365026481,8.73663471068525 50.5691642240581)))","1339","139","0","139","1478"
"MULTIPOLYGON (((8.61633385301515 50.5618456086329,8.61734210388082 50.5620700204194,8.61809135198254 50.5616665830565,8.61783234230394 50.5610387369394,8.61682410208392 50.5608143286779,8.61607486089693 50.5612177630086,8.61633385301515 50.5618456086329)))","2865","265","0","265","3130"
"MULTIPOLYGON (((8.71339109215808 50.5617353070892,8.71440017581526 50.5619589387708,8.71514925102424 50.5615547731779,8.71488923572547 50.560926978948,8.71388016276406 50.560703350781,8.71313109440579 50.5611075133293,8.71339109215808 50.5617353070892)))","602","402","0","402","1004"
"MULTIPOLYGON (((8.66157786008031 50.6004046894397,8.66258705707545 50.600628722056,8.6633366390223 50.600225238339,8.66307701708166 50.599597725046,8.66206783076735 50.5993736959476,8.66131825571301 50.5997771766244,8.66157786008031 50.6004046894397)))","582333","69833","38733","108566","690899"
"MULTIPOLYGON (((8.62667600829149 50.5647171751792,8.62768438968664 50.5649415027459,8.62843365043544 50.56453800964,8.62817452288076 50.5639101920012,8.62716615213749 50.5636858679584,8.62641689829715 50.5640893580306,8.62667600829149 50.5647171751792)))","688491","127391","108591","235982","924473"
"MULTIPOLYGON (((8.7323370481118 50.5676426446255,8.73334637939221 50.567866121453,8.73409548393262 50.5674618587857,8.7338352503534 50.5668341223382,8.73282592978032 50.5666106490227,8.73207683207926 50.5670149086429,8.7323370481118 50.5676426446255)))","130047","78047","77247","155294","285341"
"MULTIPOLYGON (((8.67014762380369 50.6211097137053,8.67115719378345 50.6213336688973,8.67190698282152 50.6209302782887,8.67164719498894 50.6203029355307,8.67063763570072 50.6200789838545,8.66988785355363 50.6204823714204,8.67014762380369 50.6211097137053)))","45733","77133","49933","127066","172799"
"MULTIPOLYGON (((8.65209231599174 50.6062765822956,8.65310151621712 50.6065006887733,8.65385117795814 50.6060973207692,8.65359163257398 50.6054698493269,8.6525824430263 50.6052457463679,8.65183278818522 50.6056491113325,8.65209231599174 50.6062765822956)))","581886","285486","187886","473372","1055258"
"MULTIPOLYGON (((8.69963251165821 50.5484207950465,8.70064128526109 50.5486445427902,8.70139024245597 50.5482403792303,8.70113041919091 50.5476124709687,8.70012165627258 50.5473887267418,8.69937270593487 50.5477928872598,8.69963251165821 50.5484207950465)))","2208","108","0","108","2316"
"MULTIPOLYGON (((8.66146441810161 50.6112063879094,8.66247377021709 50.6114304170108,8.66322346830441 50.6110270162177,8.66296380738165 50.6103995893642,8.66195446595023 50.6101755637801,8.66120477475762 50.6105789615322,8.66146441810161 50.6112063879094)))","96198","63898","37798","101696","197894"
"MULTIPOLYGON (((8.73329962966775 50.6009148599018,8.73430944977492 50.6011383152793,8.73505890925731 50.6007342980553,8.73479854178741 50.6001068285032,8.73378873239828 50.5998833766357,8.7330392797611 50.6002873908104,8.73329962966775 50.6009148599018)))","987","287","0","287","1274"
"MULTIPOLYGON (((8.70249036762582 50.6305575303916,8.70350035217323 50.6307812214454,8.70425018509373 50.6303776602878,8.70399002659551 50.6297504111239,8.70298005275931 50.6295267235818,8.70223022671022 50.629930281692,8.70249036762582 50.6305575303916)))","292","192","0","192","484"
"MULTIPOLYGON (((8.65033253090572 50.5465982393417,8.65134085469975 50.5468223841095,8.6520898797562 50.546418576154,8.65183057412939 50.5457906264663,8.65082226099392 50.5455664852207,8.6500732428268 50.5459702901407,8.65033253090572 50.5465982393417)))","2412","512","512","1024","3436"
"MULTIPOLYGON (((8.72364879335379 50.5577361989219,8.72465790724203 50.5579597497055,8.72540692126464 50.557555476926,8.72514681455597 50.5569276564085,8.72413771136755 50.5567041091386,8.72338870418808 50.5571083788726,8.72364879335379 50.5577361989219)))","8680","1380","880","2260","10940"
"MULTIPOLYGON (((8.65085203848819 50.5877640475911,8.65186096062931 50.5879881715879,8.65261042592106 50.5875846722454,8.65235096217477 50.5869570519443,8.65134205070506 50.5867329314673,8.65059259231038 50.5871364277717,8.65085203848819 50.5877640475911)))","599055","250955","172655","423610","1022665"
"MULTIPOLYGON (((8.65494582560751 50.5932330226209,8.65595486195175 50.5934571114845,8.65670437867884 50.5930536229963,8.65644485216632 50.5924260486836,8.65543582649723 50.592201963339,8.65468631666565 50.5926054487881,8.65494582560751 50.5932330226209)))","33862","3462","2962","6424","40286"
"MULTIPOLYGON (((8.6760930453145 50.5557427027204,8.67710172240572 50.5559666367775,8.67785079984194 50.5555627051525,8.67759119331292 50.5549348425099,8.67658252689637 50.5547109119717,8.67583345633428 50.5551148405573,8.6760930453145 50.5557427027204)))","8192","492","392","884","9076"
"MULTIPOLYGON (((8.70158901118853 50.544292404987,8.70259774205351 50.5445161386635,8.70334665157023 50.5441119291236,8.70308682336699 50.5434839889493,8.70207810318632 50.5432602587897,8.70132920052469 50.5436644652877,8.70158901118853 50.544292404987)))","11633","133","0","133","11766"
"MULTIPOLYGON (((8.65171713049773 50.5965054094648,8.65272618632465 50.5967295229499,8.65347574386445 50.5963260835212,8.65321623867921 50.5956985336463,8.65220719352681 50.5954744236805,8.65145764288525 50.5958778600704,8.65171713049773 50.5965054094648)))","11544","2844","2644","5488","17032"
"MULTIPOLYGON (((8.66067571040918 50.549467239058,8.66168416451114 50.5496912995616,8.66243320203343 50.5492874358539,8.66217377857077 50.5486595146798,8.66116533513358 50.5484354576973,8.66041630449436 50.5488393183679,8.66067571040918 50.549467239058)))","2139","139","0","139","2278"
"MULTIPOLYGON (((8.62229974660319 50.5563307840119,8.62330796936243 50.5565551500867,8.62405714792648 50.556151626134,8.62379809682173 50.5555237391391,8.62278988470954 50.5552993765891,8.62204071305519 50.5557028975093,8.62229974660319 50.5563307840119)))","9695","295","0","295","9990"
"MULTIPOLYGON (((8.6975181248867 50.616353246639,8.6985278612756 50.6165769836063,8.69927755053072 50.6161733517383,8.69901749652509 50.615545985949,8.69800777084046 50.6153222524948,8.69725808845726 50.6157258813168,8.6975181248867 50.616353246639)))","18004","4304","2104","6408","24412"
"MULTIPOLYGON (((8.70904007437331 50.6308687255018,8.71005011964528 50.6310923637091,8.71079994419366 50.6306887558445,8.71053971660305 50.6300615128209,8.70952968204577 50.6298378781247,8.70877986436452 50.6302414829411,8.70904007437331 50.6308687255018)))","30595","6795","4595","11390","41985"
"MULTIPOLYGON (((8.66692730855276 50.5468640713668,8.66793577886731 50.5470880826715,8.66868477746417 50.5466841523594,8.66842529886822 50.5460562137806,8.66741683922091 50.5458322059965,8.66666784750246 50.5462361332708,8.66692730855276 50.5468640713668)))","417","117","0","117","534"
"MULTIPOLYGON (((8.64307083664315 50.5689332078841,8.64407942003033 50.5691574020355,8.64482869714241 50.5687538180291,8.64456938396902 50.5681260429074,8.64356081124349 50.5679018522777,8.6428115410299 50.5683054332481,8.64307083664315 50.5689332078841)))","310430","107430","82830","190260","500690"
"MULTIPOLYGON (((8.61727745143262 50.5774492266395,8.61828593551576 50.5776736245894,8.61903534922653 50.5772702986183,8.61877627193709 50.5766425777304,8.61776779850482 50.5764181833046,8.61701839171124 50.5768215062425,8.61727745143262 50.5774492266395)))","362","162","0","162","524"
"MULTIPOLYGON (((8.6320668662383 50.5533717242284,8.63307513046631 50.5535960130327,8.63382426019819 50.5531923933973,8.6335651187994 50.5525644879913,8.63255686522257 50.552340202711,8.63180774239342 50.5527438193127,8.6320668662383 50.5533717242284)))","1203","103","103","206","1409"
"MULTIPOLYGON (((8.64560666676605 50.5706371124407,8.64661529656202 50.5708612855279,8.64736458746916 50.5704576954488,8.64710524168328 50.569829935319,8.64609662255077 50.5696057657532,8.64534733854081 50.5700093527959,8.64560666676605 50.5706371124407)))","9271","1871","1671","3542","12813"
"MULTIPOLYGON (((8.69291124791544 50.6295746966662,8.69392113598171 50.6297984652178,8.69467097544763 50.6293949683642,8.69441091996983 50.6287677060053,8.69340104260954 50.6285439409666,8.69265121002117 50.628947434774,8.69291124791544 50.6295746966662)))","13375","975","675","1650","15025"
"MULTIPOLYGON (((8.64376283784996 50.5639556714059,8.64477135539019 50.5641798620003,8.64552057794178 50.5637762350203,8.64526127605616 50.5631484204817,8.64425276917637 50.5629242334093,8.64350355352187 50.5633278573535,8.64376283784996 50.5639556714059)))","72688","4888","3688","8576","81264"
"MULTIPOLYGON (((8.72262980086311 50.6304591141841,8.72363995679641 50.6306826431636,8.72438975258493 50.6302789303758,8.72412938558219 50.6296516916584,8.7231192403705 50.6294281661884,8.72236945144007 50.6298318759263,8.72262980086311 50.6304591141841)))","3525","825","825","1650","5175"
"MULTIPOLYGON (((8.67874425387432 50.6241557567457,8.67975394181748 50.6243796415287,8.68050374830247 50.6239762096458,8.68024385995857 50.6233488960238,8.67923418271235 50.6231250147554,8.67848438311325 50.6235284435944,8.67874425387432 50.6241557567457)))","2417","517","417","934","3351"
"MULTIPOLYGON (((8.71677904091142 50.6075148473661,8.71778881479809 50.6077384329907,8.71853837474207 50.6073345896581,8.71827815394202 50.6067071637488,8.71726839076687 50.6064835816357,8.71651883768035 50.6068874219206,8.71677904091142 50.6075148473661)))","480737","166537","146437","312974","793711"
"MULTIPOLYGON (((8.68687150050784 50.6105748477392,8.68788106191078 50.6107986727531,8.68863070811054 50.6103950767503,8.68837078602962 50.6097676587779,8.68736123532367 50.6095438372787,8.68661159600172 50.6099474302373,8.68687150050784 50.6105748477392)))","5963","163","0","163","6126"
"MULTIPOLYGON (((8.66616342193947 50.6048416888777,8.66717272248533 50.6050656828048,8.66792234392854 50.6046621984294,8.66766265793563 50.6040347231682,8.6666533680743 50.6038107327583,8.66590375352146 50.6042142140925,8.66616342193947 50.6048416888777)))","2537","337","137","474","3011"
"MULTIPOLYGON (((8.63915056563791 50.5771833512857,8.64015923432024 50.5774075736112,8.64090860677312 50.5770040816322,8.6406493036411 50.5763763703639,8.63964064562089 50.5761521515602,8.63889128007073 50.5765556405031,8.63915056563791 50.5771833512857)))","964","164","164","328","1292"
"MULTIPOLYGON (((8.67660595135004 50.6145659624136,8.67761548223693 50.6147898683587,8.67836518953951 50.6143863796139,8.67810535906992 50.6137589879671,8.6770958388759 50.6135350855374,8.67634613845872 50.6139385712391,8.67660595135004 50.6145659624136)))","8543","1043","0","1043","9586"
"MULTIPOLYGON (((8.63272647548501 50.5660630177182,8.63373492840634 50.5662872961386,8.6344841929546 50.5658837678889,8.63422499767691 50.5652559642536,8.63321655541099 50.5650316893563,8.63246729776747 50.5654352145714,8.63272647548501 50.5660630177182)))","60091","42791","21691","64482","124573"
"MULTIPOLYGON (((8.71238717651747 50.5991342887742,8.71339679160025 50.5993579132085,8.71414626948925 50.5989540391088,8.71388612543684 50.5983265436216,8.71287652106075 50.5981029226998,8.71212705003049 50.5985067937528,8.71238717651747 50.5991342887742)))","613539","198939","179939","378878","992417"
"MULTIPOLYGON (((8.72500224389669 50.5831202411169,8.7260117357946 50.5833437706251,8.72676101935449 50.5829396804012,8.72650080416934 50.5823120637164,8.72549132297973 50.5820885377201,8.72474204626706 50.5824926248968,8.72500224389669 50.5831202411169)))","2708","208","0","208","2916"
"MULTIPOLYGON (((8.70660618093823 50.6183665834873,8.70761602445871 50.6185902464862,8.7083657190943 50.6181865618272,8.70810556334323 50.6175592172167,8.70709573053232 50.6173355577298,8.70634604276302 50.6177392393416,8.70660618093823 50.6183665834873)))","7695","695","395","1090","8785"
"MULTIPOLYGON (((8.71520573467227 50.6214102923965,8.71621569600553 50.6216338849156,8.71696540792853 50.6212301589627,8.7167051516572 50.6206028435392,8.71569520103889 50.6203792545309,8.71494549597711 50.6207829774354,8.71520573467227 50.6214102923965)))","11019","3819","3419","7238","18257"
"MULTIPOLYGON (((8.65842856581172 50.5506787605381,8.65943701805838 50.5509028386146,8.66018607252342 50.550499000942,8.65992666785718 50.5498710882297,8.65891822627451 50.5496470136745,8.65816917869425 50.5500508483103,8.65842856581172 50.5506787605381)))","14319","3519","1919","5438","19757"
"MULTIPOLYGON (((8.65413553386535 50.5491544447236,8.65514392721785 50.54937855791,8.65589297293827 50.5489747408465,8.65563361841896 50.5483468136329,8.65462523572778 50.5481227039683,8.65387619689468 50.5485265179956,8.65413553386535 50.5491544447236)))","489384","285484","211484","496968","986352"
"MULTIPOLYGON (((8.62475030544942 50.5511735520919,8.62575847497408 50.5513979005427,8.62650759399944 50.5509943190773,8.62624853659321 50.5503663921938,8.62524037771533 50.5501420472679,8.62449126559702 50.5505456257006,8.62475030544942 50.5511735520919)))","1127","327","227","554","1681"
"MULTIPOLYGON (((8.64038747680541 50.5956981093715,8.64139642344219 50.5959223142528,8.64214599230284 50.595518953621,8.64188660762126 50.5948913911453,8.64087767165289 50.5946671897844,8.6401281096978 50.5950705473789,8.64038747680541 50.5956981093715)))","1134","134","0","134","1268"
"MULTIPOLYGON (((8.61514971626812 50.5678539438021,8.61615804357976 50.5680783626943,8.61690735814716 50.5676749798219,8.6166483384864 50.5670471810897,8.61564002182162 50.5668227657223,8.61489071417091 50.5672261455624,8.61514971626812 50.5678539438021)))","8059","1159","1159","2318","10377"
"MULTIPOLYGON (((8.72256695032242 50.5706099272309,8.72357624071639 50.5708334814661,8.72432539457008 50.5704293145016,8.72406525118351 50.5698015963483,8.72305597149272 50.5695780456261,8.72230682448544 50.5699822095444,8.72256695032242 50.5706099272309)))","3170","570","170","740","3910"
"MULTIPOLYGON (((8.69580991078987 50.5635390726992,8.69681886964995 50.5637628450628,8.69756799555374 50.5633588248723,8.69730815573494 50.5627310353605,8.69629920756207 50.5625072665132,8.69555008852092 50.5629112836613,8.69580991078987 50.5635390726992)))","610951","254751","217951","472702","1083653"
"MULTIPOLYGON (((8.7074148956888 50.5849242739869,8.7084242628282 50.585147944275,8.70917359721209 50.5847439994982,8.70891355759754 50.5841163874784,8.70790420115788 50.583892720704,8.70715487363317 50.5842966624357,8.7074148956888 50.5849242739869)))","20488","3988","3288","7276","27764"
"MULTIPOLYGON (((8.65134205070506 50.5867329314673,8.65235096217477 50.5869570519443,8.65310041554224 50.5865535410974,8.65284095054358 50.5859259128118,8.65183204974521 50.5857017958547,8.65108260327429 50.5861053036634,8.65134205070506 50.5867329314673)))","1348052","285452","280052","565504","1913556"
"MULTIPOLYGON (((8.68803161630647 50.6222269178397,8.6890413561624 50.6224507287036,8.68979112540326 50.6220472125611,8.68953114790894 50.6214198885997,8.68852141875416 50.6211960812495,8.68777165639267 50.621599594347,8.68803161630647 50.6222269178397)))","25866","8566","6566","15132","40998"
"MULTIPOLYGON (((8.66312370242689 50.5443081374936,8.66413210320557 50.544532180392,8.66488108116513 50.5441282591924,8.66462165146568 50.5435002981316,8.66361326135145 50.5432762587542,8.66286429027236 50.5436801769167,8.66312370242689 50.5443081374936)))","1921","221","121","342","2263"
"MULTIPOLYGON (((8.6350066626558 50.5471823029395,8.63601486297763 50.5474065706003,8.63676392125892 50.5470028819575,8.63650477231903 50.5463749286876,8.63549658264804 50.5461506645508,8.63474753126626 50.54655435016,8.6350066626558 50.5471823029395)))","156","156","0","156","312"
"MULTIPOLYGON (((8.62320923752974 50.5895992876721,8.62421794811277 50.5898236330677,8.62496748173999 50.5894203548967,8.62470829786862 50.5887927343649,8.62369959794327 50.5885683924921,8.62295007123174 50.5889716676283,8.62320923752974 50.5895992876721)))","1465","465","165","630","2095"
"MULTIPOLYGON (((8.70584031383337 50.5988236951342,8.70684986825829 50.5990473723782,8.70759935452251 50.5986435449665,8.70733927949894 50.5980160433568,8.7063297357772 50.597792369626,8.70558025637597 50.5981961939918,8.70584031383337 50.5988236951342)))","4818","418","118","536","5354"
"MULTIPOLYGON (((8.7383932138599 50.5689833823694,8.73940261636366 50.5692068099065,8.74015172438573 50.5688025120585,8.73989142306857 50.5681747897216,8.73888203127566 50.5679513656958,8.7381329300892 50.5683556604957,8.7383932138599 50.5689833823694)))","393","293","193","486","879"
"MULTIPOLYGON (((8.72451315164902 50.5841519250305,8.72552265425526 50.5843754580507,8.72627194975187 50.5839713793244,8.7260117357946 50.5833437706251,8.72500224389669 50.5831202411169,8.72425295524782 50.583524316796,8.72451315164902 50.5841519250305)))","246","146","0","146","392"
"MULTIPOLYGON (((8.68725175166142 50.6203449318474,8.68826145759847 50.6205687497652,8.68901120801752 50.6201652251622,8.68875124562013 50.6195378856863,8.68774155038327 50.6193140712825,8.68699180684373 50.6197175928407,8.68725175166142 50.6203449318474)))","26244","5444","4344","9788","36032"
"MULTIPOLYGON (((8.66087673651363 50.5455198314537,8.66188513544095 50.5457438919242,8.6626341303433 50.545339996758,8.6623747194363 50.5447120441581,8.66136633117265 50.5444879872088,8.66061734315246 50.5448918793382,8.66087673651363 50.5455198314537)))","2043","143","143","286","2329"
"MULTIPOLYGON (((8.71590536986301 50.5987737608142,8.71691500991223 50.5989973570844,8.71766447763555 50.5985934538899,8.71740429845348 50.5979659574723,8.71639466911263 50.5977423647142,8.71564520824559 50.5981462648616,8.71590536986301 50.5987737608142)))","4942","1142","542","1684","6626"
"MULTIPOLYGON (((8.61588951035045 50.5874010040697,8.61689812610184 50.5876254091587,8.61764764897897 50.5872221691739,8.61738854918475 50.5865945271339,8.61637994408655 50.5863701255686,8.6156304281295 50.5867733625197,8.61588951035045 50.5874010040697)))","85141","2941","441","3382","88523"
"MULTIPOLYGON (((8.62500243262739 50.5717567198217,8.62601090114979 50.5719810580063,8.62676024028663 50.5715776308913,8.62650110399023 50.5709498686258,8.62549264612096 50.5707255339649,8.62474331389511 50.571128958046,8.62500243262739 50.5717567198217)))","459","359","159","518","977"
"MULTIPOLYGON (((8.70874906342456 50.6279561109369,8.70975906405464 50.6281797527009,8.71050885783754 50.6277761248751,8.71024864412368 50.6271488583336,8.70923865420723 50.6269252200809,8.70848886729113 50.6273288448586,8.70874906342456 50.6279561109369)))","54189","21889","17289","39178","93367"
"MULTIPOLYGON (((8.70576279545223 50.5742975886183,8.70677199498139 50.5745212765459,8.70752121840789 50.5741172634578,8.70726123544716 50.5734895654864,8.70625204661365 50.5732658810734,8.70550283004533 50.5736698911172,8.70576279545223 50.5742975886183)))","196487","40087","35087","75174","271661"
"MULTIPOLYGON (((8.61637994408655 50.5863701255686,8.61738854918475 50.5865945271339,8.61813806014423 50.5861912756418,8.61787895908606 50.5855636256181,8.61687036464099 50.5853392275765,8.61612086060107 50.5857424760349,8.61637994408655 50.5863701255686)))","205821","2421","821","3242","209063"
"MULTIPOLYGON (((8.71943468534217 50.5807472092198,8.72044409524392 50.580970784507,8.72119336334551 50.5805667179684,8.72093321469502 50.5799390791893,8.71992381549792 50.5797155074149,8.71917455424678 50.580119570907,8.71943468534217 50.5807472092198)))","4408","2708","1408","4116","8524"
"MULTIPOLYGON (((8.66203127802537 50.5571816538554,8.66303985501546 50.5574057003644,8.66378897276009 50.5570018850404,8.66352950663103 50.5563740262453,8.6625209403088 50.5561499832567,8.66177182944787 50.5565537955429,8.66203127802537 50.5571816538554)))","216620","55820","53320","109140","325760"
"MULTIPOLYGON (((8.69891189674867 50.5887394485125,8.6999212460235 50.5889631856443,8.70067063649599 50.5885593335458,8.7004106708282 50.58793174736,8.69940133224988 50.5877080137427,8.69865194864297 50.5881118627969,8.69891189674867 50.5887394485125)))","195711","27811","27211","55022","250733"
"MULTIPOLYGON (((8.67600482440491 50.6263966706556,8.67701452121223 50.6266205765482,8.6777643566371 50.6262171822298,8.67750448836669 50.6255898850627,8.67649480225561 50.625365982685,8.67574497371882 50.6257693739596,8.67600482440491 50.6263966706556)))","11943","243","243","486","12429"
"MULTIPOLYGON (((8.68263470380327 50.5560543722078,8.68364344157993 50.5562782535469,8.68439251074632 50.5558742752681,8.68413283526625 50.5552464186907,8.68312410816771 50.5550225408698,8.68237504587121 50.5554265161083,8.68263470380327 50.5560543722078)))","1131","331","0","331","1462"
"MULTIPOLYGON (((8.72540692126464 50.557555476926,8.72641604761107 50.5577790136373,8.72716505654808 50.5573747263177,8.72690493229682 50.5567469053326,8.72589581665103 50.5565233721347,8.72514681455597 50.5569276564085,8.72540692126464 50.557555476926)))","3408","1508","208","1716","5124"
"MULTIPOLYGON (((8.64082297332113 50.5701438902448,8.64183155482543 50.5703681019711,8.64258084887161 50.5699645440066,8.64232155451338 50.5693367773516,8.64131298366995 50.5691125691473,8.64056369652398 50.569516124076,8.64082297332113 50.5701438902448)))","459278","239878","152578","392456","851734"
"MULTIPOLYGON (((8.68580187628663 50.6057792067918,8.68681135918137 50.6060030423861,8.68756095581242 50.6055994179595,8.68730106267122 50.6049719609825,8.68629159047146 50.6047481289032,8.685542000718 50.605151750286,8.68580187628663 50.6057792067918)))","4581","881","881","1762","6343"
"MULTIPOLYGON (((8.61388241007613 50.5670017161504,8.61489071417091 50.5672261455624,8.61564002182162 50.5668227657223,8.61538101846034 50.5661949595026,8.61437272501151 50.5659705336157,8.61362342427815 50.5663739104235,8.61388241007613 50.5670017161504)))","7231","1631","631","2262","9493"
"MULTIPOLYGON (((8.66387685438964 50.5638637258157,8.66488554362563 50.5640877547974,8.66563472969003 50.563683976359,8.66537521963476 50.5630561719774,8.66436654106959 50.5628321465156,8.663617361889 50.5632359219156,8.66387685438964 50.5638637258157)))","11689","1989","1289","3278","14967"
"MULTIPOLYGON (((8.67511404266592 50.557806225784,8.67612274110665 50.5580301668791,8.67687184237977 50.557626258251,8.67661223833711 50.5569984115674,8.67560355057118 50.5567744739913,8.67485445617322 50.5571783795799,8.67511404266592 50.557806225784)))","816412","285412","274612","560024","1376436"
"MULTIPOLYGON (((8.66260869584427 50.5630118823969,8.663617361889 50.5632359219156,8.66436654106959 50.5628321465156,8.66410704732115 50.5622043346351,8.66309839194636 50.5619802986363,8.66234921965023 50.5623840709982,8.66260869584427 50.5630118823969)))","12177","2277","977","3254","15431"
"MULTIPOLYGON (((8.68721920900963 50.5604929776947,8.68822805017682 50.5607168203772,8.68897715873784 50.5603128414332,8.68871741926398 50.5596850228478,8.6877085887786 50.5594611836827,8.68695948708536 50.5598651595857,8.68721920900963 50.5604929776947)))","213676","99676","85976","185652","399328"
"MULTIPOLYGON (((8.65765762005071 50.6086519356193,8.65866690249446 50.6088759963789,8.65941657989557 50.6084726047081,8.65915696795635 50.6078451553182,8.65814769619388 50.6076210980765,8.6573980256895 50.608024486707,8.65765762005071 50.6086519356193)))","233025","82925","52825","135750","368775"
"MULTIPOLYGON (((8.6676090293576 50.6194070795533,8.66861855288465 50.6196310558655,8.66936832814012 50.619227671342,8.6691085729764 50.6186003135487,8.66809906013911 50.6183763407527,8.66734929177591 50.6187797222339,8.6676090293576 50.6194070795533)))","7572","4272","4272","8544","16116"
"MULTIPOLYGON (((8.68502226466889 50.6038968217688,8.68603171366082 50.6041206644088,8.68678129147784 50.6037170315224,8.68652141342533 50.6030895590395,8.68551197512741 50.6028657199147,8.6847624041881 50.6032693497576,8.68502226466889 50.6038968217688)))","9303","403","303","706","10009"
"MULTIPOLYGON (((8.68056651902589 50.5709898039303,8.68157545450951 50.5712136958514,8.68232468735346 50.570809846436,8.68206497783971 50.5701821081404,8.68105605303773 50.5699582197369,8.68030682706797 50.5703620661114,8.68056651902589 50.5709898039303)))","289042","16642","3242","19884","308926"
"MULTIPOLYGON (((8.62577981890959 50.5736399742038,8.62678832130091 50.5738643053859,8.62753767926288 50.5734608867415,8.62727852792284 50.5728331399493,8.62627003618563 50.5726088122906,8.6255206851345 50.5730122279008,8.62577981890959 50.5736399742038)))","2249","149","0","149","2398"
"MULTIPOLYGON (((8.61825813239935 50.5753871204819,8.6192665951808 50.5756115113836,8.62001598506281 50.5752081624008,8.61975690524733 50.5745804255494,8.61874845311661 50.5743560381718,8.61799907015076 50.5747593841214,8.61825813239935 50.5753871204819)))","732","332","132","464","1196"
"MULTIPOLYGON (((8.60995941626525 50.5752504749352,8.6109678055297 50.5754749325476,8.61171720847236 50.575071644753,8.61145821522914 50.5744439023784,8.61044983661111 50.5742194482911,8.60970044059001 50.5746227330534,8.60995941626525 50.5752504749352)))","2417","117","117","234","2651"
"MULTIPOLYGON (((8.66661404470566 50.5616207682381,8.66762272511789 50.5618447761229,8.66837188230891 50.5614409601458,8.66811235220629 50.5608131393224,8.66710368246565 50.5605891349572,8.66635453215615 50.5609929478958,8.66661404470566 50.5616207682381)))","2040","640","440","1080","3120"
"MULTIPOLYGON (((8.65756317052238 50.5419318504369,8.65857148924703 50.5421559389709,8.65932045159069 50.5417520414163,8.65906108832621 50.5411240583639,8.65805278026244 50.5408999733517,8.65730382480238 50.54130386787,8.65756317052238 50.5419318504369)))","25008","10908","10808","21716","46724"
"MULTIPOLYGON (((8.69600903201829 50.5595920103615,8.69701793564363 50.5598157827249,8.69776701891401 50.5594117310848,8.69750719169735 50.5587839101235,8.69649829875812 50.5585601412767,8.69574922234951 50.5589641898746,8.69600903201829 50.5595920103615)))","2016","216","0","216","2232"
"MULTIPOLYGON (((8.67698476691861 50.6243352752151,8.67799444233354 50.624559174078,8.67874425387432 50.6241557567457,8.67848438311325 50.6235284435944,8.67747471839441 50.6233045482464,8.6767249137407 50.6237079625349,8.67698476691861 50.6243352752151)))","881","281","281","562","1443"
"MULTIPOLYGON (((8.6722884350958 50.5531872283326,8.6732970426465 50.5534111940039,8.67404609945825 50.5530072714964,8.67378654184332 50.5523793863565,8.67277794496454 50.5521554242048,8.67202889502892 50.5525593436734,8.6722884350958 50.5531872283326)))","627","127","0","127","754"
"MULTIPOLYGON (((8.73877434681931 50.5964275375133,8.73978414897423 50.5966509506753,8.74053355047818 50.5962468583607,8.74027314298663 50.595619355934,8.73926335155117 50.5953959462816,8.73851395688793 50.5958000355465,8.73877434681931 50.5964275375133)))","637","137","0","137","774"
"MULTIPOLYGON (((8.66282127663301 50.6189144387124,8.66383075185482 50.6191384537322,8.66458053030549 50.6187351013492,8.66432082663914 50.6181077369881,8.66331136210444 50.617883725485,8.66256159054911 50.6182870748263,8.66282127663301 50.6189144387124)))","58702","22102","18702","40804","99506"
"MULTIPOLYGON (((8.68569215822895 50.6165808202431,8.68670179633381 50.616804652265,8.68745150911118 50.616401110741,8.68719157690402 50.6157737402396,8.6861819494974 50.6155499117321,8.6854322435998 50.6159534502117,8.68569215822895 50.6165808202431)))","10935","4135","2835","6970","17905"
"MULTIPOLYGON (((8.65707354762334 50.5429637080474,8.65808187700895 50.5431878001032,8.65883085126281 50.5427839140468,8.65857148924703 50.5421559389709,8.65756317052238 50.5419318504369,8.65681420315267 50.542335733457,8.65707354762334 50.5429637080474)))","17186","10386","8086","18472","35658"
"MULTIPOLYGON (((8.64770980490528 50.5978949117699,8.64871884631317 50.5981190569016,8.64946842583654 50.5977156580676,8.64920895705094 50.5970881171402,8.64819992631589 50.5968639755281,8.64745035369373 50.5972673713237,8.64770980490528 50.5978949117699)))","1839","239","239","478","2317"
"MULTIPOLYGON (((8.71726839076687 50.6064835816357,8.71827815394202 50.6067071637488,8.71902770194269 50.6063033089151,8.71876747991142 50.6056758750161,8.71775772744772 50.6054522964145,8.71700818630394 50.6058561482005,8.71726839076687 50.6064835816357)))","345583","123883","95183","219066","564649"
"MULTIPOLYGON (((8.65332975992442 50.5649416220589,8.65433837400551 50.5651657353767,8.65508759025503 50.5647620441705,8.65482818553263 50.5641342426835,8.65381958211724 50.5639101328866,8.6530703727587 50.5643138210558,8.65332975992442 50.5649416220589)))","402715","102915","100815","203730","606445"
"MULTIPOLYGON (((8.70877664791197 50.5926354497589,8.70978613811867 50.5928591059236,8.71053555275709 50.5924552095083,8.71027547032914 50.5918276599742,8.70926599082527 50.5916040073226,8.70851658304667 50.5920079006921,8.70877664791197 50.5926354497589)))","569564","183064","175164","358228","927792"
"MULTIPOLYGON (((8.66027359077945 50.5573613940783,8.66128215524878 50.5575854546419,8.66203127802537 50.5571816538554,8.66177182944787 50.5565537955429,8.66076327564552 50.5563297385,8.66001415975383 50.556733536249,8.66027359077945 50.5573613940783)))","4600","300","300","600","5200"
"MULTIPOLYGON (((8.72617788871912 50.5771103506478,8.72718730390569 50.5773338731627,8.72793652094127 50.5769297285006,8.72767631594514 50.5763020643707,8.72666691146561 50.576078545368,8.72591770127529 50.576482686983,8.72617788871912 50.5771103506478)))","20334","5034","4734","9768","30102"
"MULTIPOLYGON (((8.65237810229391 50.5493341200153,8.65338648312079 50.5495582472515,8.65413553386535 50.5491544447236,8.65387619689468 50.5485265179956,8.65286782672828 50.5483023942812,8.65211878287223 50.5487061937731,8.65237810229391 50.5493341200153)))","1452","352","152","504","1956"
"MULTIPOLYGON (((8.68551197512741 50.6028657199147,8.68652141342533 50.6030895590395,8.68727097930621 50.6026859146496,8.68701110001206 50.6020584341785,8.68600167240808 50.6018345985689,8.68525211340441 50.6022382399152,8.68551197512741 50.6028657199147)))","59434","1134","934","2068","61502"
"MULTIPOLYGON (((8.72038038117119 50.631670182829,8.72139053533828 50.6318937294121,8.7221403481729 50.6314900426818,8.72187999998073 50.6308628124182,8.72086985653442 50.6306392693449,8.72012005055965 50.6310429530254,8.72038038117119 50.631670182829)))","2486","286","186","472","2958"
"MULTIPOLYGON (((8.68546126672471 50.5606730853545,8.6864700953949 50.5608969420996,8.68721920900963 50.5604929776947,8.68695948708536 50.5598651595857,8.68595066909619 50.5596413063582,8.68520156235036 50.5600452677223,8.68546126672471 50.5606730853545)))","741580","285480","272680","558160","1299740"
"MULTIPOLYGON (((8.72511550793103 50.5546398711471,8.72612458972004 50.5548634113897,8.72687356796077 50.5544591041277,8.72661345757104 50.5538312596685,8.72560438648167 50.5536077229396,8.72485541508252 50.5540120271561,8.72511550793103 50.5546398711471)))","19362","2762","2762","5524","24886"
"MULTIPOLYGON (((8.73994911737588 50.5904184384014,8.74095884276124 50.5906418445917,8.74170817771193 50.590237697839,8.74144778043864 50.5896101479458,8.7404380657715 50.5893867452654,8.73968873765957 50.5897908889684,8.73994911737588 50.5904184384014)))","4804","1004","804","1808","6612"
"MULTIPOLYGON (((8.71413383701845 50.6166152392068,8.71514371980206 50.6168388423473,8.71589338216268 50.6164350879823,8.71563315487887 50.615807733525,8.71462328280818 50.6155841338957,8.71387362730856 50.6159878852127,8.71413383701845 50.6166152392068)))","4849","1049","249","1298","6147"
"MULTIPOLYGON (((8.72560438648167 50.5536077229396,8.72661345757104 50.5538312596685,8.72736242388503 50.5534269409127,8.72710231226869 50.5527990884734,8.72609325187886 50.552575555258,8.72534429240593 50.5529798709684,8.72560438648167 50.5536077229396)))","1504","104","104","208","1712"
"MULTIPOLYGON (((8.63583699927722 50.5735962531765,8.63684558766475 50.5738205035746,8.63759492749053 50.5734170091991,8.6373356720247 50.5727892674611,8.63632709429648 50.5725650205853,8.6355777613749 50.5729685119254,8.63583699927722 50.5735962531765)))","4140","140","0","140","4280"
"MULTIPOLYGON (((8.64151513821166 50.5651664826918,8.64252365387033 50.56539069086,8.64327289335427 50.5649870899202,8.64301361028085 50.564359283848,8.64200510528186 50.564135079202,8.6412558726967 50.5645386771062,8.64151513821166 50.5651664826918)))","45474","8874","5374","14248","59722"
"MULTIPOLYGON (((8.71032374777466 50.614062281769,8.7113335609505 50.6142859166345,8.71208320272618 50.6138821714129,8.7118230244631 50.6132547943732,8.71081322199742 50.6130311630195,8.71006358708477 50.6134349051938,8.71032374777466 50.614062281769)))","168718","13318","13118","26436","195154"
"MULTIPOLYGON (((8.7054721617747 50.5713827491246,8.70648131673607 50.5716064405797,8.70723050944587 50.5712024075401,8.70697054033664 50.5705746860896,8.70596139606991 50.5703509981493,8.70521221021789 50.5707550281448,8.7054721617747 50.5713827491246)))","8423","723","623","1346","9769"
"MULTIPOLYGON (((8.70294928755452 50.5520077204173,8.70395814133711 50.5522314400366,8.70470713102128 50.5518272788451,8.7044472600673 50.5511994010769,8.70343841697209 50.5509756849738,8.70268943414361 50.5513798431228,8.70294928755452 50.5520077204173)))","1067","467","167","634","1701"
"MULTIPOLYGON (((8.64122732001865 50.5622516230317,8.64223579115721 50.562475834684,8.64298499991399 50.5620722137754,8.64272573063389 50.5614443842499,8.64171727015397 50.5612201761199,8.64096806829562 50.5616237939932,8.64122732001865 50.5622516230317)))","34202","2402","2102","4504","38706"
"MULTIPOLYGON (((8.66476823899605 50.5549384943244,8.66577680716777 50.555162519738,8.66652589604678 50.5547586668779,8.66626640987276 50.5541307916423,8.6652578523696 50.5539067697489,8.66450877037204 50.5543106195711,8.66476823899605 50.5549384943244)))","772821","285421","279921","565342","1338163"
"MULTIPOLYGON (((8.62627003618563 50.5726088122906,8.62727852792284 50.5728331399493,8.62802787396999 50.5724297098002,8.62776872136978 50.5718019550266,8.62676024028663 50.5715776308913,8.62601090114979 50.5719810580063,8.62627003618563 50.5726088122906)))","1216","216","216","432","1648"
"MULTIPOLYGON (((8.66966378048065 50.5446203721069,8.67067224196951 50.5448443623178,8.67142121170336 50.5444403944748,8.67116171307222 50.543812439459,8.6701532622513 50.5435884527684,8.66940429939367 50.5439924175735,8.66966378048065 50.5446203721069)))","462","362","262","624","1086"
"MULTIPOLYGON (((8.66478153940005 50.614791468818,8.66579097187382 50.6150154697709,8.66654070257741 50.61461207136,8.66628099391411 50.613984675038,8.6652715721272 50.6137606776018,8.66452184831686 50.614164072971,8.66478153940005 50.614791468818)))","240671","149871","90571","240442","481113"
"MULTIPOLYGON (((8.63399412242623 50.5669150917937,8.63500259855496 50.5671393596873,8.63575187000733 50.5667358284029,8.63549265842701 50.5661080322597,8.6344841929546 50.5658837678889,8.63373492840634 50.5662872961386,8.63399412242623 50.5669150917937)))","422574","259974","161174","421148","843722"
"MULTIPOLYGON (((8.71656911513884 50.6291177675692,8.71757919967704 50.629341345901,8.71832899193022 50.6289376683193,8.71806869278347 50.6283104154549,8.71705861896327 50.6280868406333,8.71630883357194 50.628490515166,8.71656911513884 50.6291177675692)))","869","369","269","638","1507"
"MULTIPOLYGON (((8.64335876204832 50.5718478130178,8.64436738996516 50.5720720036807,8.64511669780981 50.5716684396439,8.64485737083887 50.5710406879805,8.64384875358469 50.5708165008392,8.64309945263895 50.5712200618398,8.64335876204832 50.5718478130178)))","541537","264637","154337","418974","960511"
"MULTIPOLYGON (((8.69834754516367 50.5652421624295,8.69935655037559 50.5654659136921,8.70010569000271 50.5650618874162,8.69984581755666 50.5644341129205,8.69883682303377 50.5642103651738,8.69808769026798 50.5646143884069,8.69834754516367 50.5652421624295)))","678122","279722","241622","521344","1199466"
"MULTIPOLYGON (((8.71442503369689 50.6195283319916,8.71543496111088 50.6197519315776,8.71618465422545 50.61934819717,8.71592441306483 50.6187208662247,8.71491449636479 50.6184972701498,8.71416481011159 50.6189010015091,8.71442503369689 50.6195283319916)))","329312","145812","115612","261424","590736"
"MULTIPOLYGON (((8.64750789877808 50.6018392682096,8.64851699542914 50.6020634133554,8.64926661763768 50.6016600460014,8.64900713629314 50.6010325365402,8.64799805031604 50.6008083949138,8.6472484350096 50.6012117592292,8.64750789877808 50.6018392682096)))","2172","272","172","444","2616"
"MULTIPOLYGON (((8.62336389429313 50.5611293348444,8.62437219541098 50.5613536904534,8.62512142352195 50.5609501949444,8.62486234360527 50.5603223468594,8.6238540531365 50.5600979947748,8.62310483193547 50.5605014872508,8.62336389429313 50.5611293348444)))","2319","119","0","119","2438"
"MULTIPOLYGON (((8.6520898797562 50.546418576154,8.65309821607694 50.5466427068734,8.65384723611137 50.5462388843828,8.65358791293701 50.5456109342088,8.65257958727567 50.5453868070115,8.65183057412939 50.5457906264663,8.6520898797562 50.546418576154)))","502281","285481","215281","500762","1003043"
"MULTIPOLYGON (((8.70200066930646 50.6315883177023,8.70301066456516 50.6318120122678,8.70376050943444 50.6314084626156,8.70350035217323 50.6307812214454,8.70249036762582 50.6305575303916,8.70174052962846 50.6309610769964,8.70200066930646 50.6315883177023)))","1859","259","0","259","2118"
"MULTIPOLYGON (((8.65385117795814 50.6060973207692,8.65486039072987 50.6063214131796,8.65561004743878 50.6059180306292,8.65535048447735 50.6052905587082,8.65434128238414 50.6050664698163,8.65359163257398 50.6054698493269,8.65385117795814 50.6060973207692)))","63727","42527","18827","61354","125081"
"MULTIPOLYGON (((8.726544947841 50.622210984307,8.72755501800345 50.6224344852102,8.72830471818158 50.6220306803988,8.72804434134355 50.6214033777343,8.72703428190215 50.6211798803407,8.72628458857787 50.6215836821022,8.726544947841 50.622210984307)))","1056","156","0","156","1212"
"MULTIPOLYGON (((8.65618137039281 50.5518902039123,8.6571898207807 50.5521142995617,8.6579388921868 50.5517104879245,8.65767950631867 50.5510825836747,8.656671066594 50.5508584915467,8.6559220020744 50.5512623001472,8.65618137039281 50.5518902039123)))","54934","26334","23134","49468","104402"
"MULTIPOLYGON (((8.70420307843318 50.5705313261337,8.70521221021789 50.5707550281448,8.70596139606991 50.5703509981493,8.70570144327879 50.5697232691867,8.70469232218779 50.5694995706906,8.70394314319427 50.5699035976423,8.70420307843318 50.5705313261337)))","1602","402","402","804","2406"
"MULTIPOLYGON (((8.63771198281527 50.5626103557811,8.6387204288658 50.5628345955337,8.63946964765135 50.5624310037001,8.63921041348566 50.561803175149,8.63820197809207 50.5615789389191,8.63745276620731 50.5619825277178,8.63771198281527 50.5626103557811)))","31229","4129","2729","6858","38087"
"MULTIPOLYGON (((8.71064140621773 50.581649236158,8.71165075373949 50.5818728818291,8.71240004724608 50.5814688880113,8.71213998637463 50.5808412515677,8.71113064955328 50.5806176094102,8.71038136290309 50.5810216001827,8.71064140621773 50.581649236158)))","629297","244397","192997","437394","1066691"
"MULTIPOLYGON (((8.68402275956299 50.6236170295527,8.68503248507997 50.6238408720939,8.6857822763888 50.6234373965587,8.68552233529854 50.622810081527,8.68451262048107 50.6225862425,8.68376283605449 50.6229897149906,8.68402275956299 50.6236170295527)))","248108","100308","69308","169616","417724"
"MULTIPOLYGON (((8.73321246182698 50.5763876903212,8.73422192685318 50.5766111565182,8.73497112351775 50.5762069536806,8.7347108483158 50.5755792876939,8.73370139400009 50.5753558250084,8.73295220417596 50.5757600247981,8.73321246182698 50.5763876903212)))","676","376","176","552","1228"
"MULTIPOLYGON (((8.64361646952255 50.5924260913046,8.64462539670588 50.5926502715641,8.64537492477067 50.5922468618708,8.64511551874945 50.5916192749556,8.64410660223518 50.5913950982164,8.64335708107317 50.5917985048722,8.64361646952255 50.5924260913046)))","3516","116","0","116","3632"
"MULTIPOLYGON (((8.6900463233176 50.5651113862093,8.69105525538808 50.5653352042861,8.69180440839572 50.5649312392137,8.69154462246617 50.5643034591063,8.69053570108038 50.5640796445464,8.68978655493956 50.564483606577,8.6900463233176 50.5651113862093)))","5524","1824","1324","3148","8672"
"MULTIPOLYGON (((8.70112861547145 50.6228503288429,8.70213847682516 50.623074034062,8.7028882293973 50.6226704245212,8.70262811374507 50.6220431128081,8.70161826309945 50.6218194111013,8.70086851739812 50.6222230175954,8.70112861547145 50.6228503288429)))","8154","754","454","1208","9362"
"MULTIPOLYGON (((8.6964307104241 50.6292152114241,8.69744062351721 50.6294389518036,8.69819045284159 50.6290354258454,8.69793036219783 50.6284081625542,8.69692045981238 50.6281844256871,8.69617063736316 50.6285879485988,8.6964307104241 50.6292152114241)))","1144","344","0","344","1488"
"MULTIPOLYGON (((8.64278293568891 50.5660184889519,8.64379147455025 50.5662426865902,8.64454072093232 50.5658390826147,8.64428142155504 50.5652112840366,8.64327289335427 50.5649870899202,8.64252365387033 50.56539069086,8.64278293568891 50.5660184889519)))","14227","1127","827","1954","16181"
"MULTIPOLYGON (((8.6739558121855 50.6236635293401,8.67496545184417 50.6238874528459,8.67571526155103 50.6234840531078,8.67545542471039 50.6228567329073,8.67444579574608 50.6226328129167,8.67369599292816 50.6230362096115,8.6739558121855 50.6236635293401)))","1065","365","0","365","1430"
"MULTIPOLYGON (((8.70317896469612 50.6255832179055,8.70418888318545 50.625806905488,8.70493866144414 50.6254033013577,8.70467851434363 50.6247760126921,8.7036686065643 50.6245523286215,8.70291883517558 50.6249559297046,8.70317896469612 50.6255832179055)))","44058","62058","39058","101116","145174"
"MULTIPOLYGON (((8.66694245735008 50.6067240822324,8.66795179179884 50.6069480691227,8.6687014320655 50.6065445932113,8.66844173099335 50.6059171334511,8.66743240723008 50.6056931500778,8.66668277385364 50.6060966229478,8.66694245735008 50.6067240822324)))","5961","161","161","322","6283"
"MULTIPOLYGON (((8.71349645943035 50.5509246419311,8.71450538804576 50.5511482771558,8.71525434730439 50.5507440287345,8.7149943710992 50.5501161481326,8.71398545317627 50.5498925164231,8.71323650076615 50.5502967618005,8.71349645943035 50.5509246419311)))","3188","388","288","676","3864"
"MULTIPOLYGON (((8.68099365450166 50.6229454526343,8.6820033442734 50.6231693198227,8.68275313375896 50.6227658618827,8.68249322658876 50.6221385397986,8.68148354751473 50.6219146761247,8.68073376491331 50.6223181310205,8.68099365450166 50.6229454526343)))","4828","2228","1828","4056","8884"
"MULTIPOLYGON (((8.62324463252791 50.5719357801648,8.62425308848777 50.5721601323981,8.62500243262739 50.5717567198217,8.62474331389511 50.571128958046,8.62373486858755 50.5709046093365,8.62298553136008 50.5713080188791,8.62324463252791 50.5719357801648)))","1602","102","0","102","1704"
"MULTIPOLYGON (((8.71402846890465 50.627416066824,8.71503850702346 50.6276396663177,8.71578828555231 50.6272359948339,8.71552801909929 50.6266087269052,8.7145179916967 50.6263851309222,8.71376822003103 50.6267887993574,8.71402846890465 50.627416066824)))","209230","92330","70930","163260","372490"
"MULTIPOLYGON (((8.68116641174428 50.5591497493556,8.68217518155571 50.5593736412493,8.6829242864818 50.5589696974646,8.68266461472514 50.5583418648266,8.681655855592 50.5581179764511,8.68090675753738 50.5585219171955,8.68116641174428 50.5591497493556)))","575271","221471","190571","412042","987313"
"MULTIPOLYGON (((8.70918727716091 50.5670752267088,8.71019640182187 50.567298890034,8.71094554174462 50.5668947964637,8.71068555015199 50.5662670426126,8.70967643618623 50.5660433828021,8.70892730311802 50.5664474733281,8.70918727716091 50.5670752267088)))","1300","100","0","100","1400"
"MULTIPOLYGON (((8.68419275685917 50.5598214004329,8.68520156235036 50.5600452677223,8.68595066909619 50.5596413063582,8.68569096348132 50.5590134807456,8.68468216867019 50.5587896169741,8.68393306879399 50.5591935752974,8.68419275685917 50.5598214004329)))","476078","205878","170478","376356","852434"
"MULTIPOLYGON (((8.68125600957857 50.5660116921244,8.68226487915157 50.5662355805206,8.6830140574286 50.5658316881482,8.68275435926001 50.5652039104204,8.68174550036744 50.564980025542,8.68099632896317 50.5653839148737,8.68125600957857 50.5660116921244)))","7256","256","156","412","7668"
"MULTIPOLYGON (((8.61379945298101 50.5601410547726,8.61480765742201 50.5603654875943,8.61555689169359 50.5599620562956,8.61529791460822 50.559334195207,8.61428972081099 50.5591097659107,8.61354049345551 50.5595131941777,8.61379945298101 50.5601410547726)))","15510","210","210","420","15930"
"MULTIPOLYGON (((8.63845812213349 50.5821598630838,8.63946685668024 50.5823840889621,8.64021628371396 50.5819806399648,8.63995696929683 50.5813529681254,8.63894824541333 50.5811287457686,8.63819882528378 50.5815321917296,8.63845812213349 50.5821598630838)))","4804","404","204","608","5412"
"MULTIPOLYGON (((8.68392317155982 50.5392317136471,8.68493167786398 50.5394555914001,8.68568056464243 50.5390514758247,8.68542093825108 50.5384234855357,8.68441244262059 50.5381996113017,8.68366356270785 50.5386037238378,8.68392317155982 50.5392317136471)))","1118","718","218","936","2054"
"MULTIPOLYGON (((8.63989726877624 50.5967290094662,8.64090622608149 50.5969532178681,8.64165580686745 50.5965498687427,8.64139642344219 50.5959223142528,8.64038747680541 50.5956981093715,8.63963790292554 50.5961014554596,8.63989726877624 50.5967290094662)))","1595","195","195","390","1985"
"MULTIPOLYGON (((8.69707870823194 50.5643906265933,8.69808769026798 50.5646143884069,8.69883682303377 50.5642103651738,8.69857696690164 50.5635825831697,8.69756799555374 50.5633588248723,8.69681886964995 50.5637628450628,8.69707870823194 50.5643906265933)))","678494","278494","251094","529588","1208082"
"MULTIPOLYGON (((8.69927755053072 50.6161733517383,8.70028729942464 50.6163970746227,8.70103698360774 50.6159934282047,8.70077691202627 50.6153660619486,8.69976717383748 50.6151423425771,8.69901749652509 50.615545985949,8.69927755053072 50.6161733517383)))","140742","7542","6242","13784","154526"
"MULTIPOLYGON (((8.6409633405588 50.6015250577635,8.64197237632406 50.6017492556436,8.64272200670086 50.6013459349631,8.64246259440624 50.6007184194403,8.6414535693115 50.6004942250804,8.640703945841 50.6008975427231,8.6409633405588 50.6015250577635)))","451","151","0","151","602"
"MULTIPOLYGON (((8.63701958656971 50.5675878708969,8.63802809845495 50.5678121142123,8.63877737179843 50.5674085653546,8.63851812635453 50.5667807762167,8.63750962512739 50.5665565364239,8.63676035868614 50.5669600822464,8.63701958656971 50.5675878708969)))","334306","225506","128506","354012","688318"
"MULTIPOLYGON (((8.71837445388957 50.5582781932409,8.71938353039234 50.5585017862384,8.720132559663 50.5580975570789,8.71987250558425 50.557469737967,8.7188634397787 50.5572461484836,8.71811441735481 50.5576503745982,8.71837445388957 50.5582781932409)))","254","254","0","254","508"
"MULTIPOLYGON (((8.69575870667896 50.616533112907,8.69676843056103 50.6167568639569,8.6975181248867 50.616353246639,8.69725808845726 50.6157258813168,8.69624837527861 50.6155021337802,8.69549868782605 50.6159057480525,8.69575870667896 50.616533112907)))","1415","215","0","215","1630"
"MULTIPOLYGON (((8.65053412121849 50.5426508006935,8.65154238985355 50.5428749454194,8.65229137229252 50.5424711060022,8.65203207920815 50.5418431248946,8.65102382123056 50.5416189836912,8.65027484568001 50.542022820073,8.65053412121849 50.5426508006935)))","515049","285449","223149","508598","1023647"
"MULTIPOLYGON (((8.6829734610353 50.6011630424717,8.68398285291926 50.6013869027152,8.68473240504507 50.6009832644121,8.6844725584085 50.6003557689087,8.68346317721662 50.6001319121808,8.68271363196934 50.6005355474408,8.6829734610353 50.6011630424717)))","646835","45335","25335","70670","717505"
"MULTIPOLYGON (((8.6173143379807 50.55978302924,8.61832256755516 50.5600074339763,8.61907179183907 50.5596039736054,8.61881277963496 50.5589761115306,8.61780456070601 50.5587517103194,8.61705534333577 50.5591551676581,8.6173143379807 50.55978302924)))","4778","378","378","756","5534"
"MULTIPOLYGON (((8.7066205163982 50.6007061675439,8.70763010472191 50.600929837734,8.70837960978748 50.6005260187775,8.70811951966664 50.599898532677,8.70710994204709 50.5996748659999,8.70636044384435 50.6000786819103,8.7066205163982 50.6007061675439)))","215093","28093","23393","51486","266579"
"MULTIPOLYGON (((8.65119704626903 50.5553444802245,8.65220550359066 50.5555686145412,8.65295462078704 50.5551648664767,8.65269527377135 50.5545369871319,8.65168682711139 50.554312856337,8.65093771680551 50.5547166013652,8.65119704626903 50.5553444802245)))","2101","401","201","602","2703"
"MULTIPOLYGON (((8.69015529021503 50.5543019214571,8.69116406729206 50.5545257430348,8.69191310432645 50.5541216951063,8.69165335741936 50.5534938286414,8.69064459102381 50.5532700105812,8.68989556085396 50.5536740554685,8.69015529021503 50.5543019214571)))","877","177","0","177","1054"
"MULTIPOLYGON (((8.70025678396381 50.6141113139213,8.70126651144757 50.6143350297799,8.7020161717449 50.6139313603545,8.70175609768896 50.6133039781169,8.70074638091019 50.6130802657713,8.69999672748252 50.6134839321505,8.70025678396381 50.6141113139213)))","71155","7055","6655","13710","84865"
"MULTIPOLYGON (((8.72020421324925 50.6002955779572,8.72121391215667 50.6005191390012,8.72196338850316 50.600115215164,8.72170315908859 50.5994877333305,8.72069347089223 50.599264175798,8.71994400139952 50.5996680965875,8.72020421324925 50.6002955779572)))","2693","693","693","1386","4079"
"MULTIPOLYGON (((8.70137459646121 50.5659133915981,8.70238363733404 50.5661371182409,8.7031327787553 50.5657330743813,8.70287287244443 50.5651053069221,8.70186384226242 50.5648815837949,8.7011147077006 50.5652856246113,8.70137459646121 50.5659133915981)))","6396","696","496","1192","7588"
"MULTIPOLYGON (((8.6971197038001 50.6242409197858,8.69812955084734 50.6244646566882,8.69887932551249 50.6240610877551,8.69861924625679 50.6234337849658,8.69760940991604 50.623210051576,8.69685964212461 50.6236136174628,8.6971197038001 50.6242409197858)))","187980","121680","67680","189360","377340"
"MULTIPOLYGON (((8.66174260588636 50.5542663689068,8.66275113835495 50.5544904189086,8.66350022538526 50.5540865836234,8.66324077306381 50.5534587013739,8.66223225126204 50.5532346548928,8.66148317111504 50.5536384871405,8.66174260588636 50.5542663689068)))","506757","285457","218557","504014","1010771"
"MULTIPOLYGON (((8.66309839194636 50.5619802986363,8.66410704732115 50.5622043346351,8.66485621458373 50.5618005477348,8.66459671958767 50.561172727874,8.66358807488271 50.5609486953953,8.66283891450409 50.5613524792574,8.66309839194636 50.5619802986363)))","2240","540","340","880","3120"
"MULTIPOLYGON (((8.68794127774077 50.6153701872106,8.68895091766337 50.6155940016385,8.68970061343781 50.6151904340601,8.68944066241171 50.6145630550985,8.68843103318812 50.6143392441849,8.68768134429174 50.6147428087186,8.68794127774077 50.6153701872106)))","7569","869","569","1438","9007"
"MULTIPOLYGON (((8.6574492053993 50.5527421958332,8.65845767897408 50.5529662809521,8.65920675726604 50.5525624662781,8.6589473550975 50.5519345695222,8.6579388921868 50.5517104879245,8.6571898207807 50.5521142995617,8.6574492053993 50.5527421958332)))","62574","31274","30874","62148","124722"
"MULTIPOLYGON (((8.67286670675677 50.559017882017,8.67387540336342 50.5592418406894,8.67462452159827 50.5588379580984,8.67436493634966 50.558210119874,8.67335625041697 50.5579861647206,8.67260713905904 50.5583900442725,8.67286670675677 50.559017882017)))","8620","2120","1920","4040","12660"
"MULTIPOLYGON (((8.66411553499395 50.6021077472231,8.66512477842225 50.6023317587378,8.66587437415211 50.6019282689394,8.66561471956267 50.6013007706671,8.66460548681704 50.60107676267,8.6638558979783 50.6014802494276,8.66411553499395 50.6021077472231)))","4110","510","410","920","5030"
"MULTIPOLYGON (((8.66321150252625 50.5511711684315,8.66422000299465 50.5513952078714,8.66496905428105 50.5509913380889,8.6647095982175 50.5503634319042,8.66370110841573 50.5501393959849,8.66295206401103 50.5505432627298,8.66321150252625 50.5511711684315)))","298","198","0","198","496"
"MULTIPOLYGON (((8.66223225126204 50.5532346548928,8.66324077306381 50.5534587013739,8.66398984817928 50.5530548545895,8.66373039461024 50.5524269643614,8.6627218834752 50.5522029214009,8.66197281524255 50.5526067651479,8.66223225126204 50.5532346548928)))","2036","736","736","1472","3508"
"MULTIPOLYGON (((8.64978544142842 50.5829670872123,8.6507942851344 50.5831912217293,8.65154370086236 50.5827876939503,8.65128426598761 50.5821600346922,8.65027543295098 50.5819359036955,8.64952602411991 50.5823394284367,8.64978544142842 50.5829670872123)))","618923","242323","167223","409546","1028469"
"MULTIPOLYGON (((8.66754492098683 50.5948904460219,8.66855408963797 50.5951144329136,8.6693036018517 50.5947108625837,8.66904393852694 50.594083308403,8.66803478055798 50.5938593250289,8.66728527523176 50.5942628923181,8.66754492098683 50.5948904460219)))","104404","4404","3604","8008","112412"
"MULTIPOLYGON (((8.66234548101309 50.5424242402937,8.66335384794954 50.5426482902005,8.66410280711741 50.5422443605401,8.66384339246835 50.5416163840098,8.66283503619541 50.5413923376242,8.66208608390814 50.5417962642478,8.66234548101309 50.5424242402937)))","196310","12410","8810","21220","217530"
"MULTIPOLYGON (((8.67923418271235 50.6231250147554,8.68024385995857 50.6233488960238,8.68099365450166 50.6229454526343,8.68073376491331 50.6223181310205,8.679724098364 50.6220942532669,8.67897431070625 50.6224976936123,8.67923418271235 50.6231250147554)))","227529","159829","81429","241258","468787"
"MULTIPOLYGON (((8.72693089568343 50.6319804043898,8.72794111051526 50.6322038981031,8.72869091492018 50.6318001646607,8.72843049763785 50.6311729405555,8.72742029353026 50.6309494503512,8.72667049598088 50.631353180743,8.72693089568343 50.6319804043898)))","3191","991","491","1482","4673"
"MULTIPOLYGON (((8.64511669780981 50.5716684396439,8.6461253382693 50.5718926162525,8.64687464109418 50.5714890376762,8.64661529656202 50.5708612855279,8.64560666676605 50.5706371124407,8.64485737083887 50.5710406879805,8.64511669780981 50.5716684396439)))","25422","4422","3922","8344","33766"
"MULTIPOLYGON (((8.69506969739066 50.621507924926,8.69607948730186 50.6217316794587,8.69682923627456 50.621328105113,8.69656918846164 50.6207007792805,8.69555940925503 50.6204770282609,8.69480966715687 50.6208805995607,8.69506969739066 50.621507924926)))","1421","521","0","521","1942"
"MULTIPOLYGON (((8.63805335354934 50.5900498655923,8.63906219851874 50.590274091527,8.63981171089103 50.5898707054884,8.63955237138805 50.5892430965518,8.6385435370841 50.5890188741382,8.63779403161781 50.5894222571401,8.63805335354934 50.5900498655923)))","1948","148","0","148","2096"
"MULTIPOLYGON (((8.65540328048705 50.5500064771459,8.65641169702565 50.5502305798035,8.65716074963272 50.5498267597036,8.65690137881466 50.5491988399825,8.65589297293827 50.5489747408465,8.65514392721785 50.54937855791,8.65540328048705 50.5500064771459)))","531682","285482","243382","528864","1060546"
"MULTIPOLYGON (((8.65151545035094 50.6004498918363,8.65252456142316 50.6006740053333,8.65327416164603 50.6002705973827,8.65301464389762 50.5996430789742,8.65200554350099 50.5994189689963,8.6512559501773 50.5998223739078,8.65151545035094 50.6004498918363)))","2406","106","106","212","2618"
"MULTIPOLYGON (((8.63223638238741 50.5670943265965,8.63324484596417 50.5673186085399,8.63399412242623 50.5669150917937,8.63373492840634 50.5662872961386,8.63272647548501 50.5660630177182,8.63197720592826 50.56646653143,8.63223638238741 50.5670943265965)))","243970","154270","86870","241140","485110"
"MULTIPOLYGON (((8.69399929591076 50.616712950543,8.6950090072842 50.616936715675,8.69575870667896 50.616533112907,8.69549868782605 50.6159057480525,8.69448898715518 50.615681986434,8.69373929463474 50.6160855861565,8.69399929591076 50.616712950543)))","9890","190","190","380","10270"
"MULTIPOLYGON (((8.69367092587125 50.5539414401556,8.6946797279267 50.5541652336091,8.69542875484608 50.5537611566044,8.69516897284789 50.5531332891878,8.6941601814756 50.5529094992514,8.69341116141841 50.5533135732146,8.69367092587125 50.5539414401556)))","278","378","178","556","834"
"MULTIPOLYGON (((8.68672981607897 50.5615247522281,8.68773866792812 50.561748598428,8.68848778841111 50.561344630982,8.68822805017682 50.5607168203772,8.68721920900963 50.5604929776947,8.6864700953949 50.5608969420996,8.68672981607897 50.5615247522281)))","207991","88691","71291","159982","367973"
"MULTIPOLYGON (((8.61008072859456 50.5644449251644,8.61108896303855 50.5646693861307,8.61183824993517 50.5642660153867,8.61157929546857 50.5636381867078,8.61057107166775 50.5634137292671,8.60982179169049 50.5638170969796,8.61008072859456 50.5644449251644)))","448604","250104","184304","434408","883012"
"MULTIPOLYGON (((8.64021628371396 50.5819806399648,8.64122503081194 50.5822048517871,8.64197445282852 50.5818013882485,8.64171512084429 50.5811737159243,8.64070638441044 50.5809495076234,8.63995696929683 50.5813529681254,8.64021628371396 50.5819806399648)))","8475","475","475","950","9425"
"MULTIPOLYGON (((8.64975630964561 50.5407668433671,8.65076454444063 50.5409909950944,8.65151350808282 50.5405871472139,8.65125423004164 50.5399591506411,8.65024600590313 50.5397350024364,8.64949704914944 50.5401388472819,8.64975630964561 50.5407668433671)))","1120397","198097","181997","380094","1500491"
"MULTIPOLYGON (((8.73614585746797 50.5701962062473,8.73715525823238 50.5704196513752,8.73790438328681 50.5700153795649,8.7376441007396 50.5693876656746,8.73663471068525 50.5691642240581,8.73588559246817 50.5695684928206,8.73614585746797 50.5701962062473)))","570","170","170","340","910"
"MULTIPOLYGON (((8.66105191396597 50.5592449366152,8.66206051229189 50.559468990165,8.6628096538692 50.5590651978407,8.66255019023591 50.5584373550044,8.66154160257794 50.558213304975,8.6607924678854 50.5586170942616,8.66105191396597 50.5592449366152)))","77087","22287","19087","41374","118461"
"MULTIPOLYGON (((8.66603629209503 50.5557903869947,8.66704488345165 50.5560144018733,8.66779397921146 50.5556105459751,8.66753447673393 50.5549826782364,8.66652589604678 50.5547586668779,8.66577680716777 50.555162519738,8.66603629209503 50.5557903869947)))","680281","255281","229781","485062","1165343"
"MULTIPOLYGON (((8.66964012164665 50.5622927672968,8.67064883776241 50.5625167505852,8.67139799679519 50.5621129170306,8.67113843283267 50.5614851032265,8.67012972739023 50.5612611234573,8.66938057523713 50.561664953973,8.66964012164665 50.5622927672968)))","733","133","0","133","866"
"MULTIPOLYGON (((8.63722197436885 50.5636417531609,8.63823043107637 50.5638659964362,8.63897966177542 50.5634624161051,8.6387204288658 50.5628345955337,8.63771198281527 50.5626103557811,8.63696275901751 50.5630139330773,8.63722197436885 50.5636417531609)))","4439","239","139","378","4817"
"MULTIPOLYGON (((8.63068139884859 50.5633274782407,8.63168979470148 50.5635517741885,8.63243903352708 50.5631482405045,8.63217986959437 50.5625204139069,8.63117148439497 50.5622961214825,8.63042225247493 50.5626996521324,8.63068139884859 50.5633274782407)))","5994","394","0","394","6388"
"MULTIPOLYGON (((8.66701548683606 50.5537269272831,8.66802405685382 50.5539509351216,8.66877312878143 50.5535470562254,8.66851362381172 50.552919172529,8.66750506446333 50.5526951682106,8.66675599941544 50.5530990440686,8.66701548683606 50.5537269272831)))","10977","3277","977","4254","15231"
"MULTIPOLYGON (((8.61629671775326 50.5795112548447,8.61730522313835 50.5797356598428,8.61805466067896 50.579332356884,8.61779558591632 50.5787046519604,8.61678709118224 50.5784802504863,8.61603766055989 50.5788835504118,8.61629671775326 50.5795112548447)))","769","269","169","438","1207"
"MULTIPOLYGON (((8.68805064736533 50.6045683250523,8.68906013207706 50.6047921430553,8.68980971171032 50.6043884925778,8.68954979975608 50.6037610271413,8.68854032574009 50.6035372126531,8.68779075298268 50.6039408600867,8.68805064736533 50.6045683250523)))","4729","129","0","129","4858"
"MULTIPOLYGON (((8.71004621931304 50.5934866474708,8.71105573270885 50.5937102930698,8.71180515420643 50.5933063936084,8.71154505544918 50.5926788515942,8.71053555275709 50.5924552095083,8.70978613811867 50.5928591059236,8.71004621931304 50.5934866474708)))","755202","220602","215402","436004","1191206"
"MULTIPOLYGON (((8.71510052456425 50.6322104313883,8.71611064125697 50.6324340202509,8.71686046936362 50.6320303771818,8.71660017391427 50.6314031482994,8.71559006793981 50.631179562947,8.71484024669655 50.631583202967,8.71510052456425 50.6322104313883)))","483098","285498","227198","512696","995794"
"MULTIPOLYGON (((8.69916989312354 50.6269738048367,8.70017979731039 50.627197524105,8.70092959766767 50.6267939605837,8.7006694869653 50.6261666808408,8.69965959348679 50.6259429650848,8.69890980000244 50.6263465255594,8.69916989312354 50.6269738048367)))","42216","2616","1816","4432","46648"
"MULTIPOLYGON (((8.723327148192 50.6078249510123,8.72433698271388 50.6080484838026,8.72508653424554 50.6076445937739,8.7248262444022 50.6070171740034,8.72381642059529 50.6067936447238,8.72306687591684 50.607197531704,8.723327148192 50.6078249510123)))","3412","112","0","112","3524"
"MULTIPOLYGON (((8.60918250427509 50.5733672338204,8.61019085966981 50.573591698428,8.61094024377905 50.5731884021593,8.61068126557192 50.5725606443152,8.60967292082263 50.5723361832328,8.60892354363516 50.5727394764694,8.60918250427509 50.5733672338204)))","2085","185","0","185","2270"
"MULTIPOLYGON (((8.69604910793635 50.6194461120993,8.69705887643845 50.6196698596059,8.69780860152333 50.6192662622508,8.69754855123272 50.6186389204351,8.6965387934351 50.6184151764416,8.69578907522372 50.6188187707508,8.69604910793635 50.6194461120993)))","5573","2473","573","3046","8619"
"MULTIPOLYGON (((8.65920675726604 50.5525624662781,8.66021524336272 50.5527865373446,8.66096431662579 50.5523827081341,8.6607048969076 50.5517548108943,8.65969642147588 50.5515307433488,8.6589473550975 50.5519345695222,8.65920675726604 50.5525624662781)))","532154","285454","231254","516708","1048862"
"MULTIPOLYGON (((8.67716118243074 50.5605414907329,8.67816993791197 50.5607654142656,8.67891906485338 50.5603615110567,8.67865942943932 50.5597336873551,8.67765068463475 50.5595097673409,8.67690156456773 50.5599136675099,8.67716118243074 50.5605414907329)))","39648","4148","1648","5796","45444"
"MULTIPOLYGON (((8.6589265131826 50.6095034377801,8.65993581885028 50.6097274879878,8.6606855031475 50.6093240932764,8.66042587488105 50.608696651398,8.65941657989557 50.6084726047081,8.65866690249446 50.6088759963789,8.6589265131826 50.6095034377801)))","185701","130001","72101","202102","387803"
"MULTIPOLYGON (((8.62042266462318 50.5673169661127,8.62143102963661 50.5675413428679,8.62218032921363 50.5671379163828,8.62192125686421 50.5665101161755,8.62091290250021 50.5662857429446,8.62016360983631 50.5666891663967,8.62042266462318 50.5673169661127)))","8019","619","619","1238","9257"
"MULTIPOLYGON (((8.65220719352681 50.5954744236805,8.65321623867921 50.5956985336463,8.65396578429157 50.5952950827123,8.65370627785393 50.5946675248513,8.65269724337594 50.5944434184048,8.6519477046613 50.5948468663,8.65220719352681 50.5954744236805)))","3208","308","208","516","3724"
"MULTIPOLYGON (((8.73291294959256 50.5911411143239,8.73392262514503 50.5913645768569,8.73467198049769 50.5909604882914,8.73441165345446 50.5903329402418,8.73340198861682 50.5901094812195,8.73265264010769 50.5905135667363,8.73291294959256 50.5911411143239)))","1717","617","517","1134","2851"
"MULTIPOLYGON (((8.6859702085903 50.5419674897016,8.68697877190093 50.5421913498992,8.68772768432405 50.54178723974,8.68746802657171 50.541159272423,8.68645947393663 50.5409354157441,8.68571056837844 50.5413395228635,8.6859702085903 50.5419674897016)))","2089","189","189","378","2467"
"MULTIPOLYGON (((8.70782597446215 50.5593614094102,8.70883497614533 50.559585086824,8.70958403587263 50.5591809449038,8.709324087063 50.5585531286134,8.70831509607199 50.5583294547148,8.70756604319858 50.5587335935915,8.70782597446215 50.5593614094102)))","634","234","134","368","1002"
"MULTIPOLYGON (((8.65442385609719 50.5520698913125,8.65543229396041 50.5522940010132,8.65618137039281 50.5518902039123,8.6559220020744 50.5512623001472,8.6549135748735 50.551038193968,8.65416450532882 50.5514419880325,8.65442385609719 50.5520698913125)))","29709","16109","12609","28718","58427"
"MULTIPOLYGON (((8.6500444080462 50.5436825982205,8.65105268733875 50.5439067464689,8.65180168168687 50.5435029185507,8.65154238985355 50.5428749454194,8.65053412121849 50.5426508006935,8.64978513375934 50.5430546255764,8.6500444080462 50.5436825982205)))","681462","275662","231462","507124","1188586"
"MULTIPOLYGON (((8.61310546771622 50.5651182835033,8.61411373794907 50.565342719909,8.61486302677264 50.5649393315962,8.61460403844595 50.5643115099099,8.61359577885806 50.5640870770295,8.61284649695201 50.5644904623103,8.61310546771622 50.5651182835033)))","509599","240399","182499","422898","932497"
"MULTIPOLYGON (((8.62785917458589 50.5587082667308,8.62886747951755 50.5589325872005,8.62961667380346 50.5585290396123,8.62935755625128 50.557901174588,8.62834926197027 50.5576768576424,8.6276000745909 50.5580804021971,8.62785917458589 50.5587082667308)))","1948","148","0","148","2096"
"MULTIPOLYGON (((8.67172950875458 50.6072164870401,8.67273889148159 50.6074404352308,8.67348852854449 50.6070369271834,8.67322877599331 50.6064094739873,8.67221940395443 50.606185529313,8.67146977377869 50.6065890343184,8.67172950875458 50.6072164870401)))","31576","576","476","1052","32628"
"MULTIPOLYGON (((8.61183824993517 50.5642660153867,8.61284649695201 50.5644904623103,8.61359577885806 50.5640870770295,8.61333680682924 50.563459247857,8.61232857045644 50.5632348044588,8.61157929546857 50.5636381867078,8.61183824993517 50.5642660153867)))","284094","131694","99994","231688","515782"
"MULTIPOLYGON (((8.69794950730162 50.5731355007794,8.6989586230119 50.5733592520312,8.69970784792403 50.5729552886574,8.69944795026285 50.5723275770752,8.69843884524383 50.5721038293389,8.69768962719481 50.5725077896694,8.69794950730162 50.5731355007794)))","42569","10169","9169","19338","61907"
"MULTIPOLYGON (((8.7134838713275 50.5685975695794,8.71449305480631 50.5688211977183,8.71524220335897 50.5684170835171,8.71498216158093 50.567789344222,8.71397298879999 50.5675657195972,8.71322384709935 50.5679698307534,8.7134838713275 50.5685975695794)))","3552","352","152","504","4056"
"MULTIPOLYGON (((8.70691132172682 50.603619851513,8.70792095465641 50.6038435181609,8.7086704904641 50.603439719161,8.70841038647915 50.6028122565597,8.70740076425479 50.6025885934247,8.70665123531026 50.6029923893783,8.70691132172682 50.603619851513)))","119908","37208","15708","52916","172824"
"MULTIPOLYGON (((8.66419070114403 50.5491076040615,8.66519918027922 50.5493316364602,8.66594820773767 50.5489277436805,8.66568874918035 50.5482998215397,8.6646802807116 50.5480757926617,8.66393126013384 50.5484796824039,8.66419070114403 50.5491076040615)))","2254","254","0","254","2508"
"MULTIPOLYGON (((8.6676174817681 50.5418845152768,8.66862588623923 50.5421085230308,8.66937483030798 50.541704549766,8.66911536302869 50.5410765717849,8.66810696922364 50.5408525675516,8.6673580320319 50.5412565377788,8.6676174817681 50.5418845152768)))","2385","185","185","370","2755"
"MULTIPOLYGON (((8.65883085126281 50.5427839140468,8.65983919316715 50.5430079920534,8.66058816239382 50.5426040914624,8.66032878283325 50.5419761159013,8.65932045159069 50.5417520414163,8.65857148924703 50.5421559389709,8.65883085126281 50.5427839140468)))","259330","14230","14230","28460","287790"
"MULTIPOLYGON (((8.61192101858301 50.5711262514347,8.61292936526213 50.5713506949469,8.61367872055675 50.5709473611283,8.6134197222529 50.5703195868297,8.61241138621996 50.5700951468425,8.6116620378448 50.5704984776289,8.61192101858301 50.5711262514347)))","823","923","0","923","1746"
"MULTIPOLYGON (((8.61564002182162 50.5668227657223,8.6166483384864 50.5670471810897,8.61739764114295 50.5666437867123,8.61713862021872 50.5660159800001,8.61613031420072 50.5657915681576,8.61538101846034 50.5661949595026,8.61564002182162 50.5668227657223)))","3463","863","163","1026","4489"
"MULTIPOLYGON (((8.68341370773105 50.5579379095437,8.68442247936407 50.5581617838585,8.68517156731983 50.5577578140371,8.68491187677296 50.5571299729415,8.68390311581907 50.5569061021447,8.68315403473306 50.5573100689256,8.68341370773105 50.5579379095437)))","10975","575","575","1150","12125"
"MULTIPOLYGON (((8.6628096538692 50.5590651978407,8.66381826471578 50.5592892373352,8.66456740126014 50.558885430473,8.66430792007452 50.5582575871545,8.66329931989673 50.5580335511802,8.66255019023591 50.5584373550044,8.6628096538692 50.5590651978407)))","484909","135409","128309","263718","748627"
"MULTIPOLYGON (((8.65226332688008 50.5601432016066,8.65327186257576 50.5603673254266,8.6540210292957 50.5599636057909,8.65376165342936 50.5593357653719,8.65275312839739 50.5591116450733,8.65200396856816 50.5595153616723,8.65226332688008 50.5601432016066)))","257286","21086","18186","39272","296558"
"MULTIPOLYGON (((8.7028882293973 50.6226704245212,8.70389810325482 50.6228941156543,8.70464785075093 50.6224904915621,8.70438771752008 50.6218631793839,8.70337785437158 50.6216394917629,8.70262811374507 50.6220431128081,8.7028882293973 50.6226704245212)))","14299","3499","3299","6798","21097"
"MULTIPOLYGON (((8.68801742807796 50.5447031563063,8.68902604839861 50.5449269989446,8.68977498646609 50.5445228942009,8.6895152973489 50.5438949498593,8.68850668770567 50.5436711107393,8.68775775650229 50.5440752124427,8.68801742807796 50.5447031563063)))","1114","114","0","114","1228"
"MULTIPOLYGON (((8.65163040714762 50.5896468760738,8.65263936317434 50.5898709930487,8.65338884728765 50.5894675021723,8.65312936847738 50.5888398973595,8.65212042312301 50.5886157839043,8.65137094590668 50.5890192717423,8.65163040714762 50.5896468760738)))","461261","197961","126961","324922","786183"
"MULTIPOLYGON (((8.65964405074557 50.5868668848174,8.66065303557341 50.5870909385036,8.66140247570863 50.5866873664468,8.66114292412497 50.5860597437434,8.66013394997279 50.5858356935762,8.6593845167287 50.5862392625936,8.65964405074557 50.5868668848174)))","218633","96533","87233","183766","402399"
"MULTIPOLYGON (((8.69131504007884 50.5659629764121,8.69232399532905 50.5661867839405,8.69307315520279 50.5657828158261,8.69281335296031 50.5651550432254,8.69180440839572 50.5649312392137,8.69105525538808 50.5653352042861,8.69131504007884 50.5659629764121)))","287342","19842","17242","37084","324426"
"MULTIPOLYGON (((8.73750417791045 50.5955766118065,8.73851395688793 50.5958000355465,8.73926335155117 50.5953959462816,8.73900296039565 50.5947684363266,8.73799319213672 50.5945450160966,8.73724380431487 50.5949491023118,8.73750417791045 50.5955766118065)))","1014","114","0","114","1128"
"MULTIPOLYGON (((8.72556624018074 50.624273133754,8.72657633178551 50.6244966416763,8.72732605586466 50.6240928598698,8.72706568148425 50.623465573191,8.72605560060068 50.6232420687782,8.72530588337644 50.6236458475348,8.72556624018074 50.624273133754)))","1150","250","150","400","1550"
"MULTIPOLYGON (((8.71521789704755 50.603750217118,8.71622760312441 50.603973816865,8.71697712546861 50.6035699566255,8.71671693487834 50.6029424996864,8.71570723951103 50.6027189034513,8.71495772402456 50.6031227606435,8.71521789704755 50.603750217118)))","434374","171274","119674","290948","725322"
"MULTIPOLYGON (((8.70195548867197 50.5717433464555,8.70296461866578 50.5719670660521,8.70371382151565 50.5715630620962,8.70345388751163 50.5709353415875,8.70244476821073 50.5707116255062,8.70169557222106 50.5711156264184,8.70195548867197 50.5717433464555)))","505393","172693","161793","334486","839879"
"MULTIPOLYGON (((8.6843326546568 50.6088723235005,8.68534216963684 50.6090961696397,8.68609180208029 50.608692579725,8.68583191266465 50.608065146715,8.68482240837976 50.6078413040908,8.68407278281548 50.6082448909617,8.6843326546568 50.6088723235005)))","2117","817","317","1134","3251"
"MULTIPOLYGON (((8.71052220867192 50.6101178315913,8.71153196651752 50.6103414664941,8.71228156559958 50.6099376898127,8.71202139997406 50.6093102812756,8.71101165283754 50.6090866498848,8.71026206061758 50.6094904235191,8.71052220867192 50.6101178315913)))","129359","7659","6659","14318","143677"
"MULTIPOLYGON (((8.61163445524422 50.568211786016,8.61264275741232 50.5684362329974,8.61339208196604 50.5680328792,8.6131330974327 50.5674050814531,8.61212480590975 50.5671806379969,8.61137548827511 50.5675839887624,8.61163445524422 50.568211786016)))","2624","224","0","224","2848"
"MULTIPOLYGON (((8.67865482931326 50.6172993719674,8.67966441733277 50.6175232603041,8.68041415034366 50.6171197769781,8.6801542884506 50.6164924083589,8.67914471112589 50.6162685235373,8.67839498499958 50.6166720038198,8.67865482931326 50.6172993719674)))","194071","1371","971","2342","196413"
"MULTIPOLYGON (((8.6888115262423 50.6241088572876,8.68982130001897 50.6243326610965,8.69057108808225 50.6239291534144,8.69031109548979 50.6233018449686,8.68930133241523 50.6230780446732,8.68855155123113 50.6234815493101,8.6888115262423 50.6241088572876)))","300639","183239","111939","295178","595817"
"MULTIPOLYGON (((8.65327071402453 50.5404074224803,8.65427897386813 50.5406315461142,8.65502792746747 50.5402276691658,8.65476861433721 50.539599671619,8.65376036515182 50.5393755515075,8.65301141843863 50.5397794254204,8.65327071402453 50.5404074224803)))","692193","116393","87393","203786","895979"
"MULTIPOLYGON (((8.64013071242942 50.5751209323484,8.64113935978757 50.5753451476304,8.64188870840371 50.5749416326436,8.64162940276016 50.5743139054108,8.64062076606397 50.5740896936506,8.63987142434952 50.5744932056014,8.64013071242942 50.5751209323484)))","1138","338","138","476","1614"
"MULTIPOLYGON (((8.73496395863193 50.5938747060793,8.73597369125444 50.5940981509727,8.73672307223423 50.5936940678069,8.73646271374887 50.5930665427971,8.73545299184309 50.592843101414,8.73470361770606 50.5932471815306,8.73496395863193 50.5938747060793)))","145227","52927","27527","80454","225681"
"MULTIPOLYGON (((8.68712903031389 50.5536304075144,8.68813777172553 50.5538542536966,8.68888680694947 50.5534502233471,8.68862709389548 50.5528223498561,8.68761836316357 50.5525985071917,8.68686933480606 50.5530025345005,8.68712903031389 50.5536304075144)))","254","254","0","254","508"
"MULTIPOLYGON (((8.70070228631834 50.5532201343435,8.70171113830905 50.5534438715435,8.70246014498082 50.5530397363858,8.70220029280454 50.5524118670707,8.70119145150044 50.5521881333871,8.70044245168608 50.5525922655024,8.70070228631834 50.5532201343435)))","181","481","181","662","843"
"MULTIPOLYGON (((8.65042007780713 50.6133127315698,8.65142936533039 50.6135368486091,8.65217910556446 50.6131335466082,8.65191955137289 50.6125061306077,8.65091027452858 50.6122820170868,8.65016054119696 50.612685316048,8.65042007780713 50.6133127315698)))","1315","315","115","430","1745"
"MULTIPOLYGON (((8.62598284644014 50.5696943286226,8.62699129365632 50.5699186597599,8.62774060896539 50.569515209636,8.62748147014847 50.5688874314087,8.6264730335853 50.568663103795,8.62572372518617 50.569066550885,8.62598284644014 50.5696943286226)))","2785","585","485","1070","3855"
"MULTIPOLYGON (((8.72761785462783 50.627005725364,8.72862800335998 50.627229215627,8.72937775309893 50.6268254392227,8.72911734725173 50.6261981756058,8.72810720924267 50.625974688852,8.72735746635783 50.6263784622059,8.72761785462783 50.627005725364)))","1019","219","0","219","1238"
"MULTIPOLYGON (((8.65638876646973 50.6078004153964,8.6573980256895 50.608024486707,8.65814769619388 50.6076210980765,8.65788810058122 50.6069936411757,8.65687885204184 50.6067695733831,8.65612918843485 50.6071729589734,8.65638876646973 50.6078004153964)))","55940","16640","14040","30680","86620"
"MULTIPOLYGON (((8.65286782672828 50.5483023942812,8.65387619689468 50.5485265179956,8.65462523572778 50.5481227039683,8.65436589750662 50.5474947692627,8.65335753800062 50.5472706490703,8.65260850605552 50.5476744600616,8.65286782672828 50.5483023942812)))","133079","80179","57479","137658","270737"
"MULTIPOLYGON (((8.68975640730126 50.5621962662189,8.69076529482446 50.5624200878093,8.69151441711892 50.5620161027824,8.69125464502389 50.5613882992068,8.69024576818438 50.5611644811335,8.68949665275635 50.5615684631189,8.68975640730126 50.5621962662189)))","461435","187335","168535","355870","817305"
"MULTIPOLYGON (((8.62405714792648 50.556151626134,8.62506538324359 50.5563759781651,8.62581455680793 50.5559724396766,8.62555548814675 50.55534455219,8.62454726347755 50.5551202036835,8.62379809682173 50.5555237391391,8.62405714792648 50.556151626134)))","26681","3081","181","3262","29943"
"MULTIPOLYGON (((8.67190698282152 50.6209302782887,8.67291656533515 50.6211542194038,8.67366634932366 50.6207508142454,8.67340654390892 50.6201234710147,8.67239697208769 50.6198995334152,8.67164719498894 50.6203029355307,8.67190698282152 50.6209302782887)))","263619","196719","163419","360138","623757"
"MULTIPOLYGON (((8.65479918700002 50.5618470960975,8.65580776908417 50.5620711988525,8.65655694958356 50.5616674731429,8.6562975411095 50.5610396477154,8.65528896969089 50.5608155484812,8.65453979608086 50.5612192711538,8.65479918700002 50.5618470960975)))","5344","544","344","888","6232"
"MULTIPOLYGON (((8.7086704904641 50.603439719161,8.70968013588486 50.6036633717271,8.71042966661445 50.6032595581793,8.7101695450614 50.6026320951118,8.70915991034672 50.6024084460583,8.70841038647915 50.6028122565597,8.7086704904641 50.603439719161)))","76843","10043","4143","14186","91029"
"MULTIPOLYGON (((8.73311009377147 50.5871951224342,8.73411971400571 50.5874185850082,8.73486902669518 50.5870144649987,8.73460871230791 50.5863868854638,8.73359910278739 50.5861634264006,8.73284979694057 50.5865675433616,8.73311009377147 50.5871951224342)))","3541","341","141","482","4023"
"MULTIPOLYGON (((8.61416906563615 50.5699162415054,8.61517741424166 50.5701406674474,8.61592675263156 50.5697373075853,8.61566773549833 50.5691095248137,8.61465939753978 50.5688851023966,8.61391006606764 50.5692884592263,8.61416906563615 50.5699162415054)))","10277","1277","1177","2454","12731"
"MULTIPOLYGON (((8.70728021197112 50.6310486665159,8.7082902447425 50.6312723188133,8.70904007437331 50.6308687255018,8.70877986436452 50.6302414829411,8.70776984230698 50.6300178341548,8.70702001954452 50.6304214244182,8.70728021197112 50.6310486665159)))","65957","8157","6957","15114","81071"
"MULTIPOLYGON (((8.67257755865094 50.5561026120693,8.67358621072767 50.5563265742419,8.67433529824975 50.5559226716924,8.67407572681867 50.5552948100093,8.67306708541489 50.555070851356,8.67231800476933 50.5554747508665,8.67257755865094 50.5561026120693)))","6349","1549","949","2498","8847"
"MULTIPOLYGON (((8.64632556717244 50.6078449665529,8.64733474042304 50.6080691187492,8.64808442918193 50.6076658058908,8.64782493778626 50.6070383438752,8.64681577521087 50.6068141951982,8.64606609335603 50.6072175050176,8.64632556717244 50.6078449665529)))","21488","1288","1088","2376","23864"
"MULTIPOLYGON (((8.66641328997648 50.5655673585433,8.66742202559492 50.5657913664483,8.66817122542492 50.5653875819326,8.66791168275412 50.5647597925507,8.66690295780829 50.5645357881651,8.66615376486076 50.5649395696421,8.66641328997648 50.5655673585433)))","16492","2392","1492","3884","20376"
"MULTIPOLYGON (((8.68323412496021 50.5442117705372,8.68424269712877 50.544435651829,8.6849916384326 50.5440315791975,8.68473200070075 50.5434036283138,8.68372343920702 50.5431797505408,8.6829745047704 50.5435838201328,8.68323412496021 50.5442117705372)))","3117","617","0","617","3734"
"MULTIPOLYGON (((8.68047698280096 50.5641283448872,8.68148581850993 50.5643522403101,8.68223497799223 50.5639483394793,8.68197529489277 50.5633205462663,8.6809664698633 50.5630966543615,8.68021731725389 50.5635005521518,8.68047698280096 50.5641283448872)))","8239","139","0","139","8378"
"MULTIPOLYGON (((8.62422509147242 50.5698734190225,8.62523352612776 50.5700977642082,8.62598284644014 50.5696943286226,8.62572372518617 50.569066550885,8.62471530118299 50.5688422092231,8.62396598778174 50.5692456417751,8.62422509147242 50.5698734190225)))","914","514","0","514","1428"
"MULTIPOLYGON (((8.64652988329159 50.5440418718162,8.64753813752688 50.5442660481583,8.64828714191334 50.5438622493089,8.64802788517331 50.5432342771523,8.64701964159385 50.543010104333,8.6462706440987 50.5434139001476,8.64652988329159 50.5440418718162)))","4955","755","255","1010","5965"
"MULTIPOLYGON (((8.72315986218474 50.5587682692298,8.72416898677285 50.558991823527,8.72491801272327 50.558587562242,8.72465790724203 50.5579597497055,8.72364879335379 50.5577361989219,8.72289977424706 50.5581404571614,8.72315986218474 50.5587682692298)))","937","1237","137","1374","2311"
"MULTIPOLYGON (((8.70395938347062 50.627465051466,8.70496933588466 50.6276887319846,8.70571913296037 50.6272851363117,8.70545897075237 50.6266578631676,8.70444902904937 50.6264341861607,8.7036992388435 50.6268377787863,8.70395938347062 50.627465051466)))","26094","2494","994","3488","29582"
"MULTIPOLYGON (((8.7138301532163 50.6313596035226,8.71484024669655 50.631583202967,8.71559006793981 50.631179562947,8.71532978883881 50.6305523265316,8.71431970607587 50.6303287305976,8.71356989169673 50.6307323675687,8.7138301532163 50.6313596035226)))","343531","191031","128931","319962","663493"
"MULTIPOLYGON (((8.6616549466971 50.5474036568602,8.66266337946957 50.5476277103217,8.66341239316596 50.5472238236167,8.663152967208 50.5465958864874,8.66214454510018 50.546371836547,8.6613955382858 50.5467757202148,8.6616549466971 50.5474036568602)))","678","178","0","178","856"
"MULTIPOLYGON (((8.68306329104695 50.6080210342611,8.68407278281548 50.6082448909617,8.68482240837976 50.6078413040908,8.68456253529582 50.6072138635628,8.68355305422153 50.6069900103773,8.68280343553709 50.6073935942047,8.68306329104695 50.6080210342611)))","5098","898","898","1796","6894"
"MULTIPOLYGON (((8.73379619490773 50.5822171512809,8.73480574911716 50.582440610383,8.73555500721025 50.5820364474341,8.73529470425279 50.5814088284315,8.73428516075591 50.5811853728405,8.73353590950405 50.5815895327411,8.73379619490773 50.5822171512809)))","1713","113","113","226","1939"
"MULTIPOLYGON (((8.68696172729889 50.6174320147756,8.6879713886197 50.6176558362318,8.68872110827619 50.6172522916632,8.68846115973286 50.616624928683,8.68745150911118 50.616401110741,8.68670179633381 50.616804652265,8.68696172729889 50.6174320147756)))","3270","270","270","540","3810"
"MULTIPOLYGON (((8.68281419875956 50.5697782472253,8.68382313606627 50.5700021215647,8.68457235193478 50.5695982461089,8.68431262362419 50.5689704993549,8.6833036969999 50.5687466285329,8.68255448800388 50.5691505009476,8.68281419875956 50.5697782472253)))","4510","610","310","920","5430"
"MULTIPOLYGON (((8.63333427060751 50.5542239104607,8.63434255803482 50.5544481887432,8.63509169466869 50.5540445660739,8.63483253697337 50.553416668156,8.63382426019819 50.5531923933973,8.63307513046631 50.5535960130327,8.63333427060751 50.5542239104607)))","58087","187","0","187","58274"
"MULTIPOLYGON (((8.70457072514572 50.5979725061817,8.70558025637597 50.5981961939918,8.7063297357772 50.597792369626,8.70606967708467 50.5971648604958,8.70506015655669 50.5969411761991,8.70431068401909 50.5973449975193,8.70457072514572 50.5979725061817)))","179062","20862","18362","39224","218286"
"MULTIPOLYGON (((8.70963574720357 50.6190375478233,8.71064562642705 50.6192611861611,8.71139532284707 50.6188574839038,8.71113513317929 50.6182301463564,8.71012526466712 50.6180065115303,8.70937557511153 50.61841021074,8.70963574720357 50.6190375478233)))","35024","5524","4124","9648","44672"
"MULTIPOLYGON (((8.61984885852015 50.5614875289,8.6208571345155 50.5617119125986,8.62160637262476 50.5613084461627,8.62134732782647 50.5606805990609,8.62033906247846 50.560456218887,8.61958983128154 50.5608596822903,8.61984885852015 50.5614875289)))","6688","488","488","976","7664"
"MULTIPOLYGON (((8.68430261668231 50.5490113172866,8.68531126721937 50.5492351880566,8.68606025800661 50.5488311438346,8.68580059138949 50.5482032318828,8.68479195152927 50.5479793646312,8.68404296760944 50.5483834058131,8.68430261668231 50.5490113172866)))","452","352","0","352","804"
"MULTIPOLYGON (((8.71093230614358 50.5845636963889,8.71194169824913 50.5847873385245,8.71269102247993 50.5843833646586,8.71243094774848 50.5837557517026,8.71142156634439 50.5835321130804,8.71067224897038 50.5839360839008,8.71093230614358 50.5845636963889)))","599574","229274","196174","425448","1025022"
"MULTIPOLYGON (((8.6902809052068 50.6210163609517,8.69129064687725 50.6212401542199,8.69204039911 50.6208366120213,8.69178040279481 50.6202092795998,8.69077067182633 50.6199854898452,8.69002092647118 50.6203890289986,8.6902809052068 50.6210163609517)))","22849","749","549","1298","24147"
"MULTIPOLYGON (((8.71041629369364 50.6209195280342,8.71142620683576 50.6211431593076,8.7121759220662 50.620739465506,8.71191571729042 50.6201121434787,8.71090581486065 50.6198885157167,8.71015610649449 50.6202922064706,8.71041629369364 50.6209195280342)))","35920","6820","4220","11040","46960"
"MULTIPOLYGON (((8.63030947982126 50.553551026479,8.63131773150034 50.5537753293284,8.6320668662383 50.5533717242284,8.63180774239342 50.5527438193127,8.6307995013647 50.5525195199875,8.63005037353062 50.552923122054,8.63030947982126 50.553551026479)))","1627","227","0","227","1854"
"MULTIPOLYGON (((8.71648779248285 50.604601265815,8.71749752175317 50.6048248549897,8.71824705095441 50.6044209917027,8.71798684402846 50.6037935422885,8.71697712546861 50.6035699566255,8.71622760312441 50.603973816865,8.71648779248285 50.604601265815)))","379303","144903","108803","253706","633009"
"MULTIPOLYGON (((8.69658940774845 50.5654224088352,8.6975984004727 50.565646174165,8.69834754516367 50.5652421624295,8.69808769026798 50.5646143884069,8.69707870823194 50.5643906265933,8.69632957040351 50.5647946352863,8.69658940774845 50.5654224088352)))","20840","3540","3140","6680","27520"
"MULTIPOLYGON (((8.65500057400685 50.5579004432,8.65600910090315 50.5581245459245,8.65675823876691 50.5577207887502,8.65649884284607 50.5570929318882,8.65549032661417 50.5568688326847,8.65474119563887 50.5572725868222,8.65500057400685 50.5579004432)))","3442","642","342","984","4426"
"MULTIPOLYGON (((8.60664795817646 50.5716627508586,8.60765626712451 50.5718872365042,8.6084056373896 50.5714839462994,8.60814669178371 50.5708561734805,8.60713839347928 50.5706316913604,8.60638903013725 50.5710349785337,8.60664795817646 50.5716627508586)))","465","265","0","265","730"
"MULTIPOLYGON (((8.68932004279045 50.6054196005032,8.69032955070907 50.605643407944,8.69107913721752 50.6052397544223,8.69081920893228 50.604612296504,8.68980971171032 50.6043884925778,8.68906013207706 50.6047921430553,8.68932004279045 50.6054196005032)))","6250","250","0","250","6500"
"MULTIPOLYGON (((8.65168682711139 50.554312856337,8.65269527377135 50.5545369871319,8.65344437905439 50.5541332275672,8.65318503078765 50.5535053402438,8.6521765947893 50.5532812129706,8.6514274963962 50.5536849694991,8.65168682711139 50.554312856337)))","22505","4405","3705","8110","30615"
"MULTIPOLYGON (((8.70099263831809 50.5561356674383,8.70200153485085 50.5563594011225,8.7027505722247 50.5559552859143,8.70249070620816 50.5553274400646,8.70148182036307 50.5551037098967,8.700732789847 50.5555078220623,8.70099263831809 50.5561356674383)))","975","175","0","175","1150"
"MULTIPOLYGON (((8.71414626948925 50.5989540391088,8.71515589705615 50.5991776494613,8.71590536986301 50.5987737608142,8.71564520824559 50.5981462648616,8.71463559138622 50.5979226580214,8.71388612543684 50.5983265436216,8.71414626948925 50.5989540391088)))","1646","946","346","1292","2938"
"MULTIPOLYGON (((8.62794351598159 50.5655693124048,8.62895192058604 50.5657936294476,8.6297011882427 50.5653901333079,8.62944204438713 50.5647623231592,8.62843365043544 50.56453800964,8.62768438968664 50.5649415027459,8.62794351598159 50.5655693124048)))","471454","285454","171354","456808","928262"
"MULTIPOLYGON (((8.71237429928004 50.6167953617933,8.7133841695732 50.6170189790211,8.71413383701845 50.6166152392068,8.71387362730856 50.6159878852127,8.71286376772751 50.6157642714964,8.71211410714439 50.6161680082628,8.71237429928004 50.6167953617933)))","1505","1105","305","1410","2915"
"MULTIPOLYGON (((8.70166503023317 50.5688284259531,8.70267411566453 50.5690521490736,8.70342328779888 50.5686481251656,8.70316336764212 50.5680203811807,8.70215429290261 50.5677966615756,8.7014051276281 50.5682006824402,8.70166503023317 50.5688284259531)))","768370","254470","243370","497840","1266210"
"MULTIPOLYGON (((8.65909302786377 50.5633712683747,8.66010166886216 50.563595336006,8.66085085810792 50.5631915896831,8.66059139946855 50.5625637787666,8.65958276913839 50.5623397146557,8.65883358677946 50.5627434579409,8.65909302786377 50.5633712683747)))","390542","99242","94442","193684","584226"
"MULTIPOLYGON (((8.65581151656474 50.6019737999928,8.65682068662268 50.6021978783294,8.6575702956087 50.6017944497545,8.65731072764028 50.6011669458827,8.65630156826068 50.6009428710646,8.65555196617126 50.6013462965998,8.65581151656474 50.6019737999928)))","534269","256269","144769","401038","935307"
"MULTIPOLYGON (((8.62030293947457 50.5781223959157,8.6213114593494 50.5783467692914,8.62206087497701 50.5779434257471,8.62180176381456 50.5773157118608,8.62079325459238 50.5770913420089,8.62004384588009 50.5774946825195,8.62030293947457 50.5781223959157)))","1941","141","0","141","2082"
"MULTIPOLYGON (((8.70322455143472 50.5725947785777,8.704233704607 50.5728184876188,8.70498291431642 50.5724144806191,8.70472296399412 50.5717867676222,8.70371382151565 50.5715630620962,8.70296461866578 50.5719670660521,8.70322455143472 50.5725947785777)))","783892","282692","253192","535884","1319776"
"MULTIPOLYGON (((8.60946898274102 50.5762814820915,8.61047738265196 50.5765059432289,8.61122679750728 50.5761026669408,8.6109678055297 50.5754749325476,8.60995941626525 50.5752504749352,8.60921000833204 50.5756537481911,8.60946898274102 50.5762814820915)))","634","234","0","234","868"
"MULTIPOLYGON (((8.6309687655598 50.5662422389605,8.63197720592826 50.56646653143,8.63272647548501 50.5660630177182,8.63246729776747 50.5654352145714,8.63145886805358 50.5652109256252,8.63070960540278 50.5656144363026,8.6309687655598 50.5662422389605)))","477440","285440","178040","463480","940920"
"MULTIPOLYGON (((8.64047309862229 50.6025558709526,8.64148214505808 50.6027800723528,8.64223178736233 50.6023767631793,8.64197237632406 50.6017492556436,8.6409633405588 50.6015250577635,8.64021370516144 50.6019283638992,8.64047309862229 50.6025558709526)))","542","142","0","142","684"
"MULTIPOLYGON (((8.66371349353469 50.6099961770647,8.66472284750412 50.6102201885776,8.66547252861613 50.6098167617307,8.66521284886583 50.6091893264122,8.66420350558124 50.6089653184164,8.66345383136223 50.6093687422221,8.66371349353469 50.6099961770647)))","4240","340","340","680","4920"
"MULTIPOLYGON (((8.69233065737291 50.6237494209071,8.69334045618066 50.6239731965497,8.69409023411093 50.6235696597652,8.6938302063568 50.622942350384,8.69282041825291 50.6227185782546,8.69207064719943 50.6231221119933,8.69233065737291 50.6237494209071)))","127914","79514","47314","126828","254742"
"MULTIPOLYGON (((8.70988829504436 50.5444219414575,8.71089709895618 50.5446456083358,8.71164599505372 50.544241337606,8.71138608038996 50.5436134030409,8.71037728716679 50.5433897396786,8.70962839791887 50.5437940073655,8.70988829504436 50.5444219414575)))","13261","44761","32761","77522","90783"
"MULTIPOLYGON (((8.61298461985952 50.5759238232049,8.61399304492406 50.5761482562494,8.61474244979444 50.5757449508835,8.61448342268069 50.5751172155058,8.61347500826434 50.5748927859861,8.61272561031368 50.5752960883193,8.61298461985952 50.5759238232049)))","615","115","0","115","730"
"MULTIPOLYGON (((8.65223526729509 50.577810974757,8.65324405765482 50.5780350916727,8.65399341377308 50.5776315063762,8.65373397263749 50.5770038072018,8.65272519294686 50.5767796938064,8.65197584372281 50.5771832760652,8.65223526729509 50.577810974757)))","6917","2117","1117","3234","10151"
"MULTIPOLYGON (((8.65335753800062 50.5472706490703,8.65436589750662 50.5474947692627,8.6551149244285 50.5470909437362,8.65485558495701 50.5464630010533,8.65384723611137 50.5462388843828,8.65309821607694 50.5466427068734,8.65335753800062 50.5472706490703)))","571968","285468","238968","524436","1096404"
"MULTIPOLYGON (((8.71385517063157 50.5960401320856,8.71486475359452 50.5962637459825,8.71561419566548 50.5958598373818,8.71535404791649 50.595232317931,8.71434447566002 50.5950087075466,8.71359504044617 50.5954126131006,8.71385517063157 50.5960401320856)))","67970","30170","12570","42740","110710"
"MULTIPOLYGON (((8.68899593417827 50.5426390456991,8.69000453314411 50.5428628813007,8.6907534473788 50.5424587535657,8.69049375578472 50.5418307932693,8.68948516749618 50.5416069611859,8.68873626012453 50.5420110858807,8.68899593417827 50.5426390456991)))","341","141","0","141","482"
"MULTIPOLYGON (((8.71783949759155 50.6299685907716,8.71884960533942 50.6301921585213,8.71959940445376 50.6297884778902,8.71933908895915 50.6291612325589,8.71832899193022 50.6289376683193,8.71757919967704 50.629341345901,8.71783949759155 50.6299685907716)))","545","145","145","290","835"
"MULTIPOLYGON (((8.66652589604678 50.5547586668779,8.66753447673393 50.5549826782364,8.66828356057752 50.5545788108392,8.66802405685382 50.5539509351216,8.66701548683606 50.5537269272831,8.66626640987276 50.5541307916423,8.66652589604678 50.5547586668779)))","305213","95113","82913","178026","483239"
"MULTIPOLYGON (((8.62748768025742 50.5489312598966,8.62849584104052 50.5491555872553,8.62924493125063 50.5487519682516,8.6289858537729 50.5481240249221,8.62797770363727 50.5478997010881,8.627228620332 50.5483033170589,8.62748768025742 50.5489312598966)))","2440","140","0","140","2580"
"MULTIPOLYGON (((8.70170995998653 50.6286757687704,8.70271991060632 50.6288994668886,8.70346972470743 50.6284958972732,8.70320958131728 50.6278686325866,8.70219964140768 50.6276449379803,8.70144983417815 50.6280485045486,8.70170995998653 50.6286757687704)))","9130","2530","2030","4560","13690"
"MULTIPOLYGON (((8.63546429449788 50.5638210616294,8.63647273865784 50.5640453189543,8.63722197436885 50.5636417531609,8.63696275901751 50.5630139330773,8.63595432551371 50.5627896792752,8.6352050967052 50.563193242034,8.63546429449788 50.5638210616294)))","2581","281","181","462","3043"
"MULTIPOLYGON (((8.65203366979311 50.5817564954094,8.65304251536914 50.5819806123468,8.65379191414757 50.5815770585224,8.65353246045494 50.5809493907985,8.65252362554909 50.5807252773812,8.65177423366579 50.5811288281676,8.65203366979311 50.5817564954094)))","4221","1321","921","2242","6463"
"MULTIPOLYGON (((8.66919135932624 50.6055136460343,8.67020069562049 50.6057376153363,8.67095031890838 50.6053341133727,8.67069059901368 50.6047066451489,8.66968127340575 50.6044826793638,8.66893165700634 50.6048861782858,8.66919135932624 50.6055136460343)))","4172","472","0","472","4644"
"MULTIPOLYGON (((8.66906210186417 50.5564624070389,8.67007072891922 50.5566863973254,8.67081982652132 50.5562825238512,8.67056029018954 50.5556546631292,8.66955167380575 50.5554306763624,8.66880258308258 50.555834546798,8.66906210186417 50.5564624070389)))","504561","229461","189961","419422","923983"
"MULTIPOLYGON (((8.65007371501697 50.5858811726458,8.65108260327429 50.5861053036634,8.65183204974521 50.5857017958547,8.65157260106167 50.5850741600664,8.65056372347476 50.5848500325689,8.6498142839011 50.5852535373396,8.65007371501697 50.5858811726458)))","1429582","174082","138782","312864","1742446"
"MULTIPOLYGON (((8.73799319213672 50.5945450160966,8.73900296039565 50.5947684363266,8.73975234311585 50.5943643355639,8.73949195073637 50.5937368176209,8.73848219319594 50.5935134009008,8.7377328173166 50.5939174986139,8.73799319213672 50.5945450160966)))","8250","2250","2050","4300","12550"
"MULTIPOLYGON (((8.70571913296037 50.6272851363117,8.70672909787703 50.6275088027421,8.70747888987369 50.6271051925168,8.70721871008518 50.6264779189087,8.70620875588041 50.6262542559899,8.70545897075237 50.6266578631676,8.70571913296037 50.6272851363117)))","272781","207381","124581","331962","604743"
"MULTIPOLYGON (((8.66018607252342 50.550499000942,8.66119453729024 50.5507230649665,8.66194358672585 50.5503192127577,8.66168416451114 50.5496912995616,8.66067571040918 50.549467239058,8.65992666785718 50.5498710882297,8.66018607252342 50.550499000942)))","2334","534","134","668","3002"
"MULTIPOLYGON (((8.67335625041697 50.5579861647206,8.67436493634966 50.558210119874,8.67511404266592 50.557806225784,8.67485445617322 50.5571783795799,8.67384578091449 50.5569544279457,8.67309668147461 50.5573583189965,8.67335625041697 50.5579861647206)))","436991","133891","116391","250282","687273"
"MULTIPOLYGON (((8.62177384529591 50.5750291757322,8.62278233321296 50.5752535385367,8.62353171309544 50.5748501604756,8.62327259814718 50.5742224226438,8.62226412088256 50.573998063363,8.62151474791387 50.5744014383904,8.62177384529591 50.5750291757322)))","1291","291","0","291","1582"
"MULTIPOLYGON (((8.65428184731092 50.5805458254706,8.65529069475357 50.5807699248283,8.65604007658074 50.5803663449589,8.65578060407197 50.5797386687699,8.65477176730027 50.579514572932,8.65402239236654 50.5799181497633,8.65428184731092 50.5805458254706)))","7080","1080","980","2060","9140"
"MULTIPOLYGON (((8.71689568920141 50.5790447428083,8.71790505275071 50.5792683392241,8.71865430715075 50.5788642787783,8.71839419114981 50.5782366249626,8.71738483830337 50.57801303206,8.71663559075512 50.5784170894598,8.71689568920141 50.5790447428083)))","1022","522","222","744","1766"
"MULTIPOLYGON (((8.6413986641755 50.575972866881,8.64240733474356 50.5761970716302,8.6431566902607 50.5757935536071,8.64289736830887 50.5751658338712,8.64188870840371 50.5749416326436,8.64113935978757 50.5753451476304,8.6413986641755 50.575972866881)))","3871","571","171","742","4613"
"MULTIPOLYGON (((8.74444503838271 50.5879934628601,8.74545476723385 50.5882168338573,8.74620406809057 50.5878126350176,8.74594363326092 50.5871850682308,8.74493391512957 50.5869617007431,8.74418462110817 50.5873658965328,8.74444503838271 50.5879934628601)))","287","187","187","374","661"
"MULTIPOLYGON (((8.61658352901579 50.5824252981169,8.61759207892892 50.5826496996376,8.61834154721904 50.5822464166583,8.61808245867747 50.5816187351919,8.61707391941635 50.5813943371951,8.61632445804489 50.5817976171409,8.61658352901579 50.5824252981169)))","40854","954","0","954","41808"
"MULTIPOLYGON (((8.64058975951638 50.5917535013267,8.64159865092739 50.5919777061856,8.64234817710964 50.5915743140729,8.64208880497637 50.5909467201386,8.64107992423268 50.5907225188004,8.64033040495506 50.591125907876,8.64058975951638 50.5917535013267)))","892","192","0","192","1084"
"MULTIPOLYGON (((8.64344464763773 50.5787078876843,8.64445337529035 50.5789320748865,8.64520275652732 50.5785285622941,8.64494340321163 50.5779008655363,8.64393468622384 50.5776766818553,8.64318531188704 50.5780801914109,8.64344464763773 50.5787078876843)))","6215","715","515","1230","7445"
"MULTIPOLYGON (((8.73019250856813 50.5580452696009,8.73120168298164 50.558268767606,8.73195068858195 50.5578644481597,8.73169051292998 50.5572366337547,8.73068134921972 50.5570131392625,8.72993235045832 50.5574174556624,8.73019250856813 50.5580452696009)))","2385","585","485","1070","3455"
"MULTIPOLYGON (((8.66302238371879 50.6149708376545,8.66403180365386 50.6151948526805,8.66478153940005 50.614791468818,8.66452184831686 50.614164072971,8.66351243906782 50.613940061462,8.66276271021606 50.6143434422831,8.66302238371879 50.6149708376545)))","16799","11799","10399","22198","38997"
"MULTIPOLYGON (((8.72713763619587 50.6103777304067,8.72814754029456 50.6106012314639,8.72889711238168 50.610197332288,8.72863677351907 50.6095699351043,8.72762688013813 50.6093464375574,8.72687731490216 50.6097503336839,8.72713763619587 50.6103777304067)))","3778","578","178","756","4534"
"MULTIPOLYGON (((8.66439153165808 50.5451601334759,8.66539995561544 50.5453841658438,8.66614894045475 50.544980241607,8.66588949445708 50.5443522880395,8.66488108116513 50.5441282591924,8.66413210320557 50.544532180392,8.66439153165808 50.5451601334759)))","640","240","140","380","1020"
"MULTIPOLYGON (((8.63188255548572 50.5995069078071,8.63289148388317 50.599731179491,8.63364110858544 50.5993279115558,8.63338179797843 50.5987003749732,8.63237288024614 50.5984761068105,8.63162326245582 50.5988793717092,8.63188255548572 50.5995069078071)))","5258","158","0","158","5416"
"MULTIPOLYGON (((8.64788368302906 50.5517567177913,8.64889206011684 50.5519808801705,8.64964114472803 50.5515771297138,8.64938184535959 50.5509492199135,8.64837347893067 50.5507250610565,8.64762440121144 50.5511288084776,8.64788368302906 50.5517567177913)))","255","155","0","155","410"
"MULTIPOLYGON (((8.65728163210881 50.5988809547298,8.65829077013202 50.5991050225109,8.65904034332859 50.5987015594194,8.65878077160704 50.5980740315865,8.65777164426196 50.5978499673239,8.65702207796042 50.5982534273757,8.65728163210881 50.5988809547298)))","675618","175218","125018","300236","975854"
"MULTIPOLYGON (((8.71491449636479 50.6184972701498,8.71592441306483 50.6187208662247,8.71667409423242 50.6183171203143,8.71641385183935 50.6176897813771,8.71540394585326 50.6174661888132,8.71465427154646 50.6178699316755,8.71491449636479 50.6184972701498)))","330564","142164","115264","257428","587992"
"MULTIPOLYGON (((8.61229042289996 50.5808999198086,8.61329891378477 50.5811243564282,8.6140483732317 50.5807210940556,8.61378933487279 50.5800933980963,8.61278085463737 50.5798689650011,8.61203140211161 50.5802722243409,8.61229042289996 50.5808999198086)))","1327","227","227","454","1781"
"MULTIPOLYGON (((8.6472196703132 50.5989258285191,8.64822872239402 50.5991499771705,8.64897831384481 50.5987465898425,8.64871884631317 50.5981190569016,8.64770980490528 50.5978949117699,8.64696022035621 50.5982982960594,8.6472196703132 50.5989258285191)))","1227","127","127","254","1481"
"MULTIPOLYGON (((8.64413672038101 50.5737310355961,8.64514538216769 50.5739552192475,8.64589470882883 50.5735516636774,8.64563536680466 50.5729239274924,8.64462671568161 50.5726997473625,8.64387739591922 50.5731032998961,8.64413672038101 50.5737310355961)))","574301","283001","172201","455202","1029503"
"MULTIPOLYGON (((8.65240882099889 50.5915296580905,8.65341781091311 50.5917537680422,8.65416731384857 50.5913502856319,8.6539078199731 50.5907226963086,8.65289884073224 50.5904985898764,8.65214934469358 50.5909020692481,8.65240882099889 50.5915296580905)))","415960","222460","145860","368320","784280"
"MULTIPOLYGON (((8.63563450597577 50.5775418048092,8.63664314955525 50.5777660552429,8.6373925320377 50.5773625923445,8.63713326403571 50.576734882048,8.63612463111663 50.5765106351363,8.63537525553928 50.5769140949992,8.63563450597577 50.5775418048092)))","7548","1648","648","2296","9844"
"MULTIPOLYGON (((8.67903395058372 50.6270683636876,8.68004368314708 50.6272922449339,8.68079352040296 50.6268888330202,8.68053361820935 50.6262615429046,8.67952389634395 50.6260376651727,8.67877406597432 50.6264410740421,8.67903395058372 50.6270683636876)))","20714","2814","2014","4828","25542"
"MULTIPOLYGON (((8.74024132151381 50.5933327053605,8.74125109151051 50.5935561079933,8.74200045718459 50.5931519811854,8.74174004602294 50.5925244547947,8.74073028674551 50.5923010556716,8.73998092791057 50.5927051794296,8.74024132151381 50.5933327053605)))","830","430","230","660","1490"
"MULTIPOLYGON (((8.71154035289991 50.5550529492203,8.71254932428591 50.5552765985054,8.71329833124057 50.5548723960634,8.71303835995872 50.5542445473802,8.71202939926543 50.5540209016102,8.71128039916142 50.5544251010083,8.71154035289991 50.5550529492203)))","371","171","171","342","713"
"MULTIPOLYGON (((8.60987683610587 50.5683906642507,8.61088512569954 50.5686151252761,8.61163445524422 50.568211786016,8.61137548827511 50.5675839887624,8.61036720932577 50.5673595312625,8.60961788670134 50.5677628674908,8.60987683610587 50.5683906642507)))","2676","276","176","452","3128"
"MULTIPOLYGON (((8.64009958161991 50.592784464362,8.64110848369827 50.5930086727416,8.64185802180456 50.5926052921348,8.64159865092739 50.5919777061856,8.64058975951638 50.5917535013267,8.63984022831531 50.5921568788964,8.64009958161991 50.592784464362)))","771","171","0","171","942"
"MULTIPOLYGON (((8.69387013820818 50.5499938746913,8.6948788850464 50.5502176681378,8.69562786934377 50.5498135596858,8.69536809994179 50.5491856608286,8.69435936378563 50.5489618708995,8.69361038634955 50.5493659763102,8.69387013820818 50.5499938746913)))","168","168","0","168","336"
"MULTIPOLYGON (((8.66682983169707 50.6175249920879,8.66783932130885 50.6177489754426,8.66858907773435 50.6173455824546,8.66832933765577 50.6167182091539,8.66731985873271 50.6164942293156,8.66657010919964 50.6168976192616,8.66682983169707 50.6175249920879)))","276629","190529","114029","304558","581187"
"MULTIPOLYGON (((8.71992381549792 50.5797155074149,8.72093321469502 50.5799390791893,8.72168247086196 50.5795350011532,8.72142232098204 50.5789073543891,8.72041293248957 50.5786837861275,8.71966368317252 50.5790878611172,8.71992381549792 50.5797155074149)))","242","242","142","384","626"
"MULTIPOLYGON (((8.65024686232647 50.5995982498651,8.6512559501773 50.5998223739078,8.65200554350099 50.5994189689963,8.65174604207417 50.5987914430809,8.65073696489804 50.5985673225574,8.64998737847416 50.5989707244301,8.65024686232647 50.5995982498651)))","115","215","0","215","330"
"MULTIPOLYGON (((8.6401851714684 50.5996424971514,8.64119417333695 50.5998667020532,8.64194378488081 50.5994633729035,8.64168438764976 50.5988358418897,8.64067539645069 50.5986116405082,8.63992579181331 50.5990149666203,8.6401851714684 50.5996424971514)))","1364","764","0","764","2128"
"MULTIPOLYGON (((8.67122077238455 50.5483879910005,8.67222930156465 50.5486119671842,8.67297830887795 50.5482080162599,8.67271878013532 50.5475800921905,8.67171026162512 50.5473561195267,8.67096126118774 50.5477600674126,8.67122077238455 50.5483879910005)))","1726","126","126","252","1978"
"MULTIPOLYGON (((8.65523436474403 50.5961467289689,8.65624344565563 50.5963708143251,8.65699299313322 50.5959673458076,8.65673345280346 50.5953397949731,8.6557243825681 50.5951157131358,8.65497484198638 50.5955191786141,8.65523436474403 50.5961467289689)))","300154","140454","83254","223708","523862"
"MULTIPOLYGON (((8.73486902669518 50.5870144649987,8.73587865938874 50.5872379134889,8.73662796698034 50.5868337789335,8.73636763503701 50.5862061989366,8.73535801305802 50.5859827539571,8.73460871230791 50.5863868854638,8.73486902669518 50.5870144649987)))","1428","228","0","228","1656"
"MULTIPOLYGON (((8.70161826309945 50.6218194111013,8.70262811374507 50.6220431128081,8.70337785437158 50.6216394917629,8.70311773748234 50.6210121720577,8.7021078975448 50.6207884738632,8.70135816378857 50.6211920918617,8.70161826309945 50.6218194111013)))","3336","536","336","872","4208"
"MULTIPOLYGON (((8.65364581884074 50.5501861660019,8.65465422285463 50.55041028271,8.65540328048705 50.5500064771459,8.65514392721785 50.54937855791,8.65413553386535 50.5491544447236,8.65338648312079 50.5495582472515,8.65364581884074 50.5501861660019)))","1262","1162","662","1824","3086"
"MULTIPOLYGON (((8.6446827522247 50.5972224271625,8.64569175786064 50.5974465969,8.64644133550734 50.5970432156486,8.6461819006152 50.5964156676978,8.64517290565035 50.5961915014802,8.64442333490668 50.5965948796936,8.6446827522247 50.5972224271625)))","5799","1399","1199","2598","8397"
"MULTIPOLYGON (((8.65111042523245 50.5484820560095,8.65211878287223 50.5487061937731,8.65286782672828 50.5483023942812,8.65260850605552 50.5476744600616,8.65160015907529 50.5474503258201,8.6508511221084 50.5478541222762,8.65111042523245 50.5484820560095)))","1687","587","187","774","2461"
"MULTIPOLYGON (((8.72382640425785 50.5891295816825,8.72483597287782 50.5893531181812,8.72558532297314 50.5889490823995,8.72532509759944 50.5883215131666,8.72431553968899 50.5880979801797,8.72356619644284 50.588502012914,8.72382640425785 50.5891295816825)))","48669","4869","4169","9038","57707"
"MULTIPOLYGON (((8.70067063649599 50.5885593335458,8.70167999826456 50.5887830566027,8.70242938366787 50.5883791899593,8.70216940043832 50.5877516033036,8.70116004936712 50.5875278837611,8.7004106708282 50.58793174736,8.70067063649599 50.5885593335458)))","363189","68189","35389","103578","466767"
"MULTIPOLYGON (((8.62005217901094 50.5575412862244,8.62106039985675 50.5577656698674,8.62180959532735 50.5573621719535,8.62155056304085 50.556734293429,8.62054235284126 50.556509913311,8.6197931642821 50.5569134081925,8.62005217901094 50.5575412862244)))","839","239","139","378","1217"
"MULTIPOLYGON (((8.65393412415764 50.553101569179,8.65494257268329 50.5533256824012,8.65569166102873 50.5529218968001,8.65543229396041 50.5522940010132,8.65442385609719 50.5520698913125,8.65367477463997 50.5524736738773,8.65393412415764 50.553101569179)))","12401","8401","4701","13102","25503"
"MULTIPOLYGON (((8.66819525621747 50.5477160132727,8.66920374971053 50.5479400140445,8.66995275518521 50.5475360806946,8.66969326028911 50.5469081496109,8.66868477746417 50.5466841523594,8.66793577886731 50.5470880826715,8.66819525621747 50.5477160132727)))","108","108","0","108","216"
"MULTIPOLYGON (((8.62512142352195 50.5609501949444,8.62612973719835 50.5611745365079,8.62687896030799 50.5607710264623,8.62661986283264 50.5601431778864,8.62561155980618 50.5599188398471,8.62486234360527 50.5603223468594,8.62512142352195 50.5609501949444)))","7115","115","115","230","7345"
"MULTIPOLYGON (((8.679724098364 50.6220942532669,8.68073376491331 50.6223181310205,8.68148354751473 50.6219146761247,8.68122365668216 50.6212873465193,8.68021400082968 50.6210634722803,8.67946422511307 50.6214669241321,8.679724098364 50.6220942532669)))","27141","8441","6941","15382","42523"
"MULTIPOLYGON (((8.73741553955588 50.5710473572821,8.73842496348152 50.5712707918419,8.7391740953726 50.5708665169835,8.73891379650147 50.5702388106134,8.73790438328681 50.5700153795649,8.73715525823238 50.5704196513752,8.73741553955588 50.5710473572821)))","801","101","0","101","902"
"MULTIPOLYGON (((8.65336106034842 50.6071281522275,8.65437028379877 50.6073522481563,8.65511995243907 50.6069488771125,8.65486039072987 50.6063214131796,8.65385117795814 50.6060973207692,8.65310151621712 50.6065006887733,8.65336106034842 50.6071281522275)))","328972","230372","110772","341144","670116"
"MULTIPOLYGON (((8.64364671190751 50.5747623043444,8.6446553843579 50.5749864915172,8.64540472293757 50.5745829474504,8.64514538216769 50.5739552192475,8.64413672038101 50.5737310355961,8.64338738870065 50.5741345766264,8.64364671190751 50.5747623043444)))","123729","64329","40329","104658","228387"
"MULTIPOLYGON (((8.63736070845506 50.595025445528,8.63836961931141 50.5952496750088,8.63911918628452 50.5948463319579,8.63885983549393 50.5942187624632,8.63785093530419 50.5939945365033,8.63710137523854 50.5943978765173,8.63736070845506 50.595025445528)))","1979","279","179","458","2437"
"MULTIPOLYGON (((8.63750962512739 50.5665565364239,8.63851812635453 50.5667807762167,8.63926738778317 50.566377215856,8.63900814108307 50.5657494187376,8.63799965051391 50.5655251824673,8.637250395987 50.5659287397929,8.63750962512739 50.5665565364239)))","2721","621","521","1142","3863"
"MULTIPOLYGON (((8.73350431597154 50.5793024777572,8.73451382558741 50.5795259404076,8.73526305296497 50.5791217575141,8.73500276388598 50.5784941150184,8.73399326498163 50.5782706558794,8.73324404444489 50.5786748357247,8.73350431597154 50.5793024777572)))","918","118","0","118","1036"
"MULTIPOLYGON (((8.7196325469183 50.5768008077781,8.72064190153278 50.5770243830911,8.7213911269824 50.5766202851067,8.72113099096815 50.5759926148555,8.72012164705729 50.5757690430555,8.71937242845719 50.5761731379937,8.7196325469183 50.5768008077781)))","922","622","0","622","1544"
"MULTIPOLYGON (((8.62921106318223 50.5664214316162,8.63021949099602 50.5666457381344,8.6309687655598 50.5662422389605,8.63070960540278 50.5656144363026,8.6297011882427 50.5653901333079,8.62895192058604 50.5657936294476,8.62921106318223 50.5664214316162)))","45380","8180","6380","14560","59940"
"MULTIPOLYGON (((8.67649480225561 50.625365982685,8.67750448836669 50.6255898850627,8.67825431184938 50.6251864792372,8.67799444233354 50.624559174078,8.67698476691861 50.6243352752151,8.67623495032348 50.6247386779968,8.67649480225561 50.625365982685)))","4424","324","124","448","4872"
"MULTIPOLYGON (((8.66547252861613 50.6098167617307,8.66648189512181 50.6100407591719,8.66723157119133 50.6096373177775,8.66697187386354 50.6090098819835,8.66596251804357 50.6087858880592,8.66521284886583 50.6091893264122,8.66547252861613 50.6098167617307)))","18819","5119","1219","6338","25157"
"MULTIPOLYGON (((8.71415869567595 50.5812885112446,8.71516806815515 50.5815121287634,8.71591735150411 50.5811081058574,8.71565725552002 50.5804804684784,8.71464789374294 50.5802568544729,8.713898617248 50.5806608743331,8.71415869567595 50.5812885112446)))","6972","772","672","1444","8416"
"MULTIPOLYGON (((8.68343388734494 50.5402637965203,8.68444240432282 50.5404876777924,8.68519130301544 50.5400835737126,8.68493167786398 50.5394555914001,8.68392317155982 50.5392317136471,8.68317427973347 50.5396358146875,8.68343388734494 50.5402637965203)))","481","181","0","181","662"
"MULTIPOLYGON (((8.63995962035794 50.561399571813,8.64096806829562 50.5616237939932,8.64171727015397 50.5612201761199,8.64145801717566 50.5605923391017,8.64044957989572 50.5603681204442,8.63970038493646 50.5607717352823,8.63995962035794 50.561399571813)))","7641","241","141","382","8023"
"MULTIPOLYGON (((8.69093450843608 50.5561854884575,8.69194331936808 50.5564093030079,8.69269237518736 50.5560052635352,8.69243261321032 50.5553774125533,8.69142381296078 50.5551536015202,8.69067476400592 50.5555576379517,8.69093450843608 50.5561854884575)))","123","123","123","246","369"
"MULTIPOLYGON (((8.71705861896327 50.6280868406333,8.71806869278347 50.6283104154549,8.71881847308599 50.6279067263692,8.71855817270716 50.6272794655112,8.71754810960494 50.6270558941999,8.7167983361637 50.6274595802365,8.71705861896327 50.6280868406333)))","899","199","0","199","1098"
"MULTIPOLYGON (((8.65180387091773 50.6033632940186,8.65281302656456 50.6035874040068,8.65356265754529 50.6031840160292,8.65330312597971 50.6025565211028,8.65229398100948 50.6023324146335,8.65154435692832 50.6027357995718,8.65180387091773 50.6033632940186)))","1999","1099","499","1598","3597"
"MULTIPOLYGON (((8.63560223816775 50.5952045304953,8.6366111364654 50.5954287740354,8.63736070845506 50.595025445528,8.63710137523854 50.5943978765173,8.63609248760664 50.5941736364982,8.63534292252561 50.5945769619689,8.63560223816775 50.5952045304953)))","4339","339","239","578","4917"
"MULTIPOLYGON (((8.6762052224764 50.6224533216624,8.67721486397087 50.6226772275744,8.67796465668346 50.6222738017792,8.6777048010145 50.6216464731156,8.67669517021516 50.6214225707186,8.67594538438978 50.6218259934703,8.6762052224764 50.6224533216624)))","264834","183034","96734","279768","544602"
"MULTIPOLYGON (((8.65969642147588 50.5515307433488,8.6607048969076 50.5517548108943,8.66145395825679 50.5513509701846,8.66119453729024 50.5507230649665,8.66018607252342 50.550499000942,8.65943701805838 50.5509028386146,8.65969642147588 50.5515307433488)))","14925","4825","3125","7950","22875"
"MULTIPOLYGON (((8.65462523572778 50.5481227039683,8.65563361841896 50.5483468136329,8.65638265222766 50.5479429850702,8.65612329645846 50.5473150498791,8.6551149244285 50.5470909437362,8.65436589750662 50.5474947692627,8.65462523572778 50.5481227039683)))","214674","139574","101874","241448","456122"
"MULTIPOLYGON (((8.70926599082527 50.5916040073226,8.71027547032914 50.5918276599742,8.71102487303084 50.5914237520588,8.71076478936951 50.5907961945379,8.70975532056842 50.5905725453996,8.70900592472599 50.5909764502691,8.70926599082527 50.5916040073226)))","640008","221408","197908","419316","1059324"
"MULTIPOLYGON (((8.64223178736233 50.6023767631793,8.64324084635463 50.6026009505166,8.64399048363714 50.6021976267981,8.64373105502179 50.6015701187804,8.64272200670086 50.6013459349631,8.64197237632406 50.6017492556436,8.64223178736233 50.6023767631793)))","1452","352","352","704","2156"
"MULTIPOLYGON (((8.69475766161024 50.5410659539636,8.69576628735211 50.5412897438724,8.69651517450326 50.5408855610347,8.6962554290537 50.5402575913292,8.69524681399162 50.5400338049382,8.69449793369941 50.5404379847351,8.69475766161024 50.5410659539636)))","195","195","0","195","390"
"MULTIPOLYGON (((8.67620414557464 50.5449322499775,8.67721266775176 50.5451561874925,8.67796162923891 50.5447521730043,8.67770206167712 50.5441242240399,8.67669355017141 50.5439002900446,8.67594459555622 50.544304301494,8.67620414557464 50.5449322499775)))","754","154","0","154","908"
"MULTIPOLYGON (((8.71044303277551 50.5855952602129,8.71145243558261 50.585818905862,8.71220177174801 50.585414943495,8.71194169824913 50.5847873385245,8.71093230614358 50.5845636963889,8.71018297683549 50.5849676557103,8.71044303277551 50.5855952602129)))","583290","230490","175190","405680","988970"
"MULTIPOLYGON (((8.65295462078704 50.5551648664767,8.65396309063767 50.555388986742,8.65471220281 50.5549852241409,8.65445283824251 50.554357344311,8.65344437905439 50.5541332275672,8.65269527377135 50.5545369871319,8.65295462078704 50.5551648664767)))","3007","1507","1107","2614","5621"
"MULTIPOLYGON (((8.72441926387225 50.5772909441728,8.72542866659442 50.5775144807661,8.72617788871912 50.5771103506478,8.72591770127529 50.576482686983,8.72490830925931 50.5762591539021,8.72415909398108 50.5766632809736,8.72441926387225 50.5772909441728)))","22241","28141","24541","52682","74923"
"MULTIPOLYGON (((8.64180298084719 50.5680812285657,8.6428115410299 50.5683054332481,8.64356081124349 50.5679018522777,8.64330151437535 50.5672740696609,8.64229296485337 50.5670498685005,8.64154370153892 50.5674534464351,8.64180298084719 50.5680812285657)))","592107","285407","208707","494114","1086221"
"MULTIPOLYGON (((8.71079994419366 50.6306887558445,8.71181000196444 50.630912379961,8.71255982142894 50.6305087575432,8.71229957625685 50.6298815140573,8.7112895292016 50.6296578934515,8.71053971660305 50.6300615128209,8.71079994419366 50.6306887558445)))","80849","135049","70549","205598","286447"
"MULTIPOLYGON (((8.66809906013911 50.6183763407527,8.6691085729764 50.6186003135487,8.66985833629366 50.6181969175184,8.66959857988199 50.6175695517344,8.66858907773435 50.6173455824546,8.66783932130885 50.6177489754426,8.66809906013911 50.6183763407527)))","277241","203141","131741","334882","612123"
"MULTIPOLYGON (((8.70168060352603 50.5511561129556,8.70268943414361 50.5513798431228,8.70343841697209 50.5509756849738,8.70317856232671 50.5503477997001,8.70216974239557 50.5501240730494,8.70142076642347 50.550528228156,8.70168060352603 50.5511561129556)))","1000","100","0","100","1100"
"MULTIPOLYGON (((8.69856288986973 50.5436211547464,8.69957158509621 50.5438449130282,8.70032049282021 50.5434407210668,8.7000606984609 50.542812773865,8.69905201391696 50.5425890191003,8.69830311304992 50.5429932080203,8.69856288986973 50.5436211547464)))","122","122","0","122","244"
"MULTIPOLYGON (((8.71905008397211 50.5709710668363,8.72005934943295 50.5711946492219,8.72080851345537 50.5707905113423,8.72054840516829 50.570162794123,8.71953915040896 50.5699392152508,8.71878999323534 50.5703433500846,8.71905008397211 50.5709710668363)))","4222","1322","722","2044","6266"
"MULTIPOLYGON (((8.60811922455431 50.5685695139045,8.6091275015717 50.5687939889734,8.60987683610587 50.5683906642507,8.60961788670134 50.5677628674908,8.6086096203274 50.5675383959475,8.60786029271468 50.5679417176386,8.60811922455431 50.5685695139045)))","2196","396","296","692","2888"
"MULTIPOLYGON (((8.73429249584403 50.5635145453502,8.73530178429551 50.5637380081292,8.73605084110738 50.5633336994835,8.73579060263059 50.562705931106,8.73478132488617 50.5624824718391,8.73403227491157 50.5628867774376,8.73429249584403 50.5635145453502)))","2548","148","0","148","2696"
"MULTIPOLYGON (((8.69107913721752 50.6052397544223,8.69208865764535 50.6054635477858,8.69283823909028 50.6050598797165,8.69257829323353 50.6044324213281,8.69156878350321 50.604208631479,8.69081920893228 50.604612296504,8.69107913721752 50.6052397544223)))","9043","1043","0","1043","10086"
"MULTIPOLYGON (((8.72156776952548 50.6080052796141,8.72257759156919 50.6082288264916,8.723327148192 50.6078249510123,8.72306687591684 50.607197531704,8.72205706458726 50.6069739883375,8.72130751481885 50.6073778607684,8.72156776952548 50.6080052796141)))","515","115","115","230","745"
"MULTIPOLYGON (((8.73224241087317 50.5607799623082,8.73325164230388 50.5610034427023,8.7340006735101 50.5605991286566,8.7337404664477 50.5599713372638,8.73273124572215 50.5597478603822,8.73198222135399 50.5601521713811,8.73224241087317 50.5607799623082)))","436","136","0","136","572"
"MULTIPOLYGON (((8.69211241450143 50.5501741610983,8.69312114885293 50.5503979686059,8.69387013820818 50.5499938746913,8.69361038634955 50.5493659763102,8.69260166267925 50.5491421723201,8.6918526801865 50.5495462631937,8.69211241450143 50.5501741610983)))","451","151","0","151","602"
"MULTIPOLYGON (((8.72852859410438 50.5650889202569,8.72953785590044 50.5653124287767,8.73028693992081 50.5649081752505,8.73002675530386 50.564280416251,8.72901750421239 50.5640569112439,8.72826842703341 50.5644611617235,8.72852859410438 50.5650889202569)))","1551","251","0","251","1802"
"MULTIPOLYGON (((8.70506015655669 50.5969411761991,8.70606967708467 50.5971648604958,8.70681914454815 50.5967610246289,8.70655908462067 50.596133507511,8.70554957479489 50.5959098267277,8.70480011419453 50.596313659549,8.70506015655669 50.5969411761991)))","99734","10034","9634","19668","119402"
"MULTIPOLYGON (((8.71111745813947 50.5982831587498,8.71212705003049 50.5985067937528,8.71287652106075 50.5981029226998,8.71261639334076 50.5974754196903,8.7116068121555 50.5972517882,8.71085734798459 50.5976556562065,8.71111745813947 50.5982831587498)))","160178","52278","44578","96856","257034"
"MULTIPOLYGON (((8.67787531146155 50.6154172520154,8.67888486556737 50.6156411473991,8.67963457975465 50.615237655611,8.67937473295151 50.6146102714824,8.67836518953951 50.6143863796139,8.67761548223693 50.6147898683587,8.67787531146155 50.6154172520154)))","37761","4761","1861","6622","44383"
"MULTIPOLYGON (((8.67473585283811 50.5480280129284,8.67574440702986 50.548251961002,8.6764934042618 50.5478479810053,8.67623384042858 50.5472200559738,8.67522529690845 50.5469961114198,8.67447630655003 50.5474000883777,8.67473585283811 50.5480280129284)))","1028","328","0","328","1356"
"MULTIPOLYGON (((8.66358807488271 50.5609486953953,8.66459671958767 50.561172727874,8.66534587493246 50.5607689294737,8.665086378689 50.5601411016328,8.66407774465383 50.5599170726741,8.66332859619245 50.5603208680363,8.66358807488271 50.5609486953953)))","318","118","118","236","554"
"MULTIPOLYGON (((8.71589338216268 50.6164350879823,8.71690327743494 50.6166586770352,8.71765293470943 50.6162549081195,8.71739268985203 50.6156275531992,8.71638280529358 50.6154039676575,8.71563315487887 50.615807733525,8.71589338216268 50.6164350879823)))","339941","149241","118041","267282","607223"
"MULTIPOLYGON (((8.67288694816769 50.6188687690439,8.67389650929653 50.6190927031279,8.67464626940621 50.6186892749562,8.67438646149849 50.6180619157436,8.67337691106193 50.6178379851753,8.67262715784095 50.618241410304,8.67288694816769 50.6188687690439)))","27747","3347","2247","5594","33341"
"MULTIPOLYGON (((8.69282041825291 50.6227185782546,8.6938302063568 50.622942350384,8.69457997234279 50.6225388020942,8.69431994334871 50.6219114847209,8.69331016594861 50.6216877161047,8.69256040683892 50.6220912613488,8.69282041825291 50.6227185782546)))","635","235","135","370","1005"
"MULTIPOLYGON (((8.72547219452755 50.6174159415336,8.7264821861317 50.6176394530713,8.72723183675504 50.6172356198535,8.72697148892067 50.6166082781475,8.72596150803556 50.6163847701198,8.72521186426584 50.6167886002881,8.72547219452755 50.6174159415336)))","1507","207","107","314","1821"
"MULTIPOLYGON (((8.71033714277289 50.5964006356108,8.71134670076727 50.5966242776689,8.71209615299962 50.5962203981618,8.71183604037819 50.595592879643,8.71082649308857 50.5953692410977,8.71007704771577 50.5957731175585,8.71033714277289 50.5964006356108)))","388204","143104","136504","279608","667812"
"MULTIPOLYGON (((8.656671066594 50.5508584915467,8.65767950631867 50.5510825836747,8.65842856581172 50.5506787605381,8.65816917869425 50.5500508483103,8.65716074963272 50.5498267597036,8.65641169702565 50.5502305798035,8.656671066594 50.5508584915467)))","533411","285411","251111","536522","1069933"
"MULTIPOLYGON (((8.71973697561459 50.5659922160436,8.72074617510358 50.5662157949359,8.72149528455603 50.5658116141174,8.72123518767224 50.5651838574522,8.72022599888356 50.5649602820735,8.71947689627847 50.5653644598464,8.71973697561459 50.5659922160436)))","1553","353","0","353","1906"
"MULTIPOLYGON (((8.7094644465358 50.5876583294059,8.7104738707461 50.5878819820819,8.71122323078153 50.5874780427134,8.7109631597484 50.5868504537145,8.70995374623975 50.586626804552,8.7092043930627 50.5870307408749,8.7094644465358 50.5876583294059)))","910310","271610","261810","533420","1443730"
"MULTIPOLYGON (((8.72051724380162 50.5678754536416,8.72152647715816 50.5680990254871,8.72227560538772 50.5676948531188,8.72201549341365 50.5670671119508,8.72100627075839 50.5668435436187,8.72025714937604 50.5672477129413,8.72051724380162 50.5678754536416)))","776","176","0","176","952"
"MULTIPOLYGON (((8.65353123719095 50.5609951578659,8.65453979608086 50.5612192711538,8.65528896969089 50.5608155484812,8.65502957752102 50.5601877155577,8.6540210292957 50.5599636057909,8.65327186257576 50.5603673254266,8.65353123719095 50.5609951578659)))","15893","4693","3293","7986","23879"
"MULTIPOLYGON (((8.66587437415211 50.6019282689394,8.66688363011339 50.6021522663847,8.66763322080159 50.6017487620404,8.66737354863869 50.6011212632917,8.66636430336091 50.6008972693638,8.66561471956267 50.6013007706671,8.66587437415211 50.6019282689394)))","23688","1188","488","1676","25364"
"MULTIPOLYGON (((8.67142121170336 50.5444403944748,8.67242968569913 50.5446643706325,8.6731786503949 50.5442603882541,8.67291913421998 50.5436324327562,8.67191067089299 50.5434084601187,8.67116171307222 50.543812439459,8.67142121170336 50.5444403944748)))","322","122","122","244","566"
"MULTIPOLYGON (((8.64575218075406 50.5421579413458,8.64676040114812 50.542382124688,8.64750938673521 50.5419783173743,8.64725014503686 50.5413503297531,8.64624193529765 50.5411261499339,8.64549295660203 50.5415299542129,8.64575218075406 50.5421579413458)))","16172","1172","472","1644","17816"
"MULTIPOLYGON (((8.63871441742033 50.6027349501183,8.63972345129778 50.602959165581,8.64047309862229 50.6025558709526,8.64021370516144 50.6019283638992,8.63920468195369 50.6017041519567,8.63845504153723 50.6021074435476,8.63871441742033 50.6027349501183)))","2002","902","202","1104","3106"
"MULTIPOLYGON (((8.71353893292967 50.6284469832284,8.71454898176473 50.6286705862326,8.7152987722434 50.6282669262529,8.71503850702346 50.6276396663177,8.71402846890465 50.627416066824,8.71327868528967 50.6278197237551,8.71353893292967 50.6284469832284)))","427827","188627","157527","346154","773981"
"MULTIPOLYGON (((8.63226948699594 50.5494248836368,8.63327769607403 50.5496491723898,8.63402678317833 50.5492455212836,8.63376765430288 50.5486175844579,8.63275945587488 50.548393299229,8.63201037567235 50.5487969473018,8.63226948699594 50.5494248836368)))","3153","253","153","406","3559"
"MULTIPOLYGON (((8.65073696489804 50.5985673225574,8.65174604207417 50.5987914430809,8.65249562346964 50.5983880266635,8.6522361207898 50.5977604927615,8.65122705428829 50.5975363757572,8.65047747979212 50.5979397891358,8.65073696489804 50.5985673225574)))","137507","907","207","1114","138621"
"MULTIPOLYGON (((8.6492089677047 50.5771385748188,8.65021772231962 50.5773627163298,8.65096707656915 50.5769591486117,8.65070766930777 50.5763314424201,8.64969892536013 50.5761073044297,8.64894957800672 50.5765108691105,8.6492089677047 50.5771385748188)))","26636","5936","4736","10672","37308"
"MULTIPOLYGON (((8.68589199133401 50.612636810178,8.68690157413117 50.612860642221,8.68765124420924 50.612457069227,8.68739132461145 50.6118296672342,8.68638175251144 50.6116058387058,8.68563208931221 50.6120094086556,8.68589199133401 50.612636810178)))","8631","1531","831","2362","10993"
"MULTIPOLYGON (((8.65609426234661 50.5450273648432,8.65710261305425 50.5452514639425,8.65785161112926 50.5448476008831,8.65759225161151 50.5442196417606,8.65658391156492 50.543995546183,8.65583492037513 50.5443994062062,8.65609426234661 50.5450273648432)))","8433","5033","3233","8266","16699"
"MULTIPOLYGON (((8.70869810497468 50.5681070511364,8.70970724033092 50.5683307179762,8.71045639218196 50.5679266359028,8.71019640182187 50.567298890034,8.70918727716091 50.5670752267088,8.70843813216491 50.5674793057379,8.70869810497468 50.5681070511364)))","1110","110","110","220","1330"
"MULTIPOLYGON (((8.69920231885921 50.5916535659802,8.70021171272034 50.5918772995801,8.70096113392667 50.5914734674383,8.70070115440604 50.5908459047413,8.6996917712425 50.5906221746557,8.69894235690212 50.5910260037529,8.69920231885921 50.5916535659802)))","6286","786","186","972","7258"
"MULTIPOLYGON (((8.66301058942859 50.5551182931792,8.66401914508306 50.5553423326474,8.66476823899605 50.5549384943244,8.66450877037204 50.5543106195711,8.66350022538526 50.5540865836234,8.66275113835495 50.5544904189086,8.66301058942859 50.5551182931792)))","426566","173966","158366","332332","758898"
"MULTIPOLYGON (((8.6874706851875 50.5987411175845,8.68848008071009 50.5989649426486,8.68922959884895 50.5985612522466,8.68896971459023 50.5979337398241,8.68796032976134 50.5977099182752,8.68721081849757 50.5981136056337,8.6874706851875 50.5987411175845)))","377746","15646","12546","28192","405938"
"MULTIPOLYGON (((8.65834123777581 50.5438157672026,8.65934959034201 50.5440398487308,8.66009857147937 50.5436359596379,8.65983919316715 50.5430079920534,8.65883085126281 50.5427839140468,8.65808187700895 50.5431878001032,8.65834123777581 50.5438157672026)))","209737","66637","32037","98674","308411"
"MULTIPOLYGON (((8.64185802180456 50.5926052921348,8.64286693643628 50.5928294864546,8.64361646952255 50.5924260913046,8.64335708107317 50.5917985048722,8.64234817710964 50.5915743140729,8.64159865092739 50.5919777061856,8.64185802180456 50.5926052921348)))","1563","163","0","163","1726"
"MULTIPOLYGON (((8.62728479628717 50.5528780688018,8.62829301221426 50.5531023962155,8.6290421450518 50.5526988086843,8.6287830550566 50.5520708967725,8.62777484977807 50.5518465728832,8.62702572384628 50.5522501573814,8.62728479628717 50.5528780688018)))","3326","126","0","126","3452"
"MULTIPOLYGON (((8.72438975258493 50.6302789303758,8.72539992100339 50.630502445261,8.72614971169658 50.6300987179195,8.72588932711454 50.629471478743,8.72487916941852 50.6292479673671,8.72412938558219 50.6296516916584,8.72438975258493 50.6302789303758)))","146","346","0","346","492"
"MULTIPOLYGON (((8.710152149716 50.5826808434221,8.71116150793823 50.582904492607,8.7119108133784 50.5825005102877,8.71165075373949 50.5818728818291,8.71064140621773 50.581649236158,8.70989210763452 50.5820532154318,8.710152149716 50.5826808434221)))","556985","106285","97685","203970","760955"
"MULTIPOLYGON (((8.6313408456147 50.5760170019736,8.63234943021078 50.5762412875211,8.63309880389256 50.5758378452335,8.6328395860707 50.5752101204332,8.63183101213234 50.5749858384083,8.63108164535821 50.575389277661,8.6313408456147 50.5760170019736)))","2067","267","0","267","2334"
"MULTIPOLYGON (((8.60791521146376 50.5725150013424,8.60892354363516 50.5727394764694,8.60967292082263 50.5723361832328,8.60941395891647 50.571708417901,8.6084056373896 50.5714839462994,8.60765626712451 50.5718872365042,8.60791521146376 50.5725150013424)))","524","224","0","224","748"
"MULTIPOLYGON (((8.7432706671329 50.594002888593,8.74428047275778 50.5942262665593,8.74502984016429 50.5938221221538,8.74476939510883 50.5931946028322,8.74375960020501 50.5929712283753,8.74301023963575 50.5933753697306,8.7432706671329 50.594002888593)))","1555","355","355","710","2265"
"MULTIPOLYGON (((8.71661635550178 50.5584588007924,8.71762541953916 50.5586824078604,8.71837445388957 50.5582781932409,8.71811441735481 50.5576503745982,8.71710536401385 50.5574267710446,8.71635633651137 50.5578309826194,8.71661635550178 50.5584588007924)))","1534","334","134","468","2002"
"MULTIPOLYGON (((8.72062152292814 50.5570654973127,8.72163060119644 50.5572890727253,8.72237961345882 50.5568848175311,8.72211954060803 50.5562569899696,8.72111047303777 50.556033418071,8.72036146762041 50.55643767022,8.72062152292814 50.5570654973127)))","1196","196","0","196","1392"
"MULTIPOLYGON (((8.68653017548189 50.5654715943865,8.6875390825588 50.5656954405924,8.68828824567855 50.5652915046001,8.68802849485236 50.5646637254433,8.68701959845846 50.5644398827547,8.68627044220787 50.5648438157057,8.68653017548189 50.5654715943865)))","332648","134748","94948","229696","562344"
"MULTIPOLYGON (((8.62393800136803 50.5669588380686,8.62494639150697 50.5671831867303,8.62569568108309 50.5667797311698,8.62543657360961 50.5661519299811,8.62442819412177 50.5659275848433,8.62367891145638 50.5663310373704,8.62393800136803 50.5669588380686)))","61193","20793","14493","35286","96479"
"MULTIPOLYGON (((8.61592675263156 50.5697373075853,8.61693511380785 50.5699617194817,8.61768444720295 50.5695583450818,8.61742541250534 50.5689305618181,8.61641706197686 50.5687061534463,8.61566773549833 50.5691095248137,8.61592675263156 50.5697373075853)))","2676","676","476","1152","3828"
"MULTIPOLYGON (((8.72663910585524 50.6290677398981,8.72764927603378 50.6292912371795,8.72839904967742 50.6288874837811,8.7281386462875 50.6282602361517,8.72712848683217 50.6280367423795,8.7263787200437 50.6284404927276,8.72663910585524 50.6290677398981)))","433","233","0","233","666"
"MULTIPOLYGON (((8.68683928798692 50.5507148487327,8.68784798486749 50.5509386984211,8.68859698938753 50.5505346481185,8.68833729016106 50.549906751168,8.68732860395917 50.5496829049975,8.6865796063052 50.5500869522597,8.68683928798692 50.5507148487327)))","292","392","292","684","976"
"MULTIPOLYGON (((8.65105371875641 50.5838188730036,8.65206258567297 50.5840429969811,8.65281200829711 50.5836394661642,8.65255255710861 50.5830118144078,8.65154370086236 50.5827876939503,8.6507942851344 50.5831912217293,8.65105371875641 50.5838188730036)))","571713","224413","169513","393926","965639"
"MULTIPOLYGON (((8.65655694958356 50.5616674731429,8.65756554419547 50.5618915618436,8.65831471966684 50.5614878215959,8.65805529363824 50.5608599956849,8.6570467096927 50.560635910505,8.6562975411095 50.5610396477154,8.65655694958356 50.5616674731429)))","9546","1546","946","2492","12038"
"MULTIPOLYGON (((8.7057336944836 50.6096269484652,8.7067434041421 50.6098506221069,8.70749300651953 50.6094468775709,8.70723289237338 50.6088194624397,8.70622319342132 50.6085957923105,8.70547359790905 50.6089995338001,8.7057336944836 50.6096269484652)))","682241","13141","7841","20982","703223"
"MULTIPOLYGON (((8.70400437990877 50.5744778851643,8.70501356695432 50.5747015871639,8.70576279545223 50.5742975886183,8.70550283004533 50.5736698911172,8.70449365369461 50.5734461926324,8.70374443205607 50.573850188134,8.70400437990877 50.5744778851643)))","694568","230468","218868","449336","1143904"
"MULTIPOLYGON (((8.61523281563786 50.5747138986339,8.61624124262745 50.5749383141067,8.6169906305897 50.5745349826959,8.6167315846445 50.5739072388452,8.61572316830388 50.5736828268968,8.61497378725961 50.5740861552747,8.61523281563786 50.5747138986339)))","1886","186","0","186","2072"
"MULTIPOLYGON (((8.64033294980035 50.5711751918579,8.6413415419655 50.5713994071062,8.64209084792837 50.5709958606448,8.64183155482543 50.5703681019711,8.64082297332113 50.5701438902448,8.64007367425904 50.5705474336703,8.64033294980035 50.5711751918579)))","3606","1106","806","1912","5518"
"MULTIPOLYGON (((8.71074722701149 50.5708416385309,8.71175641941061 50.5710652877706,8.71250559689942 50.5706612111052,8.71224557513495 50.5700334882447,8.71123639343299 50.5698098425193,8.71048722279843 50.57021391614,8.71074722701149 50.5708416385309)))","446","446","0","446","892"
"MULTIPOLYGON (((8.68020847978415 50.5435400774747,8.68121701628749 50.5437639833598,8.68196595577094 50.5433599283036,8.68170635188217 50.5427319704015,8.68069782605189 50.5425080680357,8.67994889343746 50.5429121200527,8.68020847978415 50.5435400774747)))","361","161","0","161","522"
"MULTIPOLYGON (((8.73272351649299 50.5774195361535,8.73373299222969 50.577643005862,8.7344822008302 50.5772388145204,8.73422192685318 50.5766111565182,8.73321246182698 50.5763876903212,8.73246326006746 50.5767918786149,8.73272351649299 50.5774195361535)))","456","256","156","412","868"
"MULTIPOLYGON (((8.68205561220617 50.550223380308,8.68306426092346 50.5504472686549,8.68381326867762 50.5500432504668,8.68355362084547 50.5494153469717,8.68254498280422 50.5491914621435,8.6817959819192 50.5495954772918,8.68205561220617 50.550223380308)))","127","527","127","654","781"
"MULTIPOLYGON (((8.67571526155103 50.6234840531078,8.6767249137407 50.6237079625349,8.67747471839441 50.6233045482464,8.67721486397087 50.6226772275744,8.6762052224764 50.6224533216624,8.67545542471039 50.6228567329073,8.67571526155103 50.6234840531078)))","254","254","154","408","662"
"MULTIPOLYGON (((8.71373725648737 50.6245032890186,8.71474724996588 50.6247268920702,8.7154969977337 50.6243232006274,8.71523674516033 50.6236959091815,8.71422676239696 50.6234723096407,8.71347702149192 50.6238759980351,8.71373725648737 50.6245032890186)))","224313","107713","87013","194726","419039"
"MULTIPOLYGON (((8.69196770541448 50.5963188801089,8.6929771045619 50.5965426699933,8.69372658870689 50.5961389274943,8.69346666683293 50.5955113981549,8.6924572783808 50.5952876117854,8.69170780110744 50.5956913512405,8.69196770541448 50.5963188801089)))","7559","259","259","518","8077"
"MULTIPOLYGON (((8.70117575440104 50.5698601708504,8.70218485052435 50.5700838974863,8.7029340345862 50.5696798850761,8.70267411566453 50.5690521490736,8.70166503023317 50.5688284259531,8.70091585303165 50.5692324353199,8.70117575440104 50.5698601708504)))","598314","213014","190014","403028","1001342"
"MULTIPOLYGON (((8.64799911871611 50.5409465109402,8.64900734098413 50.5411706767137,8.64975630964561 50.5407668433671,8.64949704914944 50.5401388472819,8.64848883753708 50.5399146850312,8.64773987576534 50.540318515343,8.64799911871611 50.5409465109402)))","465896","281396","206496","487892","953788"
"MULTIPOLYGON (((8.69584981829306 50.6233898699884,8.69685964212461 50.6236136174628,8.69760940991604 50.623210051576,8.69734934700161 50.6225827412608,8.69633953387564 50.6223589972992,8.69558977295862 50.6227625601399,8.69584981829306 50.6233898699884)))","7196","1196","1196","2392","9588"
"MULTIPOLYGON (((8.69044519075189 50.5572173559178,8.69145401236642 50.5574411739855,8.69220308010692 50.5570371460099,8.69194331936808 50.5564093030079,8.69093450843608 50.5561854884575,8.69018544756051 50.5565895133918,8.69044519075189 50.5572173559178)))","688","288","188","476","1164"
"MULTIPOLYGON (((8.64399048363714 50.6021976267981,8.64499955518417 50.6024218000719,8.64574918744347 50.6020184618083,8.64548974125139 50.6013909533091,8.6444806803766 50.601166783555,8.64373105502179 50.6015701187804,8.64399048363714 50.6021976267981)))","3020","920","820","1740","4760"
"MULTIPOLYGON (((8.72355502626991 50.5508727297436,8.7245640403509 50.5510962840721,8.72531298105664 50.5506919599133,8.72505290083965 50.5500640844712,8.72404389745632 50.5498405336567,8.72329496359245 50.5502448547704,8.72355502626991 50.5508727297436)))","37025","5425","3625","9050","46075"
"MULTIPOLYGON (((8.6515719371002 50.5651211713543,8.65258053864917 50.5653452987266,8.65332975992442 50.5649416220589,8.6530703727587 50.5643138210558,8.65206178187457 50.5640896972046,8.65131256749146 50.5644933708354,8.6515719371002 50.5651211713543)))","146806","31706","25706","57412","204218"
"MULTIPOLYGON (((8.67689367371001 50.5399523790406,8.67790213003258 50.5401763130114,8.67865103699384 50.5397722555757,8.67839148076211 50.5391442672078,8.6773830351098 50.5389203367568,8.67663413501905 50.539324391154,8.67689367371001 50.5399523790406)))","2240","240","140","380","2620"
"MULTIPOLYGON (((8.71817657503843 50.5622256013829,8.7191857067979 50.5624491943654,8.71993477869803 50.5620449966465,8.7196747119912 50.5614172089903,8.71866559093009 50.5611936195218,8.71791652587758 50.5615978141956,8.71817657503843 50.5622256013829)))","497","897","0","897","1394"
"MULTIPOLYGON (((8.72528415876456 50.6036996089166,8.72629395042691 50.6039231276639,8.72704345418172 50.6035191916336,8.72678315942325 50.6028917399046,8.72577337847565 50.6026682246681,8.72502388157191 50.6030721576498,8.72528415876456 50.6036996089166)))","495","195","195","390","885"
"MULTIPOLYGON (((8.66243320203343 50.5492874358539,8.66344166865293 50.5495114823052,8.66419070114403 50.5491076040615,8.66393126013384 50.5484796824039,8.66292280417996 50.5482556394734,8.66217377857077 50.5486595146798,8.66243320203343 50.5492874358539)))","185","185","0","185","370"
"MULTIPOLYGON (((8.69809910284823 50.622179163869,8.69910892848257 50.6224028937461,8.69985867925724 50.6219993018032,8.69959859752506 50.6213719830296,8.69858878259708 50.6211482566651,8.69783903869504 50.6215518455617,8.69809910284823 50.622179163869)))","517","117","117","234","751"
"MULTIPOLYGON (((8.71270381372942 50.5667143376062,8.7137129633403 50.5669379727888,8.71446209311212 50.5665338501359,8.71420206642103 50.5659060953452,8.71319292750711 50.5656824636769,8.71244380458743 50.5660865832851,8.71270381372942 50.5667143376062)))","137","137","0","137","274"
"MULTIPOLYGON (((8.67043693590114 50.6240223959191,8.6714465504924 50.624246347581,8.67219637030114 50.6238429769437,8.67193656862735 50.6232156576873,8.67092696472868 50.6229917095409,8.67017715181128 50.6233950771354,8.67043693590114 50.6240223959191)))","190","390","190","580","770"
"MULTIPOLYGON (((8.73556202154819 50.5643657685245,8.73657133315739 50.5645892207386,8.73732039680582 50.5641849090454,8.73706014200859 50.5635571481857,8.73605084110738 50.5633336994835,8.73530178429551 50.5637380081292,8.73556202154819 50.5643657685245)))","254","154","0","154","408"
"MULTIPOLYGON (((8.63828734264242 50.5684398953695,8.63929587773403 50.5686641281559,8.64004515797907 50.5682605762628,8.63978589623106 50.5676327946187,8.63877737179843 50.5674085653546,8.63802809845495 50.5678121142123,8.63828734264242 50.5684398953695)))","464030","285430","184230","469660","933690"
"MULTIPOLYGON (((8.69961642158559 50.5660936802061,8.70062544997344 50.5663174209171,8.70137459646121 50.5659133915981,8.7011147077006 50.5652856246113,8.70010569000271 50.5650618874162,8.69935655037559 50.5654659136921,8.69961642158559 50.5660936802061)))","539821","232021","204421","436442","976263"
"MULTIPOLYGON (((8.7100192765337 50.628807011249,8.71102930037636 50.6290306424342,8.71177910102535 50.6286270115603,8.71151887096567 50.6279997525494,8.71050885783754 50.6277761248751,8.70975906405464 50.6281797527009,8.7100192765337 50.628807011249)))","62080","45680","25380","71060","133140"
"MULTIPOLYGON (((8.71422676239696 50.6234723096407,8.71523674516033 50.6236959091815,8.71598648097961 50.6232922062352,8.71572622717337 50.6226649067966,8.7147162551251 50.6224413107666,8.71396652616806 50.6228450106645,8.71422676239696 50.6234723096407)))","40591","17291","12891","30182","70773"
"MULTIPOLYGON (((8.70192446400266 50.6070735975585,8.7029341040554 50.6072973029078,8.70368368583533 50.6068935675106,8.7034236206954 50.60626612981,8.70241399134636 50.6060424279739,8.70166441643362 50.6064461603252,8.70192446400266 50.6070735975585)))","351228","7228","7228","14456","365684"
"MULTIPOLYGON (((8.68353288545898 50.6246477971073,8.68454262167556 50.6248716431626,8.68529242492737 50.6244681791336,8.68503248507997 50.6238408720939,8.68402275956299 50.6236170295527,8.68327296319396 50.6240204905372,8.68353288545898 50.6246477971073)))","118932","28132","25832","53964","172896"
"MULTIPOLYGON (((8.71865430715075 50.5788642787783,8.71966368317252 50.5790878611172,8.72041293248957 50.5786837861275,8.72015279893437 50.5780561318451,8.71914343361627 50.5778325530191,8.71839419114981 50.5782366249626,8.71865430715075 50.5788642787783)))","928","328","228","556","1484"
"MULTIPOLYGON (((8.73292063247094 50.5734727889815,8.7339300529113 50.5736962587236,8.73467921886537 50.5732920359423,8.73441895753905 50.5726643464666,8.73340954780812 50.5724408802362,8.73266038869415 50.5728450999699,8.73292063247094 50.5734727889815)))","320","120","0","120","440"
"MULTIPOLYGON (((8.6770719953172 50.5536791017456,8.67808065105917 50.5539030287648,8.67882970465953 50.5534990741437,8.67857009564493 50.5528711955427,8.6775614505775 50.5526472720425,8.67681240385022 50.5530512236243,8.6770719953172 50.5536791017456)))","472","272","0","272","744"
"MULTIPOLYGON (((8.69301987387591 50.6187748202744,8.69402960665466 50.6189985924333,8.69477932993462 50.6185950126744,8.69451931356058 50.6179676638021,8.69350959148449 50.6177438951566,8.6927598750799 50.6181474718701,8.69301987387591 50.6187748202744)))","405","205","105","310","715"
"MULTIPOLYGON (((8.68741879724341 50.5565458525006,8.68842758318996 50.5567696951751,8.68917664912034 50.5563656847792,8.68891692223744 50.5557378347497,8.6879081469716 50.555513995593,8.68715908790808 50.555918002948,8.68741879724341 50.5565458525006)))","636","136","0","136","772"
"MULTIPOLYGON (((8.72742029353026 50.6309494503512,8.72843049763785 50.6311729405555,8.72918029008924 50.6307691956098,8.72891987157817 50.6301419635102,8.72790967819479 50.6299184768148,8.7271598925984 50.63032221871,8.72742029353026 50.6309494503512)))","957","457","157","614","1571"
"MULTIPOLYGON (((8.68254498280422 50.5491914621435,8.68355362084547 50.5494153469717,8.68430261668231 50.5490113172866,8.68404296760944 50.5483834058131,8.6830343402442 50.5481595245036,8.68228535127592 50.5485635511489,8.68254498280422 50.5491914621435)))","208","108","0","108","316"
"MULTIPOLYGON (((8.71901650243791 50.6239629379182,8.72002653338661 50.6241864986985,8.72077626588921 50.623782763599,8.72051596058406 50.6231554707683,8.71950594035309 50.6229319134982,8.71875621470966 50.6233356455486,8.71901650243791 50.6239629379182)))","391","191","0","191","582"
"MULTIPOLYGON (((8.72596150803556 50.6163847701198,8.72697148892067 50.6166082781475,8.7277211275957 50.616204433428,8.72746077853267 50.6155770837303,8.7264508083665 50.6153535792126,8.72570117654458 50.6157574208826,8.72596150803556 50.6163847701198)))","716","216","0","216","932"
"MULTIPOLYGON (((8.63632709429648 50.5725650205853,8.6373356720247 50.5727892674611,8.6380849999338 50.5723857615817,8.63782574321113 50.5717580118621,8.63681717614216 50.5715337685086,8.63606785513671 50.5719372713525,8.63632709429648 50.5725650205853)))","534","434","0","434","968"
"MULTIPOLYGON (((8.65471220281 50.5549852241409,8.65572068518782 50.5552093303543,8.65646979233467 50.5548055532164,8.65621041021572 50.5541776729018,8.65520193850127 50.5539535702097,8.65445283824251 50.554357344311,8.65471220281 50.5549852241409)))","20935","13635","13235","26870","47805"
"MULTIPOLYGON (((8.72578286698448 50.5850030587641,8.72679239276676 50.5852265812156,8.72754169511046 50.5848224994418,8.7272814648249 50.584194898264,8.72627194975187 50.5839713793244,8.72552265425526 50.5843754580507,8.72578286698448 50.5850030587641)))","2083","583","483","1066","3149"
"MULTIPOLYGON (((8.67081982652132 50.5562825238512,8.67182846608812 50.5565065000811,8.67257755865094 50.5561026120693,8.67231800476933 50.5554747508665,8.67130937587464 50.5552507781562,8.67056029018954 50.5556546631292,8.67081982652132 50.5562825238512)))","584127","213827","194927","408754","992881"
"MULTIPOLYGON (((8.67090840047953 50.5631445564088,8.67191713978277 50.5633685291577,8.67266630569457 50.5629646925639,8.67240672542419 50.5623368862604,8.67139799679519 50.5621129170306,8.67064883776241 50.5625167505852,8.67090840047953 50.5631445564088)))","575","975","0","975","1550"
"MULTIPOLYGON (((8.71573129820421 50.5673852185241,8.71674048345642 50.5676088290764,8.71748961500083 50.567204688837,8.7172295544429 50.5665769410906,8.71622037988936 50.5663533340523,8.71547125519522 50.5667574712465,8.71573129820421 50.5673852185241)))","4753","453","153","606","5359"
"MULTIPOLYGON (((8.66077314438107 50.6161809195417,8.66178256246087 50.6164049521573,8.66253231518404 50.6160015943502,8.66227264293144 50.6153742069687,8.66126323553686 50.6151501778702,8.66051348970983 50.6155535326361,8.66077314438107 50.6161809195417)))","4959","1659","1159","2818","7777"
"MULTIPOLYGON (((8.65840206715692 50.5683491411604,8.65941077402557 50.5685732123365,8.66016001783228 50.5681695089798,8.65990054788215 50.567541737485,8.65889185168284 50.5673176698291,8.65814261476443 50.5677213701479,8.65840206715692 50.5683491411604)))","211848","13248","10048","23296","235144"
"MULTIPOLYGON (((8.71027145093832 50.5542014411709,8.71128039916142 50.5544251010083,8.71202939926543 50.5540209016102,8.71176944429522 50.5533930454183,8.71076050676399 50.5531693890961,8.71001151351122 50.5535735854507,8.71027145093832 50.5542014411709)))","2128","128","128","256","2384"
"MULTIPOLYGON (((8.68781790677383 50.5486509417872,8.68882658229711 50.5488747844395,8.68957556298073 50.5484707111438,8.68931586127614 50.5478427982363,8.68830719643142 50.547618959102,8.68755822261281 50.5480230293573,8.68781790677383 50.5486509417872)))","279","179","0","179","458"
"MULTIPOLYGON (((8.73907265388936 50.5816749538573,8.74008224546397 50.5818983707106,8.74083148825945 50.5814941641264,8.74057113264272 50.5808665437378,8.73956155178317 50.5806431303951,8.73881231582537 50.5810473339304,8.73907265388936 50.5816749538573)))","6551","451","0","451","7002"
"MULTIPOLYGON (((8.64586503488968 50.5912158537567,8.64687396395285 50.5914400164353,8.64762347506991 50.5910365806933,8.64736405022278 50.5904089853105,8.64635513182944 50.5901848261521,8.64560562761352 50.5905882588563,8.64586503488968 50.5912158537567)))","218","118","118","236","454"
"MULTIPOLYGON (((8.74297832915842 50.5910886323085,8.7439880901694 50.5913120138345,8.74473742685284 50.590907849485,8.74447699568853 50.5902803066595,8.74346724539757 50.5900569286431,8.74271791555102 50.5904610899426,8.74297832915842 50.5910886323085)))","347","147","0","147","494"
"MULTIPOLYGON (((8.66116533513358 50.5484354576973,8.66217377857077 50.5486595146798,8.66292280417996 50.5482556394734,8.66266337946957 50.5476277103217,8.6616549466971 50.5474036568602,8.66090592797042 50.5478075290295,8.66116533513358 50.5484354576973)))","451","151","151","302","753"
"MULTIPOLYGON (((8.67542572330681 50.6205713215749,8.67643533088271 50.6207952345351,8.67718510476776 50.6203918002769,8.67692526418969 50.6197644561021,8.67591566730794 50.6195405466572,8.67516590031024 50.619943977872,8.67542572330681 50.6205713215749)))","51457","10957","10657","21614","73071"
"MULTIPOLYGON (((8.6731763695031 50.6217815546432,8.6741859752421 50.6220054851965,8.67493576611967 50.6216020769949,8.6746759443693 50.6209747412832,8.67366634932366 50.6207508142454,8.67291656533515 50.6211542194038,8.6731763695031 50.6217815546432)))","233015","177015","93115","270130","503145"
"MULTIPOLYGON (((8.70268930964406 50.6266140876918,8.7036992388435 50.6268377787863,8.70444902904937 50.6264341861607,8.70418888318545 50.625806905488,8.70317896469612 50.6255832179055,8.70242918136071 50.6259868074838,8.70268930964406 50.6266140876918)))","75317","71917","43817","115734","191051"
"MULTIPOLYGON (((8.641600833813 50.5720271577984,8.64260944918538 50.5722513625152,8.64335876204832 50.5718478130178,8.64309945263895 50.5712200618398,8.64209084792837 50.5709958606448,8.6413415419655 50.5713994071062,8.641600833813 50.5720271577984)))","6700","1300","800","2100","8800"
"MULTIPOLYGON (((8.71158065719085 50.6325704538639,8.71259074889156 50.6327940709106,8.71334058717226 50.6323904569488,8.71308032688652 50.6317632289891,8.71207024590229 50.631539615453,8.71132041448742 50.631943226366,8.71158065719085 50.6325704538639)))","29985","1985","1285","3270","33255"
"MULTIPOLYGON (((8.71578828555231 50.6272359948339,8.7167983361637 50.6274595802365,8.71754810960494 50.6270558941999,8.71728782557292 50.6264286258097,8.71627778567854 50.6262050439175,8.71552801909929 50.6266087269052,8.71578828555231 50.6272359948339)))","105110","31110","25210","56320","161430"
"MULTIPOLYGON (((8.61486302677264 50.5649393315962,8.61587130957559 50.565163753958,8.61662059340592 50.5647603511084,8.61636158751712 50.5641325289291,8.61535331535998 50.5639081100924,8.61460403844595 50.5643115099099,8.61486302677264 50.5649393315962)))","558790","283690","170590","454280","1013070"
"MULTIPOLYGON (((8.6571675307234 50.609682753667,8.65817682384852 50.6099068179444,8.6589265131826 50.6095034377801,8.65866690249446 50.6088759963789,8.65765762005071 50.6086519356193,8.65690793761388 50.6090553127433,8.6571675307234 50.609682753667)))","375223","163323","103623","266946","642169"
"MULTIPOLYGON (((8.66183028231969 50.5611284327225,8.66283891450409 50.5613524792574,8.66358807488271 50.5609486953953,8.66332859619245 50.5603208680363,8.66231997467699 50.5600968250216,8.66157082118299 50.5605006058458,8.66183028231969 50.5611284327225)))","13020","1120","820","1940","14960"
"MULTIPOLYGON (((8.62491837370273 50.564896312134,8.62592674253951 50.5651206537477,8.62667600829149 50.5647171751792,8.62641689829715 50.5640893580306,8.62540854011139 50.5638650199408,8.62465928126907 50.5642684954758,8.62491837370273 50.564896312134)))","559756","273856","174256","448112","1007868"
"MULTIPOLYGON (((8.70744313713861 50.5495826582628,8.7084519944946 50.5498063427205,8.70920095019841 50.5494021294626,8.70894104169414 50.54877423479,8.70793219502711 50.5485505538482,8.70718324617555 50.5489547640631,8.70744313713861 50.5495826582628)))","380","180","180","360","740"
"MULTIPOLYGON (((8.65831471966684 50.5614878215959,8.65932332680472 50.5617118962417,8.66007249724664 50.5613081414559,8.65981305366383 50.5606803150619,8.65880445719319 50.5604562439366,8.65805529363824 50.5608599956849,8.65831471966684 50.5614878215959)))","37036","8036","7036","15072","52108"
"MULTIPOLYGON (((8.70698927642972 50.6281360683569,8.70799926455997 50.62835972421,8.70874906342456 50.6279561109369,8.70848886729113 50.6273288448586,8.70747888987369 50.6271051925168,8.70672909787703 50.6275088027421,8.70698927642972 50.6281360683569)))","356194","205194","126994","332188","688382"
"MULTIPOLYGON (((8.64900720456242 50.581084095401,8.65001601438933 50.5813082369362,8.65076541129851 50.5809047006912,8.65050599148389 50.5802770259485,8.64949719232538 50.5800528879337,8.6487478023132 50.5804564211413,8.64900720456242 50.581084095401)))","544556","260056","167656","427712","972268"
"MULTIPOLYGON (((8.70334665157023 50.5441119291236,8.70435539491047 50.544335648738,8.70510429936219 50.5439314246615,8.70484445361988 50.5433034840127,8.70383572096484 50.5430797679148,8.70308682336699 50.5434839889493,8.70334665157023 50.5441119291236)))","733","133","0","133","866"
"MULTIPOLYGON (((8.70522949685623 50.6283159971355,8.70623947248482 50.6285396670775,8.70698927642972 50.6281360683569,8.70672909787703 50.6275088027421,8.70571913296037 50.6272851363117,8.70496933588466 50.6276887319846,8.70522949685623 50.6283159971355)))","38237","2737","2337","5074","43311"
"MULTIPOLYGON (((8.66224337829083 50.6130886360366,8.66325276431516 50.6133126581008,8.66400248123162 50.6129092657731,8.66374280522926 50.6122818544223,8.66273342988995 50.6120578358751,8.66198371986811 50.6124612251617,8.66224337829083 50.6130886360366)))","324139","212639","126539","339178","663317"
"MULTIPOLYGON (((8.68908628276276 50.5495026893687,8.69009498145591 50.5497265214794,8.69084396900386 50.549322445143,8.69058425099444 50.5486945397366,8.68957556298073 50.5484707111438,8.68882658229711 50.5488747844395,8.68908628276276 50.5495026893687)))","543","343","0","343","886"
"MULTIPOLYGON (((8.6870388693553 50.5467671890191,8.68804751103104 50.5469910386939,8.68879647293234 50.5465869569424,8.68853678629282 50.5459590285562,8.68752815529465 50.5457351823997,8.6867792002585 50.546139261111,8.6870388693553 50.5467671890191)))","579","179","0","179","758"
"MULTIPOLYGON (((8.7041112119628 50.5636694092702,8.7051202439355 50.5638931148137,8.70586935643609 50.5634890334192,8.70560943010691 50.5628612495248,8.70460040882573 50.5626375474968,8.70385130318234 50.5630416258478,8.7041112119628 50.5636694092702)))","6780","1080","780","1860","8640"
"MULTIPOLYGON (((8.64848818867144 50.5997775021247,8.64949726397466 50.6000016402317,8.65024686232647 50.5995982498651,8.64998737847416 50.5989707244301,8.64897831384481 50.5987465898425,8.64822872239402 50.5991499771705,8.64848818867144 50.5997775021247)))","3475","175","0","175","3650"
"MULTIPOLYGON (((8.66995275518521 50.5475360806946,8.67096126118774 50.5477600674126,8.67171026162512 50.5473561195267,8.67145074918348 50.546728187961,8.67044225384992 50.5465042047632,8.66969326028911 50.5469081496109,8.66995275518521 50.5475360806946)))","502","102","0","102","604"
"MULTIPOLYGON (((8.71344606882082 50.6215903971897,8.71445601766297 50.6218140037978,8.71520573467227 50.6214102923965,8.71494549597711 50.6207829774354,8.71393555784904 50.6205593743384,8.71318584770219 50.6209630826914,8.71344606882082 50.6215903971897)))","359547","154247","124947","279194","638741"
"MULTIPOLYGON (((8.70244476821073 50.5707116255062,8.70345388751163 50.5709353415875,8.70420307843318 50.5705313261337,8.70394314319427 50.5699035976423,8.7029340345862 50.5696798850761,8.70218485052435 50.5700838974863,8.70244476821073 50.5707116255062)))","608744","244944","214044","458988","1067732"
"MULTIPOLYGON (((8.66926268382366 50.5525152821341,8.67027125568395 50.5527392723974,8.67102031065848 50.5523353674657,8.67076078689477 50.551707475309,8.66975222570458 50.5514834885656,8.6690031776081 50.5518873904591,8.66926268382366 50.5525152821341)))","472","272","172","444","916"
"MULTIPOLYGON (((8.72725918839886 50.5642376426412,8.72826842703341 50.5644611617235,8.72901750421239 50.5640569112439,8.72875733591496 50.5634291447283,8.72774810798408 50.5632056291588,8.72699903764711 50.5636098765921,8.72725918839886 50.5642376426412)))","129","129","129","258","387"
"MULTIPOLYGON (((8.67053077820244 50.5533671565754,8.67153937324392 50.5535911363028,8.6722884350958 50.5531872283326,8.67202889502892 50.5525593436734,8.67102031065848 50.5523353674657,8.67027125568395 50.5527392723974,8.67053077820244 50.5533671565754)))","1435","435","135","570","2005"
"MULTIPOLYGON (((8.64292417647123 50.5974016100701,8.64393316955492 50.5976257938696,8.6446827522247 50.5972224271625,8.64442333490668 50.5965948796936,8.64341435249325 50.5963706994142,8.6426647767277 50.5967740630836,8.64292417647123 50.5974016100701)))","1093","293","0","293","1386"
"MULTIPOLYGON (((8.66429149348751 50.6158222405374,8.66530093664818 50.6160462450071,8.66605067928814 50.6156428581029,8.66579097187382 50.6150154697709,8.66478153940005 50.614791468818,8.66403180365386 50.6151948526805,8.66429149348751 50.6158222405374)))","173293","123493","75993","199486","372779"
"MULTIPOLYGON (((8.67297830887795 50.5482080162599,8.67398685056478 50.5484319783888,8.67473585283811 50.5480280129284,8.67447630655003 50.5474000883777,8.67346777553393 50.5471761297686,8.67271878013532 50.5475800921905,8.67297830887795 50.5482080162599)))","221","121","0","121","342"
"MULTIPOLYGON (((8.72022599888356 50.5649602820735,8.72123518767224 50.5651838574522,8.72198428519504 50.564779665138,8.72172418708244 50.5641519004907,8.72071500899401 50.5639283286256,8.71996591831804 50.5643325178942,8.72022599888356 50.5649602820735)))","791","291","0","291","1082"
"MULTIPOLYGON (((8.71627778567854 50.6262050439175,8.71728782557292 50.6264286258097,8.71803758706428 50.6260249282694,8.71777730179999 50.6253976518859,8.71676727262262 50.6251740735041,8.7160175179927 50.6255777679955,8.71627778567854 50.6262050439175)))","740","240","0","240","980"
"MULTIPOLYGON (((8.666138857891 50.6224991789662,8.6671484134876 50.6227231658269,8.66789822455936 50.6223198158251,8.6676384731407 50.6216924820049,8.66662892823402 50.6214684986604,8.66587912405614 50.6218718456199,8.666138857891 50.6224991789662)))","413","213","0","213","626"
"MULTIPOLYGON (((8.69223989258539 50.6168927595474,8.69324959144839 50.6171165387611,8.69399929591076 50.616712950543,8.69373929463474 50.6160855861565,8.69272960647344 50.6158618104564,8.6919799088866 50.6162653956293,8.69223989258539 50.6168927595474)))","751","151","0","151","902"
"MULTIPOLYGON (((8.6907534473788 50.5424587535657,8.69176205883179 50.5426825751094,8.69251096801235 50.5422784328385,8.69225125887822 50.5416504720644,8.69124265810343 50.5414266540388,8.69049375578472 50.5418307932693,8.6907534473788 50.5424587535657)))","146","146","0","146","292"
"MULTIPOLYGON (((8.70898886452589 50.5710220373424,8.70999804444756 50.5712457006543,8.71074722701149 50.5708416385309,8.71048722279843 50.57021391614,8.70947805357306 50.5699902563425,8.70872887786459 50.5703943154215,8.70898886452589 50.5710220373424)))","407","307","307","614","1021"
"MULTIPOLYGON (((8.65379191414757 50.5815770585224,8.65480077226124 50.5818011614,8.65555016601115 50.5813975930339,8.65529069475357 50.5807699248283,8.65428184731092 50.5805458254706,8.65353246045494 50.5809493907985,8.65379191414757 50.5815770585224)))","13967","3367","2667","6034","20001"
"MULTIPOLYGON (((8.6615673047468 50.5405402966877,8.6625756378429 50.5407643536018,8.66332457821971 50.5403604154806,8.66306517861983 50.5397324234819,8.66205685618629 50.5395083700893,8.6613079226902 50.5399123051739,8.6615673047468 50.5405402966877)))","16499","399","299","698","17197"
"MULTIPOLYGON (((8.62471530118299 50.5688422092231,8.62572372518617 50.569066550885,8.6264730335853 50.568663103795,8.62621391107079 50.5680353180769,8.62520549771972 50.5678109799388,8.62445619623118 50.5682144239951,8.62471530118299 50.5688422092231)))","3849","849","749","1598","5447"
"MULTIPOLYGON (((8.69858878259708 50.6211482566651,8.69959859752506 50.6213719830296,8.70034833635492 50.620968379582,8.70008825338475 50.6203410528164,8.69907844916305 50.6201173299647,8.69832871720536 50.6205209303659,8.69858878259708 50.6211482566651)))","397","397","197","594","991"
"MULTIPOLYGON (((8.68844996115959 50.596678699476,8.68945933529491 50.5969025175097,8.69020882956432 50.5964988041026,8.6899489428245 50.5958712757056,8.68893957938277 50.5956474611871,8.68819009198738 50.5960511715506,8.68844996115959 50.596678699476)))","1429509","131609","85109","216718","1646227"
"MULTIPOLYGON (((8.71334058717226 50.6323904569488,8.71435069136987 50.6326140599037,8.71510052456425 50.6322104313883,8.71484024669655 50.631583202967,8.7138301532163 50.6313596035226,8.71308032688652 50.6317632289891,8.71334058717226 50.6323904569488)))","64454","96854","50854","147708","212162"
"MULTIPOLYGON (((8.72354497950322 50.5685461445423,8.72455424849084 50.5687696917514,8.72530337848129 50.568365501795,8.72504323263888 50.5677377676757,8.7240339743543 50.5675142239796,8.72328485120918 50.5679184108898,8.72354497950322 50.5685461445423)))","462","462","262","724","1186"
"MULTIPOLYGON (((8.70455587204769 50.6156334952365,8.70556565844584 50.6158571758693,8.70631532740409 50.615453485801,8.7060552030972 50.6148261181468,8.70504542740673 50.6146024410264,8.7042957653156 50.6150061280479,8.70455587204769 50.6156334952365)))","19454","3754","2054","5808","25262"
"MULTIPOLYGON (((8.71862042156701 50.6318502943289,8.71963056324446 50.6320738550055,8.72038038117119 50.631670182829,8.72012005055965 50.6310429530254,8.71910991960211 50.6308193958587,8.71836010853639 50.6312230649856,8.71862042156701 50.6318502943289)))","13790","590","590","1180","14970"
"MULTIPOLYGON (((8.63292909650776 50.5621168687199,8.6339374942584 50.5623411470963,8.63468671616371 50.5619375873721,8.63442753341464 50.5613097523059,8.6334191463183 50.5610854774529,8.63266993131684 50.5614890341427,8.63292909650776 50.5621168687199)))","1602","102","0","102","1704"
"MULTIPOLYGON (((8.6627218834752 50.5522029214009,8.66373039461024 50.5524269643614,8.66447945781105 50.5520231060779,8.66422000299465 50.5513952078714,8.66321150252625 50.5511711684315,8.66246244620772 50.5515750236775,8.6627218834752 50.5522029214009)))","711","311","111","422","1133"
"MULTIPOLYGON (((8.61797127762073 50.5724727896745,8.61897969588215 50.5726971840513,8.61972905502132 50.5722938150907,8.61946998898343 50.5716660547863,8.61846158137175 50.5714416639338,8.61771222914831 50.5718450298614,8.61797127762073 50.5724727896745)))","0","150","0","150","150"
"MULTIPOLYGON (((8.67139799679519 50.5621129170306,8.67240672542419 50.5623368862604,8.67315587941639 50.5619330381669,8.67289629790115 50.561305223883,8.67188757994632 50.5610812581722,8.67113843283267 50.5614851032265,8.67139799679519 50.5621129170306)))","0","1597","0","1597","1597"
"MULTIPOLYGON (((8.64154589933746 50.5474961265438,8.64255416047098 50.5477203415476,8.64330321061569 50.5473166062666,8.64304399273172 50.5466886590165,8.64203574225253 50.546464447536,8.6412866990031 50.5468681797824,8.64154589933746 50.5474961265438)))","0","106","0","106","106"
"MULTIPOLYGON (((8.73975234311585 50.5943643355639,8.74076212383189 50.5945877417065,8.741511501449 50.5941836263962,8.74125109151051 50.5935561079933,8.74024132151381 50.5933327053605,8.73949195073637 50.5937368176209,8.73975234311585 50.5943643355639)))","0","689","189","878","878"
"MULTIPOLYGON (((8.6849916384326 50.5440315791975,8.68600022309451 50.5442554464325,8.68674915934881 50.543851359265,8.68648950407533 50.5432234079025,8.6854809300891 50.5429995441862,8.68473200070075 50.5434036283138,8.6849916384326 50.5440315791975)))","0","591","0","591","591"
"MULTIPOLYGON (((8.6854809300891 50.5429995441862,8.68648950407533 50.5432234079025,8.68723842841393 50.5428193092391,8.68697877190093 50.5421913498992,8.6859702085903 50.5419674897016,8.68522129111715 50.5423715853252,8.6854809300891 50.5429995441862)))","0","149","0","149","149"
"MULTIPOLYGON (((8.61327127319506 50.5788379907045,8.61427974278122 50.5790624202753,8.61502917839887 50.5786591348892,8.61477013751042 50.5780314229654,8.6137616785735 50.5778069969192,8.61301224987591 50.5782102792723,8.61327127319506 50.5788379907045)))","0","236","136","372","372"
"MULTIPOLYGON (((8.62275438329307 50.5729669315071,8.62376284990526 50.5731912872641,8.62451220595891 50.5727878861927,8.62425308848777 50.5721601323981,8.62324463252791 50.5719357801648,8.62249528338698 50.5723391782026,8.62275438329307 50.5729669315071)))","0","256","256","512","512"
"MULTIPOLYGON (((8.68294458997545 50.5412958599211,8.68395311762713 50.5415197447122,8.68470202823416 50.5411156521282,8.68444240432282 50.5404876777924,8.68343388734494 50.5402637965203,8.68268498360469 50.540667886065,8.68294458997545 50.5412958599211)))","0","182","0","182","182"
"MULTIPOLYGON (((8.68752815529465 50.5457351823997,8.68853678629282 50.5459590285562,8.68928573627707 50.5455549353085,8.68902604839861 50.5449269989446,8.68801742807796 50.5447031563063,8.68726848495832 50.5451072465138,8.68752815529465 50.5457351823997)))","0","158","0","158","158"
"MULTIPOLYGON (((8.6774722340709 50.5457841284793,8.6784807794209 50.5460080554586,8.67922974777935 50.5456040379314,8.67897016391661 50.5449760964641,8.67796162923891 50.5447521730043,8.67721266775176 50.5451561874925,8.6774722340709 50.5457841284793)))","0","150","150","300","300"
"MULTIPOLYGON (((8.69435936378563 50.5489618708995,8.69536809994179 50.5491856608286,8.69611707231976 50.5487815408806,8.69585730168097 50.5481536340449,8.69484857620684 50.5479298476331,8.69409961068963 50.5483339645398,8.69435936378563 50.5489618708995)))","0","128","0","128","128"
"MULTIPOLYGON (((8.72803967083904 50.5661209097926,8.72904894333973 50.566344421825,8.72979803929131 50.5659401797938,8.72953785590044 50.5653124287767,8.72852859410438 50.5650889202569,8.72777950499469 50.5654931592415,8.72803967083904 50.5661209097926)))","0","141","0","141","141"
"MULTIPOLYGON (((8.72322321033313 50.6186273714797,8.72423320017603 50.6188509006182,8.72498286784201 50.6184470934537,8.72472253880983 50.6178197602001,8.72371255968518 50.6175962345717,8.72296289887455 50.6180000386869,8.72322321033313 50.6186273714797)))","0","139","0","139","139"
"MULTIPOLYGON (((8.69202176672814 50.5433105279062,8.69303040134548 50.5435343389094,8.69377931738727 50.5431301935979,8.69351959195062 50.5425022403238,8.69251096801235 50.5422784328385,8.69176205883179 50.5426825751094,8.69202176672814 50.5433105279062)))","0","334","0","334","334"
"MULTIPOLYGON (((8.72723183675504 50.6172356198535,8.7282418408369 50.6174591173002,8.72899148636439 50.6170552695311,8.72873112095768 50.616427927365,8.7277211275957 50.616204433428,8.72697148892067 50.6166082781475,8.72723183675504 50.6172356198535)))","0","129","0","129","129"
"MULTIPOLYGON (((8.69280092054767 50.5451943553411,8.69380958900941 50.5454181593208,8.69455852382927 50.5450140224638,8.69429878332646 50.544386084668,8.69329012554476 50.544162284206,8.69254119758596 50.5445664180222,8.69280092054767 50.5451943553411)))","0","111","0","111","111"
"MULTIPOLYGON (((8.67411245290024 50.5775385489062,8.67512142744813 50.5777624900622,8.67587074193677 50.5773587387324,8.67561107499791 50.576731049287,8.67460211113032 50.5765071116489,8.67385280352144 50.5769108599383,8.67411245290024 50.5775385489062)))","730867","13867","29267","43134","774001"
"MULTIPOLYGON (((8.7145179916967 50.6263851309222,8.71552801909929 50.6266087269052,8.71627778567854 50.6262050439175,8.7160175179927 50.6255777679955,8.71500750130623 50.6253541755232,8.71425774158961 50.6257578554623,8.7145179916967 50.6263851309222)))","171131","37331","38531","75862","246993"
"MULTIPOLYGON (((8.65436882086651 50.5874052682956,8.65537776808772 50.5876293641695,8.65612722332125 50.5872258357414,8.65586772443897 50.5865982144781,8.65485878789089 50.5863741221238,8.65410933955205 50.5867776475133,8.65436882086651 50.5874052682956)))","1429522","155922","264422","420344","1849866"
"MULTIPOLYGON (((8.6965387934351 50.6184151764416,8.69754855123272 50.6186389204351,8.69829826437409 50.6182353115755,8.69803821284496 50.6176079617684,8.69702846575172 50.617384221288,8.69627875948333 50.6177878271017,8.6965387934351 50.6184151764416)))","3199","0","299","299","3498"
"MULTIPOLYGON (((8.62218032921363 50.5671379163828,8.62318870679071 50.5673622790915,8.62393800136803 50.5669588380686,8.62367891145638 50.5663310373704,8.62267054452958 50.5661066781859,8.62192125686421 50.5665101161755,8.62218032921363 50.5671379163828)))","51386","6786","7186","13972","65358"
"MULTIPOLYGON (((8.64943947925925 50.5555240653847,8.65044792405011 50.5557482137523,8.65119704626903 50.5553444802245,8.65093771680551 50.5547166013652,8.64992928267548 50.5544924565194,8.64918016734825 50.5548961870112,8.64943947925925 50.5555240653847)))","2014","214","314","528","2542"
"MULTIPOLYGON (((8.68007697184751 50.5720213686415,8.68108591801279 50.5722452640802,8.68183516278111 50.5718414261647,8.68157545450951 50.5712136958514,8.68056651902589 50.5709898039303,8.67981728113232 50.5713936388049,8.68007697184751 50.5720213686415)))","541039","8039","34739","42778","583817"
"MULTIPOLYGON (((8.69077067182633 50.6199854898452,8.69178040279481 50.6202092795998,8.69253014308458 50.6198057258961,8.69227014552888 50.6191783854831,8.69126042526229 50.6189545992421,8.69051069184962 50.6193581499006,8.69077067182633 50.6199854898452)))","1374","274","574","848","2222"
"MULTIPOLYGON (((8.70406630350876 50.6166645299522,8.70507610061467 50.6168882140973,8.70582578151697 50.6164845355325,8.70556565844584 50.6158571758693,8.70455587204769 50.6156334952365,8.70380619801304 50.6160371707546,8.70406630350876 50.6166645299522)))","1429508","285408","318308","603716","2033224"
"MULTIPOLYGON (((8.65782496897432 50.5625193797745,8.65883358677946 50.5627434579409,8.65958276913839 50.5623397146557,8.65932332680472 50.5617118962417,8.65831471966684 50.5614878215959,8.65756554419547 50.5618915618436,8.65782496897432 50.5625193797745)))","896401","215101","225601","440702","1337103"
"MULTIPOLYGON (((8.67435679729508 50.6157763589471,8.67536632634718 50.6160002824841,8.67611605064059 50.6155968197939,8.67585623899489 50.6149694366096,8.67484672063489 50.6147455165883,8.6740970032286 50.6151489762356,8.67435679729508 50.6157763589471)))","7033","1433","2033","3466","10499"
"MULTIPOLYGON (((8.66022150733692 50.5926947379227,8.66123058129238 50.5929187845928,8.66198008291716 50.5925152524726,8.66172050369472 50.5918876767221,8.66071144041697 50.5916636335706,8.6599619456841 50.592067162651,8.66022150733692 50.5926947379227)))","579750","13350","152750","166100","745850"
"MULTIPOLYGON (((8.70001423475375 50.5581995240921,8.70102315266191 50.5584232648087,8.70177221388219 50.5580191725933,8.70151235033556 50.5573913427039,8.70050344311515 50.5571676055036,8.69975438875372 50.5575716946764,8.70001423475375 50.5581995240921)))","453","153","453","606","1059"
"MULTIPOLYGON (((8.64206021412655 50.5886604952759,8.64306907353583 50.5888846895726,8.64381856394763 50.5884812629432,8.64355918804723 50.5878536450544,8.64255033930505 50.5876294542784,8.64180085579634 50.5880328778707,8.64206021412655 50.5886604952759)))","258695","3995","24795","28790","287485"
"MULTIPOLYGON (((8.69568471101141 50.5920136772019,8.69669407987809 50.5922374389522,8.69744351121972 50.5918336359013,8.6971835668265 50.5912060741442,8.69617420865569 50.5909823159085,8.69542478418238 50.5913861159154,8.69568471101141 50.5920136772019)))","30341","741","2541","3282","33623"
"MULTIPOLYGON (((8.67066106202286 50.6024206875435,8.6716703662584 50.602644646295,8.67241995374577 50.6022411098169,8.67216023011082 50.6016136176291,8.67115093656141 50.6013896623944,8.67040135596096 50.6017931958309,8.67066106202286 50.6024206875435)))","60182","582","4282","4864","65046"
"MULTIPOLYGON (((8.72490830925931 50.5762591539021,8.72591770127529 50.576482686983,8.72666691146561 50.576078545368,8.72640672279412 50.5754508737189,8.72539734148426 50.5752273441504,8.72464813813988 50.5756314827186,8.72490830925931 50.5762591539021)))","464","164","264","428","892"
"MULTIPOLYGON (((8.67531429343533 50.5538591007525,8.67632293667266 50.5540830418294,8.6770719953172 50.5536791017456,8.67681240385022 50.5530512236243,8.67580377128659 50.5528272860666,8.67505471951633 50.5532312231111,8.67531429343533 50.5538591007525)))","183","0","483","483","666"
"MULTIPOLYGON (((8.63010673862708 50.5574976154971,8.63111504546049 50.5577219183969,8.63186422283121 50.5573183447698,8.63160508646387 50.5566904712767,8.63059679028191 50.5564661719008,8.62984761981598 50.5568697424942,8.63010673862708 50.5574976154971)))","2905","0","205","205","3110"
"MULTIPOLYGON (((8.64572248414473 50.5598298025291,8.6467309590435 50.5600539790354,8.64748013393721 50.5596503060485,8.64722082703731 50.5590224595911,8.64621236279877 50.5587982866067,8.64546319480004 50.5592019565579,8.64572248414473 50.5598298025291)))","1429548","8448","49048","57496","1487044"
"MULTIPOLYGON (((8.64056617401674 50.5495594261271,8.64157445645903 50.5497836481773,8.64232353042222 50.5493799358971,8.6420643150469 50.5487520046013,8.64105604325902 50.5485277860743,8.64030697619218 50.54893149532,8.64056617401674 50.5495594261271)))","6162","662","1962","2624","8786"
"MULTIPOLYGON (((8.69655567340256 50.6007552475258,8.69756517604684 50.6009789986769,8.69831469960892 50.6005752555022,8.69805471365733 50.5999477642212,8.69704522171204 50.5997240165841,8.69629570501946 50.6001277567141,8.69655567340256 50.6007552475258)))","988901","38501","162001","200502","1189403"
"MULTIPOLYGON (((8.61891539340936 50.5880741947571,8.61992404496467 50.5882985752661,8.62067356976126 50.5878953177059,8.62041443608443 50.587267682671,8.61940579518409 50.5870433056854,8.61865627730575 50.5874465602114,8.61891539340936 50.5880741947571)))","39787","987","1187","2174","41961"
"MULTIPOLYGON (((8.65229137229252 50.5424711060022,8.65329965345268 50.5426952366808,8.65404863087003 50.5422913827294,8.65378932024011 50.5416634011349,8.65278104973828 50.5414392739786,8.65203207920815 50.5418431248946,8.65229137229252 50.5424711060022)))","52013","5413","6113","11526","63539"
"MULTIPOLYGON (((8.70689705919244 50.6212795671745,8.70790694734135 50.6215032266225,8.70865667273464 50.6210995619235,8.70839650311243 50.6204722408239,8.70738662567412 50.6202485848877,8.70663690714752 50.6206522465393,8.70689705919244 50.6212795671745)))","7264","764","1364","2128","9392"
"MULTIPOLYGON (((8.66269646864498 50.5698731331695,8.66370523443187 50.5700971692113,8.6644544869788 50.5696934452382,8.66419496685317 50.569065688262,8.66318621173832 50.5688416557398,8.66243696607718 50.5692453766743,8.66269646864498 50.5698731331695)))","431521","14021","52621","66642","498163"
"MULTIPOLYGON (((8.66376382573242 50.5746709738151,8.66477266993287 50.5748949993343,8.66552197201522 50.5744913037878,8.66526242301118 50.5738635857611,8.66425358948479 50.573639563761,8.66350429428845 50.5740432562685,8.66376382573242 50.5746709738151)))","1293658","76758","135558","212316","1505974"
"MULTIPOLYGON (((8.72508653424554 50.6076445937739,8.72609638124382 50.6078681124768,8.72684592768283 50.6074642078985,8.72658562027169 50.6068367876664,8.72557578398925 50.6066132724741,8.7248262444022 50.6070171740034,8.72508653424554 50.6076445937739)))","2511","0","111","111","2622"
"MULTIPOLYGON (((8.67213064610081 50.5993275536201,8.67313991827815 50.5995515018211,8.67388946996737 50.5991479308301,8.67362974259399 50.5985204146797,8.67262048110255 50.5982964699956,8.67187093629869 50.598700037945,8.67213064610081 50.5993275536201)))","915300","17200","43200","60400","975700"
"MULTIPOLYGON (((8.66852462695214 50.5928281845459,8.66953377423896 50.5930521644023,8.67028326259329 50.5926485710649,8.6700235967745 50.5920210009119,8.66901446016974 50.5917970245731,8.66826497870186 50.5922006148697,8.66852462695214 50.5928281845459)))","45239","339","1639","1978","47217"
"MULTIPOLYGON (((8.62631962442271 50.5971303256661,8.62732847056142 50.5973546430183,8.62807807953485 50.5969513987355,8.62781883545459 50.5963238401361,8.62680999997745 50.5960995263058,8.62606039791914 50.596502767553,8.62631962442271 50.5971303256661)))","68908","1408","5608","7016","75924"
"MULTIPOLYGON (((8.64748013393721 50.5596503060485,8.64848862137198 50.5598744685036,8.64923779124567 50.5594707809793,8.64897846679089 50.558842934036,8.6479699900172 50.5586187751028,8.64722082703731 50.5590224595911,8.64748013393721 50.5596503060485)))","1429537","16937","64637","81574","1511111"
"MULTIPOLYGON (((8.67618213853287 50.5626048790787,8.67719091536765 50.5628288096485,8.67794006614965 50.5624249294376,8.67768043322156 50.5617971216968,8.67667166706362 50.5615731946456,8.67592252315705 50.5619770718166,8.67618213853287 50.5626048790787)))","9844","844","1144","1988","11832"
"MULTIPOLYGON (((8.72462661622647 50.5556719998802,8.72563570871516 50.5558955436365,8.72638469888292 50.5554912478684,8.72612458972004 50.5548634113897,8.72511550793103 50.5546398711471,8.72436652460536 50.5550441638696,8.72462661622647 50.5556719998802)))","86272","12572","17072","29644","115916"
"MULTIPOLYGON (((8.64546103430646 50.5991050385879,8.64647007383695 50.5993292013025,8.6472196703132 50.5989258285191,8.64696022035621 50.5982982960594,8.6459511914978 50.5980741368646,8.64520160192444 50.5984775066097,8.64546103430646 50.5991050385879)))","1810","0","1110","1110","2920"
"MULTIPOLYGON (((8.72979803929131 50.5659401797938,8.73080732424888 50.5661636777503,8.73155641510993 50.5657594211772,8.73129621417287 50.5651316696945,8.73028693992081 50.5649081752505,8.72953785590044 50.5653124287767,8.72979803929131 50.5659401797938)))","935","0","735","735","1670"
"MULTIPOLYGON (((8.6102459360411 50.5781646528518,8.6112543698246 50.5783891069925,8.61200380351482 50.5779858391786,8.61174479649971 50.5773581202564,8.61073637336367 50.5771336696405,8.60998694659542 50.577536934422,8.6102459360411 50.5781646528518)))","410","0","210","210","620"
"MULTIPOLYGON (((8.65093868272667 50.59462274579,8.6519477046613 50.5948468663,8.65269724337594 50.5944434184048,8.65243775325768 50.5938158530383,8.65142874199659 50.5935917360477,8.65067921018034 50.5939951809043,8.65093868272667 50.59462274579)))","56160","3360","11760","15120","71280"
"MULTIPOLYGON (((8.70339300650441 50.6039800303299,8.70440261444626 50.6042037251397,8.70515216040582 50.6037999552358,8.70489209155805 50.603172493568,8.70388249431971 50.6029488022713,8.70313295522575 50.6033525691293,8.70339300650441 50.6039800303299)))","996815","20515","82815","103330","1100145"
"MULTIPOLYGON (((8.66894988356209 50.5672709191146,8.66995866556294 50.5674949059398,8.67070787915583 50.5670911153459,8.67044830386691 50.5664633409661,8.66943953254057 50.56623935766,8.66869032582879 50.5666431452146,8.66894988356209 50.5672709191146)))","239151","4351","5651","10002","249153"
"MULTIPOLYGON (((8.65875162902873 50.5957879340366,8.65976073501779 50.5960119912623,8.6605102724273 50.5956084936557,8.66025069695439 50.5949809418632,8.65924160164327 50.5947568881561,8.65849207112723 50.595160382723,8.65875162902873 50.5957879340366)))","526281","12581","48581","61162","587443"
"MULTIPOLYGON (((8.68261431774032 50.5737245861268,8.68362331028363 50.5739484604704,8.68437256879935 50.5735446164724,8.68411282789851 50.5729169011722,8.68310384603873 50.5726930303458,8.68235459439638 50.5730968713025,8.68261431774032 50.5737245861268)))","576898","8998","45998","54996","631894"
"MULTIPOLYGON (((8.7029340345862 50.5696798850761,8.70394314319427 50.5699035976423,8.70469232218779 50.5694995706906,8.70443238571417 50.5688718342166,8.70342328779888 50.5686481251656,8.70267411566453 50.5690521490736,8.7029340345862 50.5696798850761)))","8255","955","1055","2010","10265"
"MULTIPOLYGON (((8.66630064915708 50.576374426897,8.66730953975447 50.5765984313318,8.66805885560678 50.5761947297066,8.66779927397717 50.5755670266861,8.66679039405567 50.5753430257701,8.66604108508801 50.5757467243559,8.66630064915708 50.576374426897)))","1429549","285449","318349","603798","2033347"
"MULTIPOLYGON (((8.66318621173832 50.5688416557398,8.66419496685317 50.569065688262,8.6649442074797 50.5686619527878,8.66468468610624 50.5680341878301,8.66367594166339 50.5678101588275,8.66292670792211 50.5682138912631,8.66318621173832 50.5688416557398)))","338360","12360","54260","66620","404980"
"MULTIPOLYGON (((8.73095666182573 50.5952674518864,8.73196638023813 50.5954909284619,8.73271578335611 50.5950868858891,8.73245546121615 50.5944593697897,8.73144575351883 50.5942358967247,8.7306963572465 50.5946399362487,8.73095666182573 50.5952674518864)))","141590","20090","318390","338480","480070"
"MULTIPOLYGON (((8.72489860088967 50.5939264198225,8.72590824800332 50.594149945714,8.7266576476146 50.5937459383325,8.72639739326294 50.5931184081075,8.72538775686083 50.5928948857274,8.72463836409896 50.593298890061,8.72489860088967 50.5939264198225)))","40319","29219","87319","116538","156857"
"MULTIPOLYGON (((8.69258379633313 50.5668145485595,8.69359277476307 50.5670383455386,8.69434194150222 50.566634374382,8.69408212294617 50.5660066092887,8.69307315520279 50.5657828158261,8.69232399532905 50.5661867839405,8.69258379633313 50.5668145485595)))","140648","19148","72748","91896","232544"
"MULTIPOLYGON (((8.69454115283686 50.5626875007483,8.69555008852092 50.5629112836613,8.69629920756207 50.5625072665132,8.6960393840559 50.5618794694942,8.69503045905811 50.5616556900977,8.69428134688034 50.5620597042037,8.69454115283686 50.5626875007483)))","338268","106168","141768","247936","586204"
"MULTIPOLYGON (((8.65935535923834 50.5839527874625,8.66036429950817 50.5841768446542,8.66111370890233 50.5837732526299,8.66085417113598 50.583145606453,8.65984524154074 50.5829215527804,8.65909583903733 50.5833251417657,8.65935535923834 50.5839527874625)))","43936","6436","12736","19172","63108"
"MULTIPOLYGON (((8.66229445545108 50.5777650870695,8.66330333167415 50.5779891231464,8.66405266952474 50.5775854621057,8.66379312426482 50.5769577680273,8.66278425871603 50.5767337354697,8.66203492775303 50.5771373934713,8.66229445545108 50.5777650870695)))","1288892","59692","187692","247384","1536276"
"MULTIPOLYGON (((8.71951701596907 50.6052720086813,8.72052678091385 50.6054955731976,8.72127631188394 50.6050916923141,8.72101607105419 50.6044642499622,8.72000631682166 50.6042406889571,8.71925679270674 50.6046445667928,8.71951701596907 50.6052720086813)))","1278","0","578","578","1856"
"MULTIPOLYGON (((8.71856100437435 50.5720028989421,8.71957028053672 50.572226484841,8.72031945649059 50.571822358458,8.72005934943295 50.5711946492219,8.71905008397211 50.5709710668363,8.71830091486753 50.5713751901736,8.71856100437435 50.5720028989421)))","4037","137","237","374","4411"
"MULTIPOLYGON (((8.69459734840556 50.6048799763851,8.69560689384643 50.6051037415926,8.69635646515999 50.6047000444278,8.69609648416125 50.6040725851005,8.6950869494196 50.6038488234071,8.6943373849776 50.604252517527,8.69459734840556 50.6048799763851)))","307861","3061","6761","9822","317683"
"MULTIPOLYGON (((8.69122445046672 50.5591008525274,8.69223330593906 50.5593246635665,8.69298239246588 50.5589206440467,8.6927226166557 50.5582928165294,8.69171377186685 50.5580690090074,8.69096469220487 50.5584730254857,8.69122445046672 50.5591008525274)))","32678","10178","18178","28356","61034"
"MULTIPOLYGON (((8.70949165373556 50.5523178585228,8.71050056810477 50.5525415253962,8.71124954943417 50.5521373175466,8.71098960954305 50.551509445867,8.70998070586469 50.5512857825091,8.70923173138674 50.5516899873153,8.70949165373556 50.5523178585228)))","4084","3184","5084","8268","12352"
"MULTIPOLYGON (((8.64903608068345 50.5634172764786,8.65004463583654 50.5636414249157,8.65079384332684 50.5632377543215,8.65053448877065 50.5626099383267,8.64952594428057 50.562385793411,8.64877674368378 50.5627894609688,8.64903608068345 50.5634172764786)))","739610","31310","67210","98520","838130"
"MULTIPOLYGON (((8.67486908155692 50.5970857140484,8.67587834488484 50.5973096411453,8.67662786766132 50.596906032601,8.67636812022689 50.5962785000017,8.67535886758562 50.5960545764215,8.67460935169224 50.596458181924,8.67486908155692 50.5970857140484)))","1429552","13652","49452","63104","1492656"
"MULTIPOLYGON (((8.63537921386848 50.5569597175675,8.63638755834823 50.5571839783273,8.63713672069509 50.5567803610914,8.63687753166108 50.5561524861301,8.63586919783531 50.5559282288936,8.63512004238968 50.5563318430951,8.63537921386848 50.5569597175675)))","70364","2064","4464","6528","76892"
"MULTIPOLYGON (((8.6902993674524 50.6033573651604,8.6913088539777 50.603581165572,8.69205841661147 50.6031774890439,8.69179848584586 50.6025500151485,8.69078901001712 50.6023262182515,8.6900394542575 50.6027298917354,8.6902993674524 50.6033573651604)))","1429589","86189","193689","279878","1709467"
"MULTIPOLYGON (((8.67573740576563 50.6058263509369,8.67674680285556 50.606050267465,8.67749641788391 50.6056467188184,8.67723662893823 50.6050192566861,8.67622724253808 50.6047953436741,8.67547763439395 50.6051988892782,8.67573740576563 50.6058263509369)))","52819","3519","8819","12338","65157"
"MULTIPOLYGON (((8.70311756915828 50.5834018897655,8.70412687744058 50.5836255952505,8.7048762031774 50.5832216711078,8.70461621377027 50.5825940445247,8.70360691618502 50.5823703425541,8.70285759730994 50.5827742636522,8.70311756915828 50.5834018897655)))","116204","4304","12404","16708","132912"
"MULTIPOLYGON (((8.67279810832659 50.6120119851433,8.67380756955653 50.6122359227678,8.67455725620092 50.6118324431517,8.67429747472808 50.6112050289536,8.6732880241883 50.6109810948452,8.67253834443133 50.6113845714189,8.67279810832659 50.6120119851433)))","5100","0","1100","1100","6200"
"MULTIPOLYGON (((8.70865667273464 50.6210995619235,8.70966657338106 50.6213232072845,8.71041629369364 50.6209195280342,8.71015610649449 50.6202922064706,8.70914621655956 50.6200685646212,8.70839650311243 50.6204722408239,8.70865667273464 50.6210995619235)))","37813","3113","4013","7126","44939"
"MULTIPOLYGON (((8.61653736907868 50.5578994290303,8.61754556479804 50.5581238407589,8.6182947702603 50.5577203719165,8.61803577308946 50.5570924943775,8.61702758801465 50.5568680861743,8.61627838946619 50.5572715519847,8.61653736907868 50.5578994290303)))","8023","223","323","546","8569"
"MULTIPOLYGON (((8.65067880115256 50.5740447051948,8.65168752376575 50.5742688361438,8.65243684225495 50.5738652339168,8.65217743123654 50.573237503778,8.65116871929044 50.5730133763496,8.65041940769578 50.5734169755394,8.65067880115256 50.5740447051948)))","29404","2804","4704","7508","36912"
"MULTIPOLYGON (((8.72050642688588 50.5855445649771,8.72151591525989 50.5857681296695,8.72226523286891 50.5853640915313,8.7220050552534 50.5847364917477,8.72099557758611 50.5845129305677,8.72024626682774 50.584916965659,8.72050642688588 50.5855445649771)))","5647","0","647","647","6294"
"MULTIPOLYGON (((8.68750900827189 50.5634081516431,8.68851789398284 50.5636319908145,8.68926703325622 50.5632280318254,8.68900727995067 50.5626002367062,8.68799840492263 50.5623764010521,8.68724927251736 50.562780357,8.68750900827189 50.5634081516431)))","73420","2420","5220","7640","81060"
"MULTIPOLYGON (((8.70415823524908 50.6235214198403,8.70516813231843 50.6237451003989,8.70591788668351 50.6233414732596,8.7056577371104 50.6227141686088,8.70464785075093 50.6224904915621,8.70389810325482 50.6228941156543,8.70415823524908 50.6235214198403)))","255212","56412","71412","127824","383036"
"MULTIPOLYGON (((8.71785099561959 50.6123104897221,8.71886084803705 50.6125340647306,8.71961045752844 50.6121302498065,8.71935020774486 50.6115028629221,8.71834036604091 50.6112792914247,8.7175907634072 50.6116831033006,8.71785099561959 50.6123104897221)))","390029","59029","62329","121358","511387"
"MULTIPOLYGON (((8.66799462892901 50.5516633896607,8.6690031776081 50.5518873904591,8.66975222570458 50.5514834885656,8.66949271824345 50.5508555889121,8.66848418023359 50.5506315916338,8.66773513901576 50.5510354904891,8.66799462892901 50.5516633896607)))","527","227","327","554","1081"
"MULTIPOLYGON (((8.64877687765116 50.5428304668036,8.64978513375934 50.5430546255764,8.65053412121849 50.5426508006935,8.65027484568001 50.542022820073,8.64926660022844 50.5417986648229,8.64851761965892 50.5422024866706,8.64877687765116 50.5428304668036)))","363226","68126","72426","140552","503778"
"MULTIPOLYGON (((8.70634413686787 50.5801269259805,8.70735342554428 50.5803506068485,8.7081027104116 50.5799466336647,8.70784269974361 50.5793189826578,8.70683342176489 50.579095305304,8.70608414375659 50.579499275443,8.70634413686787 50.5801269259805)))","1429502","58502","116702","175204","1604706"
"MULTIPOLYGON (((8.72071500899401 50.5639283286256,8.72172418708244 50.5641519004907,8.72247327267584 50.563747696681,8.72221317333465 50.5631199240516,8.72120400594642 50.5628963557001,8.7204549271993 50.5633005564643,8.72071500899401 50.5639283286256)))","407","0","107","107","514"
"MULTIPOLYGON (((8.65549567700756 50.6167187233936,8.65650505745248 50.6169427982249,8.65725482528957 50.616539484063,8.65699520578208 50.6159120981103,8.65598583601983 50.6156880267967,8.65523607508251 50.616091337918,8.65549567700756 50.6167187233936)))","66384","2884","46084","48968","115352"
"MULTIPOLYGON (((8.73731382687186 50.5818557149598,8.73832340599323 50.5820791458964,8.73907265388936 50.5816749538573,8.73881231582537 50.5810473339304,8.73780274741826 50.5808239065045,8.73705350636097 50.5812280954948,8.73731382687186 50.5818557149598)))","5892","0","292","292","6184"
"MULTIPOLYGON (((8.63764849441858 50.59793898716,8.63865744983469 50.5981632131431,8.63940704756491 50.5977598900683,8.63914768297135 50.5971323440477,8.63813873822292 50.5969081215853,8.6373891474005 50.5973114416229,8.63764849441858 50.59793898716)))","960","0","360","360","1320"
"MULTIPOLYGON (((8.65384723611137 50.5462388843828,8.65485558495701 50.5464630010533,8.65560459996794 50.5460591640277,8.65534525924638 50.5454312133677,8.65433692106098 50.5452071002192,8.65358791293701 50.5456109342088,8.65384723611137 50.5462388843828)))","21244","5744","5944","11688","32932"
"MULTIPOLYGON (((8.68177335345435 50.6248273864489,8.68278307714723 50.6250512465854,8.68353288545898 50.6246477971073,8.68327296319396 50.6240204905372,8.68226325019977 50.6237966339149,8.68151344877205 50.6242000803486,8.68177335345435 50.6248273864489)))","19039","2339","3639","5978","25017"
"MULTIPOLYGON (((8.69949276564367 50.594567569532,8.70050220409495 50.5947912995985,8.70125165603761 50.5943874874139,8.70099166266274 50.5937599482076,8.6999822349101 50.5935362216553,8.69923278983378 50.5939400307952,8.69949276564367 50.594567569532)))","174959","16659","22759","39418","214377"
"MULTIPOLYGON (((8.67226543634296 50.5708576532388,8.67327429859432 50.5710816119567,8.67402354474911 50.5706778237443,8.67376392177297 50.5700500798539,8.67275507019888 50.5698261246545,8.67200583092374 50.570229909827,8.67226543634296 50.5708576532388)))","147951","22651","287651","310302","458253"
"MULTIPOLYGON (((8.73936478356681 50.5845895626412,8.74037441974114 50.5848129759417,8.74112369325253 50.5844087893009,8.74086332375167 50.5837811924088,8.7398536982935 50.5835577826185,8.73910443162012 50.5839619662102,8.73936478356681 50.5845895626412)))","362339","50439","98439","148878","511217"
"MULTIPOLYGON (((8.6501309180593 50.5505454579567,8.65113929701834 50.5507696027645,8.65188836469708 50.550365826272,8.65162904652666 50.5497379080075,8.65062067822729 50.5495137667218,8.64987161743879 50.5499175401786,8.6501309180593 50.5505454579567)))","18072","4972","20472","25444","43516"
"MULTIPOLYGON (((8.62938004778374 50.5801414613632,8.63038867501132 50.5803657610013,8.6311380963623 50.5799623647336,8.63087888357608 50.5793346718627,8.62987026700648 50.5791103757472,8.62912085256526 50.57951376898,8.62938004778374 50.5801414613632)))","520356","45356","132156","177512","697868"
"MULTIPOLYGON (((8.70816711572835 50.62213053973,8.70917702708631 50.6223541886026,8.70992675934562 50.621950520856,8.70966657338106 50.6213232072845,8.70865667273464 50.6210995619235,8.70790694734135 50.6215032266225,8.70816711572835 50.62213053973)))","25908","1908","4008","5916","31824"
"MULTIPOLYGON (((8.71511271541953 50.6145530090908,8.7161225767773 50.6147766052088,8.71687221524637 50.6143728278389,8.71661198549786 50.6137454573991,8.71560213485291 50.6135218647924,8.71485250324376 50.6139256391142,8.71511271541953 50.6145530090908)))","196121","21521","36021","57542","253663"
"MULTIPOLYGON (((8.69996622285272 50.6111980809738,8.70097590572091 50.6114218003756,8.70172553526497 50.6110181109897,8.70146547507165 50.6103907052479,8.7004558029074 50.6101669893592,8.69970618023264 50.6105706756992,8.69996622285272 50.6111980809738)))","1254627","70227","142427","212654","1467281"
"MULTIPOLYGON (((8.7078119520621 50.5770320055022,8.70882120864553 50.5772556758276,8.70957045771761 50.5768516681484,8.70931044334904 50.5762239931887,8.70830119746315 50.5760003263776,8.70755195524841 50.5764043310121,8.7078119520621 50.5770320055022)))","1429509","285409","318309","603718","2033227"
"MULTIPOLYGON (((8.65563726571857 50.5882569774479,8.65664623615114 50.5884810627789,8.6573956982787 50.588077531312,8.6571361830798 50.587449917553,8.65612722332125 50.5872258357414,8.65537776808772 50.5876293641695,8.65563726571857 50.5882569774479)))","1264527","82827","145427","228254","1492781"
"MULTIPOLYGON (((8.68188368832829 50.6140271281376,8.68289325678507 50.6142509918515,8.68364294892109 50.61384745946,8.68338306571865 50.6132200663985,8.68237350795737 50.6129962061995,8.68162382270314 50.6133997355472,8.68188368832829 50.6140271281376)))","87373","2273","5573","7846","95219"
"MULTIPOLYGON (((8.64497086393291 50.6001359208181,8.64597991413548 50.6003600870525,8.64672952253915 50.5999567257755,8.64647007383695 50.5993292013025,8.64546103430646 50.5991050385879,8.64471143280625 50.5995083968266,8.64497086393291 50.6001359208181)))","5187","387","987","1374","6561"
"MULTIPOLYGON (((8.68787002993303 50.5908508625089,8.68887931489885 50.5910746875965,8.68962874768801 50.5906709342683,8.68936888863815 50.5900433588955,8.68835961436382 50.5898195373235,8.68761018844794 50.5902232876087,8.68787002993303 50.5908508625089)))","43219","2119","3119","5238","48457"
"MULTIPOLYGON (((8.71358923465082 50.5577879303382,8.71459826305721 50.558011562031,8.7153472956368 50.5576073649959,8.7150872929603 50.5569795393123,8.71407827524854 50.5567559111342,8.71332924951875 50.557160105125,8.71358923465082 50.5577879303382)))","89591","9491","21991","31482","121073"
"MULTIPOLYGON (((8.67751810640538 50.5879845617964,8.67852726104097 50.5882084713117,8.67927668149028 50.5878047737862,8.67901694042464 50.5871771697871,8.67800779647433 50.5869532637888,8.67725838290454 50.5873569582727,8.67751810640538 50.5879845617964)))","348782","19982","152382","172364","521146"
"MULTIPOLYGON (((8.67736132769164 50.5565944914407,8.67837002796298 50.5568184149582,8.67911911227268 50.5564144802936,8.67885948943769 50.5557866251513,8.67785079984194 50.5555627051525,8.67710172240572 50.5559666367775,8.67736132769164 50.5565944914407)))","19088","688","2488","3176","22264"
"MULTIPOLYGON (((8.66719189544661 50.5674506942841,8.6682006649299 50.5676746951689,8.66894988356209 50.5672709191146,8.66869032582879 50.5666431452146,8.66768156701912 50.5664191478492,8.66693235526926 50.5668229208644,8.66719189544661 50.5674506942841)))","356214","4814","17714","22528","378742"
"MULTIPOLYGON (((8.61151337557402 50.5790168179328,8.61252183258351 50.5792412615511,8.61327127319506 50.5788379907045,8.61301224987591 50.5782102792723,8.61200380351482 50.5779858391786,8.6112543698246 50.5783891069925,8.61151337557402 50.5790168179328)))","1621","0","221","221","1842"
"MULTIPOLYGON (((8.64016182751231 50.5574530766554,8.64117022027885 50.5576772987942,8.64191937950064 50.5572736494507,8.64166013905785 50.5566457810033,8.64065175694791 50.5564215623873,8.63990260462431 50.5568252086959,8.64016182751231 50.5574530766554)))","239180","1180","7080","8260","247440"
"MULTIPOLYGON (((8.65393814084063 50.6129543330301,8.65494745346323 50.613178421931,8.6556971836324 50.612775090835,8.65543759427901 50.6121476738783,8.65442829233712 50.6119235884955,8.653678569068 50.6123269165513,8.65393814084063 50.6129543330301)))","162468","4468","12568","17036","179504"
"MULTIPOLYGON (((8.6971531644292 50.58891953486,8.69816250120849 50.5891432860662,8.69891189674867 50.5887394485125,8.69865194864297 50.5881118627969,8.69764262255937 50.5878881151054,8.69689323388594 50.5882919496149,8.6971531644292 50.58891953486)))","151364","16864","23464","40328","191692"
"MULTIPOLYGON (((8.66854857790624 50.5751633135593,8.66955747034845 50.5753873004135,8.67030676923742 50.5749835727456,8.67004716880132 50.5743558612633,8.66903828703577 50.5741318779278,8.66828899502974 50.574535602556,8.66854857790624 50.5751633135593)))","372897","42297","44597","86894","459791"
"MULTIPOLYGON (((8.70701775047743 50.5928156613851,8.7080272281969 50.5930393316281,8.70877664791197 50.5926354497589,8.70851658304667 50.5920079006921,8.70750711602911 50.5917842339624,8.70675770317506 50.5921881127861,8.70701775047743 50.5928156613851)))","213763","17063","29163","46226","259989"
"MULTIPOLYGON (((8.70239859124026 50.6237013377828,8.7034084758068 50.623925032428,8.70415823524908 50.6235214198403,8.70389810325482 50.6228941156543,8.7028882293973 50.6226704245212,8.70213847682516 50.623074034062,8.70239859124026 50.6237013377828)))","334060","76460","89160","165620","499680"
"MULTIPOLYGON (((8.6999822349101 50.5935362216553,8.70099166266274 50.5937599482076,8.70174110266974 50.593356124522,8.70148110805838 50.5927285773288,8.70047169100428 50.5925048542906,8.69972225786308 50.5929086749316,8.6999822349101 50.5935362216553)))","13848","248","748","996","14844"
"MULTIPOLYGON (((8.72224447209368 50.6206895868125,8.72325448337328 50.6209131229713,8.7240041749366 50.6205093388114,8.72374384836401 50.619882021542,8.72273384780279 50.6196584888934,8.72198416309588 50.6200622700041,8.72224447209368 50.6206895868125)))","8697","297","7397","7694","16391"
"MULTIPOLYGON (((8.61911884293119 50.5841294301056,8.62012743929598 50.5843538105727,8.62087692142136 50.5839505215258,8.62061780026476 50.5833228550458,8.61960921455382 50.5830984781023,8.61885973934575 50.5835017641153,8.61911884293119 50.5841294301056)))","1207463","3563","4563","8126","1215589"
"MULTIPOLYGON (((8.70718796216987 50.6241924368538,8.70819789495113 50.6244160927495,8.70894765110456 50.6240124480109,8.70868746760982 50.6233851504243,8.70767754554025 50.6231614980402,8.70692779625388 50.6235651397312,8.70718796216987 50.6241924368538)))","327223","74023","89923","163946","491169"
"MULTIPOLYGON (((8.68455245151404 50.5872652380781,8.68556165619743 50.5874890913159,8.68631105643408 50.5870853356146,8.6860512451127 50.586457729718,8.68504205111799 50.5862338799964,8.68429265775609 50.5866376326553,8.68455245151404 50.5872652380781)))","243118","35618","68218","103836","346954"
"MULTIPOLYGON (((8.7099672294583 50.5689584558625,8.71097638798738 50.5691821121456,8.71172554669285 50.5687780270277,8.71146554001491 50.5681502886714,8.71045639218196 50.5679266359028,8.70970724033092 50.5683307179762,8.7099672294583 50.5689584558625)))","7348","0","148","148","7496"
"MULTIPOLYGON (((8.69970784792403 50.5729552886574,8.70071697612348 50.5731790258394,8.7014661959695 50.5727750479237,8.70120628075428 50.5721473358695,8.70019716324694 50.5719236022029,8.69944795026285 50.5723275770752,8.69970784792403 50.5729552886574)))","132262","13762","42462","56224","188486"
"MULTIPOLYGON (((8.65439634543401 50.5697397415374,8.65540503791193 50.5699638443475,8.65615430369699 50.5695601815713,8.6558948701131 50.5689324190227,8.65488618830289 50.5687083197331,8.65413692940903 50.5691119794718,8.65439634543401 50.5697397415374)))","873672","89572","117372","206944","1080616"
"MULTIPOLYGON (((8.65615430369699 50.5695601815713,8.65716300870592 50.5697842703247,8.65791226946219 50.569380593009,8.65765281831971 50.5687528299778,8.65664412397938 50.5685287447447,8.6558948701131 50.5689324190227,8.65615430369699 50.5695601815713)))","450292","10192","40892","51084","501376"
"MULTIPOLYGON (((8.7115141801348 50.5903922751228,8.71252366141959 50.5906159101826,8.71327304710621 50.5902119762217,8.71301294465062 50.5895844102472,8.71200347406936 50.5893607787004,8.71125409524029 50.5897647096152,8.7115141801348 50.5903922751228)))","491147","22647","99547","122194","613341"
"MULTIPOLYGON (((8.62909269261914 50.5772272591729,8.63010127531437 50.5774515622951,8.6308506659215 50.577048146052,8.6305914669242 50.5764204297215,8.62958289488593 50.5761961301221,8.62883351118816 50.5765995433305,8.62909269261914 50.5772272591729)))","102620","5120","12820","17940","120560"
"MULTIPOLYGON (((8.65557738986517 50.563730539976,8.65658600581004 50.5639546357181,8.6573352051151 50.5635509184722,8.65707578158622 50.5629231085214,8.65606717630786 50.5626990163,8.65531798389202 50.5631027305087,8.65557738986517 50.563730539976)))","479666","128566","128766","257332","736998"
"MULTIPOLYGON (((8.68901120801752 50.6201652251622,8.69002092647118 50.6203890289986,8.69077067182633 50.6199854898452,8.69051069184962 50.6193581499006,8.68950098409698 50.619134349578,8.68875124562013 50.6195378856863,8.68901120801752 50.6201652251622)))","2865","365","1165","1530","4395"
"MULTIPOLYGON (((8.68199398913942 50.6032252445791,8.68300340240779 50.6034491118537,8.68375297840405 50.6030454965577,8.6834931342525 50.6024180170303,8.68248373167637 50.6021941532712,8.6817341625597 50.6025977655241,8.68199398913942 50.6032252445791)))","14718","218","818","1036","15754"
"MULTIPOLYGON (((8.66420350558124 50.6089653184164,8.66521284886583 50.6091893264122,8.66596251804357 50.6087858880592,8.66570283704437 50.6081584447518,8.66469350444453 50.6079344402732,8.66394384215929 50.608337875585,8.66420350558124 50.6089653184164)))","6188","188","288","476","6664"
"MULTIPOLYGON (((8.64652755615273 50.6039009563194,8.6475366741519 50.604125108504,8.64828632021817 50.6037217641633,8.64802684138223 50.6030942706767,8.64701773405712 50.6028701220115,8.64626809489401 50.6032734633136,8.64652755615273 50.6039009563194)))","1297","197","397","594","1891"
"MULTIPOLYGON (((8.67811865145912 50.5761474326572,8.67912764035177 50.5763713421661,8.67987693282012 50.5759675502519,8.67961722951908 50.5753398518697,8.67860825130833 50.5751159458783,8.67785896571686 50.5755197347517,8.67811865145912 50.5761474326572)))","1429590","46890","205590","252480","1682070"
"MULTIPOLYGON (((8.67791849216251 50.5800933625985,8.67892753629677 50.5803172721115,8.67967687142062 50.5799135116589,8.67941715553255 50.5792858447344,8.67840812208132 50.5790619387387,8.67765879383523 50.5794656961502,8.67791849216251 50.5800933625985)))","1065772","17072","208772","225844","1291616"
"MULTIPOLYGON (((8.7053948030899 50.5468473484574,8.70640360343622 50.5470710504954,8.70715253351414 50.5466668318285,8.70689265639281 50.5460389141662,8.70588386673353 50.5458152156444,8.70513494350869 50.5462194312687,8.7053948030899 50.5468473484574)))","1002","0","102","102","1104"
"MULTIPOLYGON (((8.62659179286405 50.5578560712062,8.6276000745909 50.5580804021971,8.62834926197027 50.5576768576424,8.62809016071575 50.5570489851301,8.62708188963864 50.5568246576634,8.62633270916646 50.5572281991849,8.62659179286405 50.5578560712062)))","68140","1140","3440","4580","72720"
"MULTIPOLYGON (((8.64661604731445 50.5509046355718,8.64762440121144 50.5511288084776,8.64837347893067 50.5507250610565,8.64811419586041 50.5500971437651,8.64710585262137 50.5498729743818,8.64635678179476 50.5502767187675,8.64661604731445 50.5509046355718)))","138419","12619","25319","37938","176357"
"MULTIPOLYGON (((8.72519980373906 50.5791739027633,8.72620924033991 50.5793974323026,8.72695848124554 50.5789933106342,8.7266982787041 50.5783656624735,8.72568885281042 50.5781421364463,8.7249396187511 50.5785462550677,8.72519980373906 50.5791739027633)))","469297","23797","310397","334194","803491"
"MULTIPOLYGON (((8.68063518044783 50.5955154011707,8.68164447064274 50.5957392825378,8.68239396633191 50.595335618854,8.68213416494732 50.5947080768456,8.68112488544154 50.5944841989947,8.68037539663135 50.594887859636,8.68063518044783 50.5955154011707)))","1429585","141385","258385","399770","1829355"
"MULTIPOLYGON (((8.69020882956432 50.5964988041026,8.69121821620656 50.5967226080619,8.69196770541448 50.5963188801089,8.69170780110744 50.5956913512405,8.69069842515959 50.5954675507963,8.6899489428245 50.5958712757056,8.69020882956432 50.5964988041026)))","380554","9154","28754","37908","418462"
"MULTIPOLYGON (((8.63154357219859 50.5720714190529,8.63255210160976 50.572295704561,8.63330143263627 50.5718922307951,8.63304222734498 50.571264474556,8.63203370859041 50.5710401925708,8.63128438447064 50.571443663302,8.63154357219859 50.5720714190529)))","905","0","105","105","1010"
"MULTIPOLYGON (((8.74092700100239 50.5883550326453,8.74193670495135 50.5885784318157,8.74268601601886 50.5881742620691,8.74242561629984 50.5875466962018,8.74141592306898 50.5873233005413,8.74066661883915 50.5877274672383,8.74092700100239 50.5883550326453)))","1720","0","120","120","1840"
"MULTIPOLYGON (((8.66331136210444 50.617883725485,8.66432082663914 50.6181077369881,8.66507059315265 50.6177043730979,8.66481088823679 50.6170770007463,8.66380143438914 50.6168529927599,8.66305167477044 50.6172563536085,8.66331136210444 50.617883725485)))","36749","3049","6549","9598","46347"
"MULTIPOLYGON (((8.65848943183306 50.5752098122916,8.65949823845225 50.5754338799907,8.66024755563809 50.5750302280665,8.65998805931529 50.5744025114815,8.65897926336761 50.5741784473021,8.65822995307137 50.574582096188,8.65848943183306 50.5752098122916)))","896367","84667","169967","254634","1151001"
"MULTIPOLYGON (((8.72666691146561 50.576078545368,8.72767631594514 50.5763020643707,8.72842552104608 50.575897908212,8.72816531482289 50.5752702360978,8.72715592105033 50.5750467206073,8.72640672279412 50.5754508737189,8.72666691146561 50.576078545368)))","146793","22893","45493","68386","215179"
"MULTIPOLYGON (((8.65246484935504 50.5561964859072,8.65347332986824 50.556420609694,8.65422245395442 50.5560168585931,8.65396309063767 50.555388986742,8.65295462078704 50.5551648664767,8.65220550359066 50.5555686145412,8.65246484935504 50.5561964859072)))","173335","1635","15435","17070","190405"
"MULTIPOLYGON (((8.72208833379248 50.5539692011627,8.72309737996686 50.5541927660333,8.72384635644974 50.5537884763561,8.72358627991497 50.5531606248535,8.72257724443847 50.5529370634969,8.72182827479899 50.553341350129,8.72208833379248 50.5539692011627)))","187","0","187","187","374"
"MULTIPOLYGON (((8.6672558546234 50.5919766244638,8.66826497870186 50.5922006148697,8.66901446016974 50.5917970245731,8.66875481067218 50.5911694469111,8.66774569727486 50.590945460023,8.66699622269407 50.5913490472791,8.6672558546234 50.5919766244638)))","357051","4151","4951","9102","366153"
"MULTIPOLYGON (((8.6873804323293 50.5918821682064,8.68838972798664 50.5921059968096,8.68913917270826 50.5917022549831,8.68887931489885 50.5910746875965,8.68787002993303 50.5908508625089,8.68712059208521 50.5912546012923,8.6873804323293 50.5918821682064)))","48157","2457","4457","6914","55071"
"MULTIPOLYGON (((8.69147811927375 50.5973501289431,8.69248752911647 50.5975739223423,8.69323702519658 50.5971701913454,8.6929771045619 50.5965426699933,8.69196770541448 50.5963188801089,8.69121821620656 50.5967226080619,8.69147811927375 50.5973501289431)))","176667","18367","97167","115534","292201"
"MULTIPOLYGON (((8.68194540449776 50.5610332148712,8.68295420816847 50.56125709974,8.68370333188634 50.5608531644132,8.68344364506228 50.5602253472581,8.68243485207087 50.5600014659073,8.68168573522435 50.5604053981936,8.68194540449776 50.5610332148712)))","608","108","208","316","924"
"MULTIPOLYGON (((8.67960856182879 50.5553826789885,8.68061726392727 50.5556065849283,8.68136633127181 50.5552026242277,8.68110668964621 50.5545747606271,8.68009799822407 50.5543508582059,8.67934893775129 50.5547548158667,8.67960856182879 50.5553826789885)))","3603","103","503","606","4209"
"MULTIPOLYGON (((8.61805466067896 50.579332356884,8.61906317863617 50.579556747833,8.61981261117878 50.5791534303344,8.61955351884726 50.5785257249204,8.61854501154191 50.5783013374953,8.61779558591632 50.5787046519604,8.61805466067896 50.579332356884)))","1391","0","191","191","1582"
"MULTIPOLYGON (((8.62782495170951 50.5763752296797,8.62883351118816 50.5765995433305,8.62958289488593 50.5761961301221,8.62932371219515 50.5755684062977,8.6283151633725 50.5753440961699,8.62756578658477 50.5757475063437,8.62782495170951 50.5763752296797)))","2009","0","409","409","2418"
"MULTIPOLYGON (((8.67702840316305 50.5890158403164,8.67803756848391 50.5892397533487,8.67878700086285 50.5888360673255,8.67852726104097 50.5882084713117,8.67751810640538 50.5879845617964,8.67676868090654 50.588388244778,8.67702840316305 50.5890158403164)))","875669","32569","128869","161438","1037107"
"MULTIPOLYGON (((8.65364958833514 50.6100412995919,8.65465885636967 50.6102653920075,8.65540855577316 50.6098620409374,8.65514898024257 50.6092346004916,8.6541397228877 50.6090105115942,8.65339003038387 50.6094138596244,8.65364958833514 50.6100412995919)))","255853","12653","21153","33806","289659"
"MULTIPOLYGON (((8.67685000001688 50.5752958146957,8.67785896571686 50.5755197347517,8.67860825130833 50.5751159458783,8.67834856432255 50.5744882399898,8.67733960930363 50.5742643234515,8.67659033058959 50.5746681092841,8.67685000001688 50.5752958146957)))","798489","56289","135089","191378","989867"
"MULTIPOLYGON (((8.69414270788982 50.5705810278453,8.69515175405598 50.5708048107557,8.69590095837671 50.570400856511,8.69564110966622 50.5697731223987,8.69463207418858 50.5695493430044,8.69388287673301 50.5699532942065,8.69414270788982 50.5705810278453)))","1429581","231781","318381","550162","1979743"
"MULTIPOLYGON (((8.70005774274833 50.6180554180757,8.70106752555763 50.618279133902,8.70181722855455 50.6178754959417,8.70155714187172 50.6172481452014,8.70054736976853 50.6170244328878,8.69979767364217 50.6174280678018,8.70005774274833 50.6180554180757)))","1086","0","186","186","1272"
"MULTIPOLYGON (((8.69053570108038 50.5640796445464,8.69154462246617 50.5643034591063,8.69229376354992 50.5638994825357,8.69203397638179 50.563271694447,8.69102506568068 50.563047883404,8.69027593146317 50.5634518569328,8.69053570108038 50.5640796445464)))","47199","5399","16299","21698","68897"
"MULTIPOLYGON (((8.65592581420877 50.5911708845668,8.65693482920271 50.5913949663924,8.6576843220762 50.5909914548949,8.65742479306143 50.5903638646111,8.65641578874255 50.5901397863047,8.65566630276349 50.5905432947631,8.65592581420877 50.5911708845668)))","676543","10743","43043","53786","730329"
"MULTIPOLYGON (((8.64534845108861 50.550052535336,8.64635678179476 50.5502767187675,8.64710585262137 50.5498729743818,8.64684658584862 50.5492450495997,8.6458382657995 50.5490208696909,8.64508920186619 50.5494246110415,8.64534845108861 50.550052535336)))","25070","2970","3370","6340","31410"
"MULTIPOLYGON (((8.67415631595786 50.6197200543496,8.67516590031024 50.619943977872,8.67591566730794 50.6195405466572,8.67565584306537 50.6189131949632,8.67464626940621 50.6186892749562,8.67389650929653 50.6190927031279,8.67415631595786 50.6197200543496)))","8575","1375","2375","3750","12325"
"MULTIPOLYGON (((8.65880445719319 50.5604562439366,8.65981305366383 50.5606803150619,8.66056221218903 50.5602765487757,8.66030276735722 50.5596487144017,8.65929418155376 50.559424646797,8.658545029915 50.5598284100458,8.65880445719319 50.5604562439366)))","15142","742","1742","2484","17626"
"MULTIPOLYGON (((8.64405077267305 50.5668704771878,8.64505933473703 50.5670946642956,8.64580858801657 50.5666910572841,8.64554927233479 50.5660632662007,8.64454072093232 50.5658390826147,8.64379147455025 50.5662426865902,8.64405077267305 50.5668704771878)))","27648","4148","4248","8396","36044"
"MULTIPOLYGON (((8.6895914814725 50.6259907501876,8.69060128917181 50.6262145469404,8.6913510960582 50.6258110477186,8.69109108836633 50.6251837547895,8.69008129137015 50.6249599615501,8.68933149136284 50.6253634577265,8.6895914814725 50.6259907501876)))","16089","3989","5889","9878","25967"
"MULTIPOLYGON (((8.7223485638623 50.609887505116,8.72335841981438 50.6101110449279,8.72410799523599 50.609707177901,8.72384770785143 50.6090797741109,8.72283786261446 50.6088562378098,8.72208829404708 50.6092601017881,8.7223485638623 50.609887505116)))","19166","166","366","532","19698"
"MULTIPOLYGON (((8.63698767323087 50.5852530980984,8.63799643976782 50.5854773345413,8.63874590256331 50.5850739200591,8.6384865919162 50.5844462721704,8.6374778360427 50.584222039249,8.63672838015296 50.5846254506949,8.63698767323087 50.5852530980984)))","1429568","23768","295168","318936","1748504"
"MULTIPOLYGON (((8.64926661763768 50.6016600460014,8.65027572683806 50.6018841770825,8.65102534401899 50.6014807951832,8.65076584509874 50.6008532852418,8.64975674657318 50.6006291576798,8.64900713629314 50.6010325365402,8.64926661763768 50.6016600460014)))","2702","0","502","502","3204"
"MULTIPOLYGON (((8.72499255831853 50.6007858313846,8.72600230536461 50.6010093536853,8.72675177838256 50.6006053977038,8.72649149750388 50.5999779224699,8.72548176117146 50.5997544036802,8.72473229500421 50.6001583566134,8.72499255831853 50.6007858313846)))","1415","0","615","615","2030"
"MULTIPOLYGON (((8.68868730883352 50.5573975372246,8.68969611795538 50.5576213693548,8.69044519075189 50.5572173559178,8.69018544756051 50.5565895133918,8.68917664912034 50.5563656847792,8.68842758318996 50.5567696951751,8.68868730883352 50.5573975372246)))","932","0","132","132","1064"
"MULTIPOLYGON (((8.6760489571563 50.5910783388922,8.67705814384794 50.5913022589582,8.67780760008685 50.5908985959401,8.67754786275309 50.5902710158976,8.67653868674682 50.5900470993485,8.67578923738905 50.590450759325,8.6760489571563 50.5910783388922)))","1429565","123865","226265","350130","1779695"
"MULTIPOLYGON (((8.639492575196 50.6046174388472,8.64050164297303 50.6048416472876,8.6412513091329 50.6044383611288,8.6409919006079 50.6038108695676,8.6399828435015 50.6035866646473,8.63923318424959 50.6039899477682,8.639492575196 50.6046174388472)))","55534","4734","9834","14568","70102"
"MULTIPOLYGON (((8.64742158398286 50.59498131474,8.64843058082541 50.5952054633755,8.64918012959456 50.5948020445683,8.64892067462049 50.5941744801638,8.64791168844977 50.5939503350481,8.6471621465814 50.5943537508171,8.64742158398286 50.59498131474)))","62976","5576","11976","17552","80528"
"MULTIPOLYGON (((8.6768062821597 50.6106219521961,8.67781575775186 50.6108458581548,8.67856542235669 50.6104423379371,8.678305604485 50.6098149148036,8.67729613958465 50.6095910123606,8.6765464818643 50.6099945295354,8.6768062821597 50.6106219521961)))","91552","2352","7252","9604","101156"
"MULTIPOLYGON (((8.72361870596925 50.6107384407275,8.72462858511546 50.6109619699621,8.72537816739064 50.6105580998864,8.72511786366617 50.609930703625,8.72410799523599 50.609707177901,8.72335841981438 50.6101110449279,8.72361870596925 50.6107384407275)))","12696","296","1296","1592","14288"
"MULTIPOLYGON (((8.72433524447188 50.5527563236823,8.72534429240593 50.5529798709684,8.72609325187886 50.552575555258,8.72583315657611 50.5519476953069,8.72482411934068 50.5517241515345,8.72407516670948 50.5521284641996,8.72433524447188 50.5527563236823)))","17762","1562","2362","3924","21686"
"MULTIPOLYGON (((8.66071144041697 50.5916636335706,8.66172050369472 50.5918876767221,8.66246999339175 50.5914841330978,8.66221041291984 50.5908565493617,8.66120136031981 50.5906325097286,8.66045187751413 50.5910360503133,8.66071144041697 50.5916636335706)))","270187","5787","20187","25974","296161"
"MULTIPOLYGON (((8.71406583310218 50.5744274397867,8.71507510572233 50.574651060862,8.71582431570129 50.5742469865584,8.71556424620743 50.5736192942249,8.71455498428724 50.5733956766632,8.71380578116105 50.5737997479215,8.71406583310218 50.5744274397867)))","197488","63788","107288","171076","368564"
"MULTIPOLYGON (((8.70203166634617 50.5962700740221,8.703041151187 50.5964937829619,8.7037906168603 50.5960899646871,8.7035305908279 50.5954624405177,8.70252111668748 50.5952387350916,8.70177165787918 50.5956425503212,8.70203166634617 50.5962700740221)))","904","0","404","404","1308"
"MULTIPOLYGON (((8.71258548067225 50.5951889886356,8.71359504044617 50.5954126131006,8.71434447566002 50.5950087075466,8.71408434424224 50.594381180574,8.71307479517386 50.5941575596217,8.71232536681784 50.5945614621292,8.71258548067225 50.5951889886356)))","411874","64474","144874","209348","621222"
"MULTIPOLYGON (((8.66789822455936 50.6223198158251,8.66890779269426 50.6225437886095,8.66965759871965 50.6221404240578,8.66939782971756 50.6215130897642,8.66838827227341 50.6212891204957,8.6676384731407 50.6216924820049,8.66789822455936 50.6223198158251)))","1156","256","456","712","1868"
"MULTIPOLYGON (((8.72215075911562 50.6138321122551,8.72316067041033 50.6140556520213,8.72391028852401 50.6136518164496,8.723649988488 50.6130244441606,8.72264008790951 50.612800907905,8.72189047665097 50.6132047404278,8.72215075911562 50.6138321122551)))","1423","0","123","123","1546"
"MULTIPOLYGON (((8.61502917839887 50.5786591348892,8.61603766055989 50.5788835504118,8.61678709118224 50.5784802504863,8.61652803272477 50.5778525380713,8.61551956121384 50.5776281260729,8.61477013751042 50.5780314229654,8.61502917839887 50.5786591348892)))","4296","0","196","196","4492"
"MULTIPOLYGON (((8.67005905140722 50.6142531905782,8.67106852148619 50.6144771493094,8.67181823705317 50.6140737072533,8.67155847565163 50.6134463095083,8.67054901626208 50.6132223542933,8.66979930758477 50.6136257933071,8.67005905140722 50.6142531905782)))","20826","426","1526","1952","22778"
"MULTIPOLYGON (((8.65310041554224 50.5865535410974,8.65410933955205 50.5867776475133,8.65485878789089 50.5863741221238,8.65459930532464 50.5857464933569,8.65359039198703 50.5855223904607,8.65284095054358 50.5859259128118,8.65310041554224 50.5865535410974)))","1429543","219543","318343","537886","1967429"
"MULTIPOLYGON (((8.70458557073651 50.5803071896788,8.7055948469278 50.5805308846207,8.70634413686787 50.5801269259805,8.70608414375659 50.579499275443,8.70507487826216 50.5792755840156,8.70432559518224 50.5796795396112,8.70458557073651 50.5803071896788)))","895131","38531","54231","92762","987893"
"MULTIPOLYGON (((8.67916598640996 50.5986088907589,8.68017530867275 50.5988327826743,8.68092484016092 50.5984291534999,8.68066504250592 50.5978016354525,8.67965573093247 50.5975777470532,8.67890620632484 50.5979813731852,8.67916598640996 50.5986088907589)))","1061365","5065","48565","53630","1114995"
"MULTIPOLYGON (((8.63019130013132 50.5643588155159,8.63119970663779 50.5645831149872,8.63194895737585 50.5641795928064,8.63168979470148 50.5635517741885,8.63068139884859 50.5633274782407,8.62993215501662 50.5637309973874,8.63019130013132 50.5643588155159)))","25432","2932","4132","7064","32496"
"MULTIPOLYGON (((8.71366948444344 50.582320148533,8.71467886762482 50.5825437695652,8.71542816290788 50.5821397581574,8.71516806815515 50.5815121287634,8.71415869567595 50.5812885112446,8.71340940724746 50.5816925196065,8.71366948444344 50.582320148533)))","1196","396","596","992","2188"
"MULTIPOLYGON (((8.63105342263267 50.5731026260495,8.63206196270055 50.5733269150804,8.63281130564265 50.5729234528187,8.63255210160976 50.572295704561,8.63154357219859 50.5720714190529,8.63079423616371 50.5724748782798,8.63105342263267 50.5731026260495)))","13225","125","225","350","13575"
"MULTIPOLYGON (((8.63661474308241 50.5754794459768,8.63762336534113 50.5757036893663,8.63837272398789 50.5753002034593,8.63811345347201 50.5746724771984,8.63710484187355 50.5744482373309,8.63635549013086 50.5748517202024,8.63661474308241 50.5754794459768)))","3118","0","7318","7318","10436"
"MULTIPOLYGON (((8.71758280569414 50.5740665047127,8.7185921032598 50.5742900976383,8.71934130307742 50.573885994249,8.71908119847915 50.5732583009799,8.71807191161518 50.5730347115677,8.71732271864789 50.5734388119112,8.71758280569414 50.5740665047127)))","188781","65081","91381","156462","345243"
"MULTIPOLYGON (((8.70193998025803 50.5894106352723,8.70294936521686 50.589634347768,8.70369875748385 50.5892304780799,8.70343875792843 50.5886028989408,8.70242938366787 50.5883791899593,8.70167999826456 50.5887830566027,8.70193998025803 50.5894106352723)))","481469","11969","41169","53138","534607"
"MULTIPOLYGON (((8.67215368827569 50.5816641030856,8.67316270554537 50.5818880583131,8.67391206773714 50.5814843529894,8.67365240577753 50.5808566954786,8.67264339918841 50.5806327437689,8.67189404387846 50.5810364460522,8.67215368827569 50.5816641030856)))","1123085","50385","106785","157170","1280255"
"MULTIPOLYGON (((8.70092959766767 50.6267939605837,8.70193951436172 50.6270176657653,8.70268930964406 50.6266140876918,8.70242918136071 50.6259868074838,8.70141927537589 50.6257631058144,8.7006694869653 50.6261666808408,8.70092959766767 50.6267939605837)))","183183","31383","55383","86766","269949"
"MULTIPOLYGON (((8.71091906385062 50.6022282700626,8.71192871105377 50.6024519050342,8.71267822476315 50.6020480654371,8.71241808440918 50.6014205939151,8.71140844791287 50.601196962456,8.7106589410638 50.6016007990064,8.71091906385062 50.6022282700626)))","39916","2616","5716","8332","48248"
"MULTIPOLYGON (((8.61702758801465 50.5568680861743,8.61803577308946 50.5570924943775,8.61878496664401 50.5566890140316,8.61852596821054 50.5560611285145,8.61751779378018 50.5558367238365,8.61676860713892 50.5562402011505,8.61702758801465 50.5568680861743)))","32642","442","1942","2384","35026"
"MULTIPOLYGON (((8.65803371396948 50.6184216109136,8.659043140875 50.6186456646361,8.65979292250958 50.6182423443924,8.65953327034032 50.6176149734672,8.65852385411928 50.617390923262,8.6577740793831 50.6177942404647,8.65803371396948 50.6184216109136)))","340920","320","1820","2140","343060"
"MULTIPOLYGON (((8.72803075523135 50.5837908049926,8.72904028276933 50.5840143098513,8.72978956808412 50.5836102020347,8.72952931901568 50.5829825924072,8.72851980218777 50.5827590910602,8.72777052371832 50.583163195829,8.72803075523135 50.5837908049926)))","3145","245","545","790","3935"
"MULTIPOLYGON (((8.71159373797976 50.6149132856833,8.71260357435825 50.6151369099746,8.71335322299623 50.6147331617054,8.71309302839353 50.6141057921926,8.71208320272618 50.6138821714129,8.7113335609505 50.6142859166345,8.71159373797976 50.6149132856833)))","64100","12000","13400","25400","89500"
"MULTIPOLYGON (((8.67491376950692 50.5617531307054,8.67592252315705 50.5619770718166,8.67667166706362 50.5615731946456,8.67641205044407 50.560945379403,8.67540330746985 50.5607214418105,8.67465417043938 50.561125315942,8.67491376950692 50.5617531307054)))","1113","0","113","113","1226"
"MULTIPOLYGON (((8.73662796698034 50.5868337789335,8.73763761213141 50.5870572133394,8.73838691462366 50.5866530642379,8.73812656512465 50.5860254837795,8.73711693068899 50.5858020528841,8.73636763503701 50.5862061989366,8.73662796698034 50.5868337789335)))","1480","180","680","860","2340"
"MULTIPOLYGON (((8.6479699900172 50.5586187751028,8.64897846679089 50.558842934036,8.64972762475051 50.5584392350106,8.64946829904328 50.557811380088,8.64845983293058 50.5575872246767,8.64771068186423 50.5579909206661,8.6479699900172 50.5586187751028)))","456848","17448","49348","66796","523644"
"MULTIPOLYGON (((8.70937203856233 50.5807979439498,8.71038136290309 50.5810216001827,8.71113064955328 50.5806176094102,8.71087060500568 50.5799899654501,8.7098612913644 50.5797663127311,8.70911201157134 50.5801703004584,8.70937203856233 50.5807979439498)))","127750","6350","10950","17300","145050"
"MULTIPOLYGON (((8.67671706613056 50.6037643169184,8.67772644184097 50.6039882264144,8.67847603299938 50.603584654759,8.67821624156431 50.6029571766501,8.67720687654354 50.6027332706702,8.67645729226829 50.6031368392832,8.67671706613056 50.6037643169184)))","208581","4981","6681","11662","220243"
"MULTIPOLYGON (((8.69213114933471 50.6276928954704,8.69314100347473 50.6279166710812,8.69389082411721 50.6275131657678,8.69363078374206 50.6268858878895,8.692620940307 50.6266621157916,8.69187112654225 50.6270656180591,8.69213114933471 50.6276928954704)))","21516","816","1016","1832","23348"
"MULTIPOLYGON (((8.65944283744765 50.5908119966157,8.66045187751413 50.5910360503133,8.66120136031981 50.5906325097286,8.66094179616712 50.5900049184859,8.65993276677739 50.5897808683071,8.65918329086375 50.5901844058522,8.65944283744765 50.5908119966157)))","722734","26834","86834","113668","836402"
"MULTIPOLYGON (((8.66523307748022 50.5715766852012,8.66624188965866 50.5718007001628,8.66699115597509 50.5713969701119,8.66673160322875 50.5707692281385,8.66572280172417 50.570545216696,8.66497354229218 50.5709489437079,8.66523307748022 50.5715766852012)))","531940","33640","87740","121380","653320"
"MULTIPOLYGON (((8.67758571321866 50.6125041891657,8.67859522271983 50.6127280880799,8.67934490614617 50.6123245763242,8.67908507318715 50.6116971686975,8.67807557437876 50.6114732732988,8.67732589783677 50.6118767820114,8.67758571321866 50.6125041891657)))","9037","337","1337","1674","10711"
"MULTIPOLYGON (((8.72959225002146 50.5875563514173,8.73060184533159 50.5877798421578,8.73135116821247 50.5873757512402,8.73109088893827 50.5867481726303,8.73008130434014 50.5865246854011,8.72933198830432 50.5869287732705,8.72959225002146 50.5875563514173)))","22467","4967","7767","12734","35201"
"MULTIPOLYGON (((8.67878700086285 50.5888360673255,8.67979617869925 50.5890599662888,8.68054560602747 50.5886562657215,8.68028584864052 50.5880286692328,8.67927668149028 50.5878047737862,8.67852726104097 50.5882084713117,8.67878700086285 50.5888360673255)))","1429526","156926","318326","475252","1904778"
"MULTIPOLYGON (((8.67900844262823 50.5672232995825,8.680017310376 50.5674472055592,8.68076650562507 50.5670433392261,8.68050682625202 50.5664155699568,8.6794979691839 50.5661916674981,8.67874878080933 50.5665955307907,8.67900844262823 50.5672232995825)))","12074","0","1474","1474","13548"
"MULTIPOLYGON (((8.67186447733002 50.5787497332273,8.67287345004131 50.5789736919655,8.67362278150021 50.5785699666788,8.67336313336648 50.5779422856943,8.6723541713347 50.5777183304741,8.67160484675724 50.5781220527205,8.67186447733002 50.5787497332273)))","1429566","108366","247566","355932","1785498"
"MULTIPOLYGON (((8.69345404248699 50.5755590635657,8.69446315459289 50.5757828499877,8.6952124134887 50.5753789386959,8.69495255341213 50.5747512440251,8.69394345199592 50.574527461119,8.69319419996671 50.574931369368,8.69345404248699 50.5755590635657)))","100548","17348","28848","46196","146744"
"MULTIPOLYGON (((8.73359910278739 50.5861634264006,8.73460871230791 50.5863868854638,8.73535801305802 50.5859827539571,8.7350976974456 50.5853551664358,8.73408809863872 50.5851317108835,8.73333880473076 50.5855358393417,8.73359910278739 50.5861634264006)))","26588","3688","32988","36676","63264"
"MULTIPOLYGON (((8.71795575191998 50.6015072797771,8.71896544905907 50.6017308584167,8.71971494243441 50.6013269606276,8.71945473181533 50.6006994872466,8.7184450453865 50.6004759121187,8.71769555886664 50.6008798068602,8.71795575191998 50.6015072797771)))","8830","230","1330","1560","10390"
"MULTIPOLYGON (((8.67578166062492 50.5704979656473,8.67679054790195 50.5707218962408,8.67753978396714 50.5703180789474,8.67728012587816 50.5696903341009,8.67627124928014 50.5694664070256,8.6755220200922 50.5698702212787,8.67578166062492 50.5704979656473)))","105814","4514","20414","24928","130742"
"MULTIPOLYGON (((8.67037182971351 50.5995071477941,8.671381089365 50.5997311100654,8.67213064610081 50.5993275536201,8.67187093629869 50.598700037945,8.67086168733228 50.5984760791908,8.67011213748301 50.5988796325947,8.67037182971351 50.5995071477941)))","74030","3230","5230","8460","82490"
"MULTIPOLYGON (((8.73555500721025 50.5820364474341,8.73656457387655 50.5822598924537,8.73731382687186 50.5818557149598,8.73705350636097 50.5812280954948,8.73604395040806 50.5810046539861,8.73529470425279 50.5814088284315,8.73555500721025 50.5820364474341)))","2420","0","1020","1020","3440"
"MULTIPOLYGON (((8.69461471568527 50.5872168227661,8.69562400608011 50.5874405950897,8.69637338788612 50.5870367636242,8.6961134724293 50.5864091628787,8.69510419272831 50.5861853940701,8.6943548177904 50.586589222492,8.69461471568527 50.5872168227661)))","529835","11835","67735","79570","609405"
"MULTIPOLYGON (((8.69365332842663 50.5716126932051,8.69466238528137 50.5718364796315,8.69541160152883 50.5714325368855,8.69515175405598 50.5708048107557,8.69414270788982 50.5705810278453,8.69339349850805 50.5709849675488,8.69365332842663 50.5716126932051)))","757500","123300","171800","295100","1052600"
"MULTIPOLYGON (((8.64177227560447 50.5857465626247,8.64278109046335 50.5859707604173,8.64353055012748 50.5855673138147,8.64327118803011 50.5849396724566,8.64226238383731 50.584715478185,8.64151293107587 50.5851189217506,8.64177227560447 50.5857465626247)))","5484","384","484","868","6352"
"MULTIPOLYGON (((8.63900229370527 50.605648193552,8.64001137215303 50.6058724055125,8.6407610502411 50.6054691308613,8.64050164297303 50.6048416472876,8.639492575196 50.6046174388472,8.63874290401638 50.6050207104605,8.63900229370527 50.605648193552)))","100136","10836","26336","37172","137308"
"MULTIPOLYGON (((8.6316615567709 50.5612647452418,8.63266993131684 50.5614890341427,8.6334191463183 50.5610854774529,8.63315997986941 50.5604576348963,8.63215161597687 50.5602333495189,8.63140240787994 50.5606369031746,8.6316615567709 50.5612647452418)))","52707","3707","4907","8614","61321"
"MULTIPOLYGON (((8.73222670115178 50.5961184365734,8.73323644274453 50.5963419025737,8.7339858527075 50.5959378569519,8.73372551423284 50.595310348379,8.73271578335611 50.5950868858891,8.73196638023813 50.5954909284619,8.73222670115178 50.5961184365734)))","297398","19798","222998","242796","540194"
"MULTIPOLYGON (((8.69091621910747 50.5738560631589,8.69192528484315 50.5740798706857,8.69267453000514 50.5736759654793,8.69241470256358 50.5730482557887,8.69140564751572 50.5728244517782,8.69065640922168 50.5732283539421,8.69091621910747 50.5738560631589)))","1429523","87123","278623","365746","1795269"
"MULTIPOLYGON (((8.65482659284996 50.5441752965796,8.65583492037513 50.5443994062062,8.65658391156492 50.543995546183,8.65632456834375 50.5433675795692,8.65531625147869 50.5431434734646,8.65456726717481 50.5435473304518,8.65482659284996 50.5441752965796)))","2563","463","563","1026","3589"
"MULTIPOLYGON (((8.73545299184309 50.592843101414,8.73646271374887 50.5930665427971,8.73721208278666 50.5926624481334,8.73695172307657 50.5920349151359,8.73594201188744 50.5918114772631,8.73519264969188 50.5922155688776,8.73545299184309 50.592843101414)))","66014","4114","28214","32328","98342"
"MULTIPOLYGON (((8.64995852464714 50.5966847068003,8.650967567929 50.5969088343491,8.65171713049773 50.5965054094648,8.65145764288525 50.5958778600704,8.65044861027701 50.595653736041,8.64969905460775 50.5960571578866,8.64995852464714 50.5966847068003)))","42910","1410","3110","4520","47430"
"MULTIPOLYGON (((8.70190893989993 50.6247322315473,8.70291883517558 50.6249559297046,8.7036686065643 50.6245523286215,8.7034084758068 50.623925032428,8.70239859124026 50.6237013377828,8.70164882672222 50.624104935819,8.70190893989993 50.6247322315473)))","9140","1240","1740","2980","12120"
"MULTIPOLYGON (((8.65811350581367 50.5654343173687,8.65912216814863 50.5656583920407,8.6598713812302 50.5652546687195,8.659611925089 50.5646268737641,8.65860327342235 50.5644028026124,8.65785406722871 50.5648065228959,8.65811350581367 50.5654343173687)))","1197605","41305","51305","92610","1290215"
"MULTIPOLYGON (((8.66111370890233 50.5837732526299,8.66212266170336 50.5839972957592,8.66287206606247 50.5835936891925,8.66261251073113 50.5829660425359,8.66160356860556 50.5827420029256,8.66085417113598 50.583145606453,8.66111370890233 50.5837732526299)))","163320","14020","28520","42540","205860"
"MULTIPOLYGON (((8.71835173440147 50.5936165854353,8.71936132090943 50.593840164145,8.72011072893473 50.5934362034513,8.71985054359851 50.5928086670952,8.71884096779858 50.5925850918976,8.71809156662698 50.5929890495442,8.71835173440147 50.5936165854353)))","177369","41869","318369","360238","537607"
"MULTIPOLYGON (((8.66425358948479 50.573639563761,8.66526242301118 50.5738635857611,8.6660117131713 50.5734598787129,8.66575216291964 50.5728321527038,8.66474334006725 50.5726081342229,8.66399405679262 50.5730118382321,8.66425358948479 50.573639563761)))","968074","276374","291674","568048","1536122"
"MULTIPOLYGON (((8.65566447024507 50.5705915989147,8.65667318592261 50.5708156911884,8.65742245859824 50.5704120253744,8.65716300870592 50.5697842703247,8.65615430369699 50.5695601815713,8.65540503791193 50.5699638443475,8.65566447024507 50.5705915989147)))","481304","79904","97804","177708","659012"
"MULTIPOLYGON (((8.67526981293132 50.5891955846949,8.67627896573486 50.5894195117956,8.67702840316305 50.5890158403164,8.67676868090654 50.588388244778,8.67575953878743 50.5881643211944,8.67501010824053 50.5885679896322,8.67526981293132 50.5891955846949)))","1429532","206732","318332","525064","1954596"
"MULTIPOLYGON (((8.73046755696432 50.5962989875614,8.73147728609185 50.5965224676476,8.73222670115178 50.5961184365734,8.73196638023813 50.5954909284619,8.73095666182573 50.5952674518864,8.730207253612 50.5956714799117,8.73046755696432 50.5962989875614)))","20840","4740","23040","27780","48620"
"MULTIPOLYGON (((8.70265886810957 50.5490920136687,8.70366767735432 50.549315736803,8.70441663634056 50.5489115556634,8.70415677922687 50.5482836544319,8.70314798066846 50.548059934814,8.70239902853755 50.5484641129113,8.70265886810957 50.5490920136687)))","17129","1529","7229","8758","25887"
"MULTIPOLYGON (((8.7127709871131 50.6089064930922,8.71378074673867 50.6091301103985,8.71453032879534 50.6087263076658,8.71427014436616 50.6080988906742,8.71326039545048 50.6078752768797,8.71251082025417 50.6082790765651,8.7127709871131 50.6089064930922)))","1429546","5846","117046","122892","1552438"
"MULTIPOLYGON (((8.6987291777842 50.5750186031212,8.69973832736805 50.5752423473339,8.70048757107148 50.5748383924153,8.70022765832823 50.5742106963276,8.69921851943659 50.5739869556303,8.69846928259617 50.5743909075054,8.6987291777842 50.5750186031212)))","186036","7936","37636","45572","231608"
"MULTIPOLYGON (((8.64624193529765 50.5411261499339,8.64725014503686 50.5413503297531,8.64799911871611 50.5409465109402,8.64773987576534 50.540318515343,8.6467316766809 50.5400943390469,8.64598270989259 50.540498154825,8.64624193529765 50.5411261499339)))","38879","4679","6279","10958","49837"
"MULTIPOLYGON (((8.67582652776325 50.6126837733829,8.6768360247392 50.6129076863729,8.67758571321866 50.6125041891657,8.67732589783677 50.6118767820114,8.67631641155273 50.611652872537,8.67556672995878 50.6120563667013,8.67582652776325 50.6126837733829)))","16600","400","2100","2500","19100"
"MULTIPOLYGON (((8.67667166706362 50.5615731946456,8.67768043322156 50.5617971216968,8.67842957208313 50.5613932299869,8.67816993791197 50.5607654142656,8.67716118243074 50.5605414907329,8.67641205044407 50.560945379403,8.67667166706362 50.5615731946456)))","25041","141","241","382","25423"
"MULTIPOLYGON (((8.66057190917893 50.6201244261577,8.66158138254494 50.6203484587681,8.66233117797434 50.6199451324417,8.66207149314077 50.6193177765464,8.66106203046107 50.6190937474528,8.66031224192873 50.6194970707377,8.66057190917893 50.6201244261577)))","215246","11346","12946","24292","239538"
"MULTIPOLYGON (((8.68317340065097 50.5972182138783,8.68418273725457 50.5974420741327,8.68493224669966 50.5970384043634,8.68467241266366 50.5964108773826,8.68366308675108 50.596187020644,8.6829135841836 50.5965906873705,8.68317340065097 50.5972182138783)))","1134976","58776","215976","274752","1409728"
"MULTIPOLYGON (((8.68386297392363 50.5922419088016,8.68487224456298 50.5924657655489,8.6856216994 50.5920620528124,8.68536187672158 50.5914344863713,8.68435261677205 50.59121063314,8.68360316881125 50.5916143428339,8.68386297392363 50.5922419088016)))","96186","2586","8186","10772","106958"
"MULTIPOLYGON (((8.67838666123617 50.5967263225374,8.6793959496034 50.5969502214923,8.68014546227827 50.596546583857,8.67988567970539 50.5959190503091,8.67887640202657 50.5956951548706,8.67812689623236 50.5960987894636,8.67838666123617 50.5967263225374)))","613911","8911","27511","36422","650333"
"MULTIPOLYGON (((8.73897118108854 50.5924817662194,8.73998092791057 50.5927051794296,8.74073028674551 50.5923010556716,8.74046989191871 50.5916735217531,8.73946015581505 50.5914501120528,8.73871080381993 50.5918542327612,8.73897118108854 50.5924817662194)))","7638","138","2338","2476","10114"
"MULTIPOLYGON (((8.66916756044818 50.6231711149118,8.67017715181128 50.6233950771354,8.67092696472868 50.6229917095409,8.67066717939107 50.6223643827657,8.66965759871965 50.6221404240578,8.66890779269426 50.6225437886095,8.66916756044818 50.6231711149118)))","1001","301","401","702","1703"
"MULTIPOLYGON (((8.69024576818438 50.5611644811335,8.69125464502389 50.5613882992068,8.69200375539555 50.5609843026821,8.69174398206194 50.5603564911258,8.69073511590604 50.5601326765696,8.6899860124003 50.5605366700528,8.69024576818438 50.5611644811335)))","86466","30666","263366","294032","380498"
"MULTIPOLYGON (((8.61241138621996 50.5700951468425,8.6134197222529 50.5703195868297,8.61416906563615 50.5699162415054,8.61391006606764 50.5692884592263,8.6129017406808 50.5690640227641,8.61215240421649 50.5694673650562,8.61241138621996 50.5700951468425)))","5417","1017","4817","5834","11251"
"MULTIPOLYGON (((8.69220308010692 50.5570371460099,8.69321191421235 50.5572609500147,8.6939609768954 50.5568569075005,8.6937011986094 50.5562290640229,8.69269237518736 50.5560052635352,8.69194331936808 50.5564093030079,8.69220308010692 50.5570371460099)))","1449","0","549","549","1998"
"MULTIPOLYGON (((8.72070424266481 50.5815984153011,8.72171367574275 50.5818219800227,8.7224629506941 50.5814179104375,8.72220278571787 50.5807902791775,8.72119336334551 50.5805667179684,8.72044409524392 50.580970784507,8.72070424266481 50.5815984153011)))","9394","0","494","494","9888"
"MULTIPOLYGON (((8.67351123017092 50.5893753004613,8.67452037045535 50.5895992416301,8.67526981293132 50.5891955846949,8.67501010824053 50.5885679896322,8.67400097863968 50.5883440519807,8.6732515430462 50.5887477058748,8.67351123017092 50.5893753004613)))","1429568","29368","184468","213836","1643404"
"MULTIPOLYGON (((8.66803478055798 50.5938593250289,8.66904393852694 50.594083308403,8.66979343881084 50.5936797265692,8.66953377423896 50.5930521644023,8.66852462695214 50.5928281845459,8.6677751335552 50.5932317633388,8.66803478055798 50.5938593250289)))","116862","1362","7362","8724","125586"
"MULTIPOLYGON (((8.71296929773978 50.6049617281418,8.71397900204062 50.6051853454845,8.71472854141022 50.6047815112945,8.71446836961965 50.6041540628091,8.71345867602757 50.6039304489785,8.71270914351742 50.6043342801213,8.71296929773978 50.6049617281418)))","334641","5241","9641","14882","349523"
"MULTIPOLYGON (((8.73789796040629 50.5876847858112,8.73890762872944 50.5879082096428,8.73965693806127 50.5875040574921,8.73939657223048 50.5868764845591,8.73838691462366 50.5866530642379,8.73763761213141 50.5870572133394,8.73789796040629 50.5876847858112)))","2125","125","425","550","2675"
"MULTIPOLYGON (((8.67366808700239 50.5432284388806,8.67467656283363 50.5434523974646,8.67542551057624 50.5430483890537,8.67516597561443 50.5424204250972,8.67415751045277 50.5421964700331,8.67340856958344 50.5426004754057,8.67366808700239 50.5432284388806)))","110903","3103","12303","15406","126309"
"MULTIPOLYGON (((8.63580478444542 50.5912599540317,8.63681362752329 50.5914841975457,8.63756315683466 50.5910808375557,8.63730383616063 50.5904532370883,8.63629500374746 50.5902289970956,8.63554548134377 50.5906323540491,8.63580478444542 50.5912599540317)))","13406","106","2106","2212","15618"
"MULTIPOLYGON (((8.66728012578409 50.5743116051589,8.66828899502974 50.574535602556,8.66903828703577 50.5741318779278,8.66877870291264 50.5735041589419,8.66776984434274 50.5732801650635,8.66702055922033 50.5736838866524,8.66728012578409 50.5743116051589)))","205155","28955","38955","67910","273065"
"MULTIPOLYGON (((8.66356287568562 50.5786168092416,8.66457177510989 50.578840834776,8.66532111984739 50.5784371706961,8.66506155827383 50.5778094841211,8.66405266952474 50.5775854621057,8.66330333167415 50.5779891231464,8.66356287568562 50.5786168092416)))","1429520","183820","318320","502140","1931660"
"MULTIPOLYGON (((8.62586397329062 50.5804995688442,8.62687257539392 50.580723896587,8.62762200675878 50.5803205293999,8.62736282910833 50.5796928375047,8.62635423766131 50.579468513285,8.62560481320858 50.5798718774374,8.62586397329062 50.5804995688442)))","258767","667","4067","4734","263501"
"MULTIPOLYGON (((8.67885505443423 50.6133554877167,8.67986458715248 50.6135793760699,8.68061427746246 50.6131758612709,8.68035442817072 50.6125484611621,8.67934490614617 50.6123245763242,8.67859522271983 50.6127280880799,8.67885505443423 50.6133554877167)))","46439","2539","147739","150278","196717"
"MULTIPOLYGON (((8.65708025333966 50.6028253742137,8.65808944661795 50.6030494420015,8.65883906249993 50.6026460103867,8.65857947820778 50.602018514024,8.6575702956087 50.6017944497545,8.65682068662268 50.6021978783294,8.65708025333966 50.6028253742137)))","5986","486","1286","1772","7758"
"MULTIPOLYGON (((8.72147414034119 50.601146612846,8.7224838624374 50.6013701633171,8.72323334563698 50.6009662364319,8.7229730998874 50.6003387621236,8.72196338850316 50.600115215164,8.72121391215667 50.6005191390012,8.72147414034119 50.601146612846)))","5452","152","1052","1204","6656"
"MULTIPOLYGON (((8.72833125845617 50.5690360765569,8.72934057553056 50.5692595850508,8.73008970218764 50.5688553629633,8.72982950492818 50.5682276354288,8.72882019855947 50.5680041304473,8.72807107874466 50.568408349488,8.72833125845617 50.5690360765569)))","139590","75790","88890","164680","304270"
"MULTIPOLYGON (((8.68009799822407 50.5543508582059,8.68110668964621 50.5545747606271,8.68185574507213 50.5541707884287,8.68159610220481 50.5535429168488,8.68058742145901 50.5533190179462,8.67983837290431 50.5537229871048,8.68009799822407 50.5543508582059)))","101083","4183","12883","17066","118149"
"MULTIPOLYGON (((8.69800777084046 50.6153222524948,8.69901749652509 50.615545985949,8.69976717383748 50.6151423425771,8.69950711859391 50.614514968797,8.69849740361348 50.6142912388558,8.69774773317251 50.6146948791818,8.69800777084046 50.6153222524948)))","41531","6031","8231","14262","55793"
"MULTIPOLYGON (((8.6351443676594 50.5785729549951,8.63615302189933 50.5787972089509,8.63690241630001 50.578393757557,8.63664314955525 50.5777660552429,8.63563450597577 50.5775418048092,8.63488511848073 50.5779452531675,8.6351443676594 50.5785729549951)))","56372","5872","8372","14244","70616"
"MULTIPOLYGON (((8.66064977976978 50.567138022627,8.66165848849474 50.5673620762257,8.66240771535011 50.5669583468284,8.66214822659408 50.5663305668707,8.66113952853924 50.566106516792,8.66039030857046 50.5665102431511,8.66064977976978 50.567138022627)))","71892","8692","24992","33684","105576"
"MULTIPOLYGON (((8.67402354474911 50.5706778237443,8.67503241951421 50.5709017684002,8.67578166062492 50.5704979656473,8.6755220200922 50.5698702212787,8.67451315600523 50.5696462801411,8.67376392177297 50.5700500798539,8.67402354474911 50.5706778237443)))","316744","33844","61444","95288","412032"
"MULTIPOLYGON (((8.66745663854907 50.5880314811325,8.66846570737865 50.5882554715331,8.66921514617541 50.5878518497671,8.66895550925658 50.5872242406408,8.66794645110704 50.5870002537581,8.66719701919645 50.5874038724839,8.66745663854907 50.5880314811325)))","1429582","241082","318382","559464","1989046"
"MULTIPOLYGON (((8.71531091229299 50.6106085276087,8.71632071831458 50.6108321237677,8.71707031408997 50.6104283149397,8.71681009698485 50.6098009130005,8.71580030167494 50.6095773203529,8.7150507127586 50.6099811261332,8.71531091229299 50.6106085276087)))","509234","22934","54234","77168","586402"
"MULTIPOLYGON (((8.65410795153055 50.5668249941134,8.65511659947526 50.5670491004176,8.65586583453283 50.5666454176756,8.65560641475502 50.5660176316666,8.65459777747698 50.565793528883,8.65384854931024 50.5661972085878,8.65410795153055 50.5668249941134)))","1429519","285419","318319","603738","2033257"
"MULTIPOLYGON (((8.70857813995463 50.596580844433,8.70958768546201 50.596804500571,8.71033714277289 50.5964006356108,8.71007704771577 50.5957731175585,8.70906751291228 50.5955494649335,8.70831806246216 50.5959533268477,8.70857813995463 50.596580844433)))","142790","45590","318390","363980","506770"
"MULTIPOLYGON (((8.63108682876841 50.5554347088237,8.63209511429901 50.5556590046757,8.6328442678498 50.5552554080441,8.63258512896633 50.5546275185943,8.63157685408706 50.5544032262661,8.63082770744003 50.554806819864,8.63108682876841 50.5554347088237)))","105369","1669","10269","11938","117307"
"MULTIPOLYGON (((8.72381642059529 50.6067936447238,8.7248262444022 50.6070171740034,8.72557578398925 50.6066132724741,8.72531549291685 50.6059858447137,8.72430567982483 50.6057623189449,8.72355614709045 50.6061662174257,8.72381642059529 50.6067936447238)))","47793","293","893","1186","48979"
"MULTIPOLYGON (((8.69171377186685 50.5580690090074,8.6927226166557 50.5582928165294,8.69347169126052 50.5578887855122,8.69321191421235 50.5572609500147,8.69220308010692 50.5570371460099,8.69145401236642 50.5574411739855,8.69171377186685 50.5580690090074)))","38044","2744","7244","9988","48032"
"MULTIPOLYGON (((8.73252637846501 50.5813660630681,8.73353590950405 50.5815895327411,8.73428516075591 50.5811853728405,8.7340248741269 50.5805577463152,8.73301535379949 50.5803342801536,8.73226610938956 50.580738437006,8.73252637846501 50.5813660630681)))","9241","141","341","482","9723"
"MULTIPOLYGON (((8.60615750969612 50.5726937908697,8.60716582928785 50.572918280041,8.60791521146376 50.5725150013424,8.60765626712451 50.5718872365042,8.60664795817646 50.5716627508586,8.60589858292412 50.5720660265256,8.60615750969612 50.5726937908697)))","541","0","241","241","782"
"MULTIPOLYGON (((8.66275885072618 50.5943979487376,8.66376797110584 50.5946219743128,8.66451748651241 50.5942184361126,8.66425787464885 50.5935908753774,8.66324876494877 50.5933668533204,8.66249925643278 50.5937703884805,8.66275885072618 50.5943979487376)))","828277","11477","301277","312754","1141031"
"MULTIPOLYGON (((8.71082649308857 50.5953692410977,8.71183604037819 50.595592879643,8.71258548067225 50.5951889886356,8.71232536681784 50.5945614621292,8.71131583023294 50.5943378270968,8.71056639679787 50.594741715058,8.71082649308857 50.5953692410977)))","706285","207885","223785","431670","1137955"
"MULTIPOLYGON (((8.70250574604382 50.6129002971881,8.70351547532325 50.6131239954508,8.70426511860384 50.6127202999726,8.7040050257372 50.6120929092779,8.70299530716357 50.611869214528,8.70224567075092 50.6122729069599,8.70250574604382 50.6129002971881)))","514357","87357","128257","215614","729971"
"MULTIPOLYGON (((8.66846022141677 50.5683024610875,8.66946901409212 50.5685264514317,8.67021823960598 50.5681226723382,8.66995866556294 50.5674949059398,8.66894988356209 50.5672709191146,8.6682006649299 50.5676746951689,8.66846022141677 50.5683024610875)))","1429574","6674","25874","32548","1462122"
"MULTIPOLYGON (((8.70819499203791 50.5868070776355,8.7092043930627 50.5870307408749,8.70995374623975 50.586626804552,8.70969369153309 50.5859992080351,8.70868430120901 50.5857755483093,8.70793495489103 50.5861794815869,8.70819499203791 50.5868070776355)))","17218","1918","4918","6836","24054"
"MULTIPOLYGON (((8.66607526320672 50.5979836920574,8.66708446390485 50.5982076895018,8.66783401190966 50.5978041536844,8.6675743523274 50.5971766234634,8.66656516231166 50.5969526295365,8.66581562119593 50.5973561623132,8.66607526320672 50.5979836920574)))","24390","390","1190","1580","25970"
"MULTIPOLYGON (((8.72186973085787 50.593255792839,8.72287934231653 50.5934793433847,8.72362874016767 50.5930753535978,8.723368519709 50.5924478163128,8.72235891896012 50.5922242692788,8.72160952796025 50.5926282560182,8.72186973085787 50.593255792839)))","114435","46135","53535","99670","214105"
"MULTIPOLYGON (((8.67931913732771 50.5524672294237,8.68032779489713 50.5526911388661,8.68107683153402 50.5522871582097,8.68081720373024 50.5516592711507,8.67980855683616 50.5514353652272,8.67905952707065 50.5518393428439,8.67931913732771 50.5524672294237)))","114515","4315","12515","16830","131345"
"MULTIPOLYGON (((8.66361326135145 50.5432762587542,8.66462165146568 50.5435002981316,8.66537061751347 50.5430963654342,8.66511118656722 50.5424683963965,8.66410280711741 50.5422443605401,8.66335384794954 50.5426482902005,8.66361326135145 50.5432762587542)))","3327","227","327","554","3881"
"MULTIPOLYGON (((8.69423360020759 50.5774421151712,8.69524274618918 50.5776658945552,8.69599202387973 50.5772619917198,8.69573214872235 50.5766343125434,8.69472301343143 50.576410536675,8.69397374260733 50.5768144364675,8.69423360020759 50.5774421151712)))","102118","10318","24118","34436","136554"
"MULTIPOLYGON (((8.71444974621789 50.5842030043067,8.71545916328238 50.584426618288,8.71620847735421 50.5840226153328,8.71594836750729 50.5833950014422,8.71493896114596 50.583171390974,8.71418965392854 50.5835753908832,8.71444974621789 50.5842030043067)))","3022","322","1322","1644","4666"
"MULTIPOLYGON (((8.63379154645614 50.5708609892861,8.63480007776424 50.5710852572203,8.63554939186532 50.5706817574116,8.63529016775342 50.5700539927036,8.63428164710273 50.569829728292,8.63353233990664 50.5702332250658,8.63379154645614 50.5708609892861)))","2427","0","327","327","2754"
"MULTIPOLYGON (((8.72343105396193 50.5970209051873,8.72444073321058 50.5972444416129,8.72519016864385 50.5968404687288,8.72492991797759 50.5962129624671,8.7239202494407 50.5959894295528,8.72317082085839 50.596393399389,8.72343105396193 50.5970209051873)))","6259","1759","21759","23518","29777"
"MULTIPOLYGON (((8.70715253351414 50.5466668318285,8.70816134633284 50.5468905198028,8.70891027134216 50.5464862865986,8.70865037668105 50.5458583684629,8.70764157455025 50.5456346840047,8.70689265639281 50.5460389141662,8.70715253351414 50.5466668318285)))","1298","0","298","298","1596"
"MULTIPOLYGON (((8.69631613453744 50.5448336609902,8.69732482796589 50.5450574368499,8.69807375266886 50.5446532709199,8.69781397708484 50.5440253321715,8.69680529433816 50.5438015598292,8.69605637649384 50.544205722718,8.69631613453744 50.5448336609902)))","1127","0","127","127","1254"
"MULTIPOLYGON (((8.68774155038327 50.6193140712825,8.68875124562013 50.6195378856863,8.68950098409698 50.619134349578,8.68924102045811 50.6185070021108,8.68823133592137 50.618283191221,8.68748160432349 50.6186867242845,8.68774155038327 50.6193140712825)))","45592","0","2392","2392","47984"
"MULTIPOLYGON (((8.71786248783479 50.5946480594861,8.71887208505086 50.594871641708,8.71962150501525 50.5944676925138,8.71936132090943 50.593840164145,8.71835173440147 50.5936165854353,8.71760232129129 50.5940205315823,8.71786248783479 50.5946480594861)))","8604","2504","48404","50908","59512"
"MULTIPOLYGON (((8.64197445282852 50.5818013882485,8.64298321247588 50.5820255860143,8.64373262947392 50.5816221079345,8.64347327992292 50.5809944351258,8.64246453094055 50.5807702408812,8.64171512084429 50.5811737159243,8.64197445282852 50.5818013882485)))","29984","784","1684","2468","32452"
"MULTIPOLYGON (((8.68159392244045 50.6111139889501,8.68260344629205 50.6113378561962,8.68335310766953 50.6109343038387,8.68309323831408 50.6103068872787,8.68208372515687 50.6100830235478,8.68133407066083 50.6104865728618,8.68159392244045 50.6111139889501)))","37073","3173","8373","11546","48619"
"MULTIPOLYGON (((8.70669836561674 50.6252233561705,8.70770830910972 50.6254470155778,8.70845807721063 50.6250433823434,8.70819789495113 50.6244160927495,8.70718796216987 50.6241924368538,8.70643820093656 50.6245960670405,8.70669836561674 50.6252233561705)))","257044","22544","33844","56388","313432"
"MULTIPOLYGON (((8.72266064640401 50.577471509076,8.72367003665994 50.5776950597473,8.72441926387225 50.5772909441728,8.72415909398108 50.5766632809736,8.72314971443047 50.5764397338149,8.72240049406581 50.5768438463428,8.72266064640401 50.577471509076)))","597","0","1197","1197","1794"
"MULTIPOLYGON (((8.62173807719609 50.592691856262,8.62274681975241 50.5929162122258,8.62349638914049 50.5925129685766,8.62323720905511 50.5918853719985,8.62222847715661 50.5916610195574,8.62147891468582 50.5920642601718,8.62173807719609 50.592691856262)))","3675","0","175","175","3850"
"MULTIPOLYGON (((8.61915526803692 50.5664647791199,8.62016360983631 50.5666891663967,8.62091290250021 50.5662857429446,8.62065384645103 50.5656579352486,8.61964551530014 50.5654335514963,8.61889622955002 50.5658369719156,8.61915526803692 50.5664647791199)))","6973","573","673","1246","8219"
"MULTIPOLYGON (((8.69492223151635 50.5724641977786,8.69593131155342 50.5726879736528,8.69668053466588 50.572284027864,8.69642067087639 50.5716563092438,8.69541160152883 50.5714325368855,8.69466238528137 50.5718364796315,8.69492223151635 50.5724641977786)))","1429583","14283","276483","290766","1720349"
"MULTIPOLYGON (((8.67520304197884 50.564668189505,8.6762118401674 50.5648921271119,8.67696101479104 50.5644882698996,8.67670138434974 50.5638604781204,8.6756925968381 50.563636544032,8.67494342909096 50.5640403982045,8.67520304197884 50.564668189505)))","1177953","9053","262853","271906","1449859"
"MULTIPOLYGON (((8.7221403481729 50.6314900426818,8.72315051482781 50.6317135751708,8.72390032256883 50.6313098738867,8.72363995679641 50.6306826431636,8.72262980086311 50.6304591141841,8.72187999998073 50.6308628124182,8.7221403481729 50.6314900426818)))","2323","223","423","646","2969"
"MULTIPOLYGON (((8.7188634397787 50.5572461484836,8.71987250558425 50.557469737967,8.72062152292814 50.5570654973127,8.72036146762041 50.55643767022,8.71935241251205 50.5562140842509,8.71860340201438 50.5566183218603,8.7188634397787 50.5572461484836)))","1478","0","178","178","1656"
"MULTIPOLYGON (((8.677629038441 50.5771788999521,8.67863803801567 50.5774028129786,8.67938734240968 50.5769990325651,8.67912764035177 50.5763713421661,8.67811865145912 50.5761474326572,8.67736935394244 50.5765512100298,8.677629038441 50.5771788999521)))","617697","31697","291197","322894","940591"
"MULTIPOLYGON (((8.70428004456446 50.5950586107419,8.70528953119737 50.5952823020902,8.70603897986078 50.5948784577681,8.7057789350281 50.5942509251432,8.70476945909644 50.5940272373085,8.70402001729628 50.5944310785852,8.70428004456446 50.5950586107419)))","1047315","105415","258915","364330","1411645"
"MULTIPOLYGON (((8.66968127340575 50.6044826793638,8.67069059901368 50.6047066451489,8.67144021036781 50.6043031316804,8.67118048922615 50.6036756554684,8.67017117430445 50.6034516932001,8.66942156983829 50.603855203627,8.66968127340575 50.6044826793638)))","22158","158","1558","1716","23874"
"MULTIPOLYGON (((8.72440943174978 50.5949579344311,8.72541908957502 50.595181463834,8.72616850112672 50.5947774679514,8.72590824800332 50.594149945714,8.72489860088967 50.5939264198225,8.72414919618793 50.5943304126571,8.72440943174978 50.5949579344311)))","13616","10016","311116","321132","334748"
"MULTIPOLYGON (((8.68250415903843 50.5845309145668,8.68351330664086 50.5847547853945,8.68426268119797 50.5843510242765,8.68400290127723 50.5837233953727,8.68299376436156 50.5834995280616,8.68224439668002 50.5839032861377,8.68250415903843 50.5845309145668)))","985314","23414","58214","81628","1066942"
"MULTIPOLYGON (((8.64626894511407 50.5833257879342,8.64727776373408 50.5835499505689,8.64802718951124 50.5831464518734,8.64776778976929 50.5825187935807,8.64675898181697 50.5822946344666,8.64600956293905 50.5826981301247,8.64626894511407 50.5833257879342)))","280975","37675","146375","184050","465025"
"MULTIPOLYGON (((8.66710368246565 50.5605891349572,8.66811235220629 50.5608131393224,8.66886149747905 50.5604093118455,8.66860196613018 50.559781483042,8.66759330706102 50.5595574821965,8.66684416866931 50.5599613066349,8.66710368246565 50.5605891349572)))","832","432","1032","1464","2296"
"MULTIPOLYGON (((8.71632531843554 50.5555432770925,8.71733433791922 50.5557668876868,8.71808334157001 50.5553626531221,8.71782331888972 50.5547348110075,8.71681431010142 50.5545112039278,8.71606531329817 50.554915435448,8.71632531843554 50.5555432770925)))","2421","121","321","442","2863"
"MULTIPOLYGON (((8.64629851369842 50.5656596476868,8.6473070776402 50.5658838172201,8.64805631398395 50.5654801841678,8.64779697949024 50.5648523846185,8.64678842621076 50.5646282186069,8.64603919676276 50.565031848623,8.64629851369842 50.5656596476868)))","102831","10531","21831","32362","135193"
"MULTIPOLYGON (((8.70197098925048 50.5540717328791,8.702979864408 50.5542954595308,8.70372887793651 50.5538913213306,8.70346900945083 50.5532634595214,8.70246014498082 50.5530397363858,8.70171113830905 50.5534438715435,8.70197098925048 50.5540717328791)))","7709","2409","11709","14118","21827"
"MULTIPOLYGON (((8.64863259189817 50.5713096071143,8.64964125743753 50.5715337556129,8.6503905502185 50.5711301479576,8.65013117056491 50.5705023948406,8.64912251569078 50.570278249863,8.6483732298051 50.5706818544814,8.64863259189817 50.5713096071143)))","57964","9664","22564","32228","90192"
"MULTIPOLYGON (((8.69225785865178 50.5992326605788,8.69326730239123 50.5994564469318,8.69401681727876 50.599052724393,8.69375688155487 50.5984252185454,8.6927474485117 50.598201435707,8.69199794049621 50.5986051552016,8.69225785865178 50.5992326605788)))","1429553","33553","171753","205306","1634859"
"MULTIPOLYGON (((8.68620144617827 50.5978897700107,8.68721081849757 50.5981136056337,8.68796032976134 50.5977099182752,8.68770046183016 50.5970823983371,8.68669110020362 50.5968585662294,8.68594159581561 50.5972622505446,8.68620144617827 50.5978897700107)))","1141426","36526","145226","181752","1323178"
"MULTIPOLYGON (((8.73643781261868 50.57311125428,8.73744725796651 50.5733346958625,8.73819641372765 50.5729304439943,8.73793611730335 50.5723027535917,8.73692668266665 50.5720793155205,8.73617753374322 50.5724835643407,8.73643781261868 50.57311125428)))","852","0","152","152","1004"
"MULTIPOLYGON (((8.67221940395443 50.606185529313,8.67322877599331 50.6064094739873,8.67397840112139 50.6060059544349,8.67371864732404 50.6053784932503,8.67270928597326 50.6051545520925,8.67195966773182 50.6055580686028,8.67221940395443 50.606185529313)))","31004","204","604","808","31812"
"MULTIPOLYGON (((8.62926168000314 50.5909452371124,8.63027046217337 50.5911695333327,8.6310199996132 50.5907662200067,8.63076074797092 50.5901386134961,8.62975197646188 50.5899143207977,8.62900244593401 50.5903176310881,8.62926168000314 50.5909452371124)))","11952","352","752","1104","13056"
"MULTIPOLYGON (((8.62655725032268 50.5755231821651,8.62756578658477 50.5757475063437,8.6283151633725 50.5753440961699,8.62805599698758 50.574716364852,8.6270474713806 50.5744920441966,8.62629810150354 50.5748954513361,8.62655725032268 50.5755231821651)))","2304","0","804","804","3108"
"MULTIPOLYGON (((8.62087692142136 50.5839505215258,8.62188553035717 50.5841748879415,8.62263500748152 50.5837715843538,8.62237586875408 50.5831439173847,8.62136727047302 50.5829195544923,8.62061780026476 50.5833228550458,8.62087692142136 50.5839505215258)))","58004","2804","4604","7408","65412"
"MULTIPOLYGON (((8.66126323553686 50.6151501778702,8.66227264293144 50.6153742069687,8.66302238371879 50.6149708376545,8.66276271021606 50.6143434422831,8.66175331350664 50.6141194167017,8.6610035796149 50.6145227829747,8.66126323553686 50.6151501778702)))","781","281","881","1162","1943"
"MULTIPOLYGON (((8.70626646227612 50.5555944370529,8.70727539624358 50.5558181285395,8.70802441841443 50.5554139697146,8.70776449976367 50.5547861224464,8.70675557648639 50.5545624344755,8.70600656116976 50.5549665902572,8.70626646227612 50.5555944370529)))","1057","0","757","757","1814"
"MULTIPOLYGON (((8.70703197670821 50.5751489665338,8.70804119941576 50.5753726439035,8.70879042969981 50.5749686277709,8.70853043041887 50.5743409373131,8.70752121840789 50.5741172634578,8.70677199498139 50.5745212765459,8.70703197670821 50.5751489665338)))","336826","108126","318326","426452","763278"
"MULTIPOLYGON (((8.69216713290142 50.5923736739438,8.69317647676642 50.5925974638429,8.69392591823755 50.5921936898826,8.69366600897307 50.591566129067,8.6926566758022 50.5913423426831,8.69190724120181 50.5917461135997,8.69216713290142 50.5923736739438)))","179533","13133","35633","48766","228299"
"MULTIPOLYGON (((8.68001382891674 50.6250069471587,8.68102354008414 50.625230821376,8.68177335345435 50.6248273864489,8.68151344877205 50.6242000803486,8.68050374830247 50.6239762096458,8.67975394181748 50.6243796415287,8.68001382891674 50.6250069471587)))","6370","370","670","1040","7410"
"MULTIPOLYGON (((8.70709573053232 50.6173355577298,8.70810556334323 50.6175592172167,8.70885524603369 50.6171555210544,8.70859508904761 50.6165281684524,8.70758526694622 50.6163045124775,8.70683559112153 50.6167082055927,8.70709573053232 50.6173355577298)))","24941","0","1041","1041","25982"
"MULTIPOLYGON (((8.71394804114117 50.6028991503249,8.71495772402456 50.6031227606435,8.71570723951103 50.6027189034513,8.71544706525583 50.6020914389878,8.71443739308106 50.6018678321813,8.71368788445301 50.6022716863264,8.71394804114117 50.6028991503249)))","27204","1804","2004","3808","31012"
"MULTIPOLYGON (((8.64998716691384 50.5790216609795,8.650995955404 50.5792457954739,8.65174532847007 50.5788422362216,8.65148590615015 50.5782145455126,8.65047712832827 50.5779904145388,8.64972776215814 50.5783939707535,8.64998716691384 50.5790216609795)))","9950","750","3350","4100","14050"
"MULTIPOLYGON (((8.66295989068944 50.5904529942334,8.66396895582122 50.5906770198013,8.66471842855325 50.5902734501293,8.66445882926396 50.5896458579292,8.66344977481065 50.5894218358796,8.66270030896825 50.5898254025117,8.66295989068944 50.5904529942334)))","1429507","61407","243407","304814","1734321"
"MULTIPOLYGON (((8.65534874173916 50.5853429564634,8.65635766761422 50.5855670452983,8.65710709899835 50.5851634938624,8.65684759761391 50.5845358566302,8.65583868241182 50.5843117713149,8.65508925792133 50.5847153197122,8.65534874173916 50.5853429564634)))","228828","31928","56428","88356","317184"
"MULTIPOLYGON (((8.67197626527129 50.567942854989,8.67298508297802 50.5681668172125,8.67373429840942 50.5677630090392,8.673474689255 50.5671352416823,8.67246588222456 50.5669112829775,8.67171667367236 50.5673150881111,8.67197626527129 50.567942854989)))","700948","9248","17548","26796","727744"
"MULTIPOLYGON (((8.69526902489777 50.6175640725385,8.69627875948333 50.6177878271017,8.69702846575172 50.617384221288,8.69676843056103 50.6167568639569,8.69575870667896 50.616533112907,8.6950090072842 50.616936715675,8.69526902489777 50.6175640725385)))","2006","0","106","106","2112"
"MULTIPOLYGON (((8.66407774465383 50.5599170726741,8.665086378689 50.5601411016328,8.66583552211626 50.5597372917325,8.66557602462559 50.5591094559118,8.66456740126014 50.558885430473,8.66381826471578 50.5592892373352,8.66407774465383 50.5599170726741)))","4298","198","798","996","5294"
"MULTIPOLYGON (((8.62762200675878 50.5803205293999,8.62863062142512 50.5805448430906,8.62938004778374 50.5801414613632,8.62912085256526 50.57951376898,8.62811224855605 50.5792894588121,8.62736282910833 50.5796928375047,8.62762200675878 50.5803205293999)))","437799","7699","11999","19698","457497"
"MULTIPOLYGON (((8.69704522171204 50.5997240165841,8.69805471365733 50.5999477642212,8.69880422528217 50.5995440095444,8.69854423809288 50.5989165102754,8.6975347568465 50.5986927661524,8.69678525209063 50.5990965177844,8.69704522171204 50.5997240165841)))","325394","4394","23794","28188","353582"
"MULTIPOLYGON (((8.64514655240836 50.5539995022722,8.6461549382796 50.5542236857453,8.64690405173321 50.5538199728256,8.6466447724215 50.5531920794681,8.64563639720842 50.5529678995174,8.64488729064902 50.5533716094019,8.64514655240836 50.5539995022722)))","61891","0","1691","1691","63582"
"MULTIPOLYGON (((8.65730842538058 50.5812180989435,8.6583173085641 50.5814421737003,8.65906669225255 50.5810385762507,8.65880718586609 50.580410907083,8.65779831335527 50.5801868358456,8.65704893655837 50.5805904302566,8.65730842538058 50.5812180989435)))","22067","1367","2967","4334","26401"
"MULTIPOLYGON (((8.72273384780279 50.6196584888934,8.72374384836401 50.619882021542,8.72449352797852 50.6194782258797,8.72423320017603 50.6188509006182,8.72322321033313 50.6186273714797,8.7224735375745 50.6190311640927,8.72273384780279 50.6196584888934)))","988","0","188","188","1176"
"MULTIPOLYGON (((8.71035053100089 50.5787346620292,8.71135983394275 50.5789583112344,8.71210909672761 50.5785542974651,8.71184904971471 50.5779266375359,8.71083975747224 50.5777029918446,8.71009050154342 50.5781070025688,8.71035053100089 50.5787346620292)))","160146","51346","71846","123192","283338"
"MULTIPOLYGON (((8.68112488544154 50.5944841989947,8.68213416494732 50.5947080768456,8.68288364870402 50.594304401659,8.68262384607663 50.593676851664,8.68161457725997 50.5934529773292,8.6808651003817 50.5938566494733,8.68112488544154 50.5944841989947)))","1429559","112259","255259","367518","1797077"
"MULTIPOLYGON (((8.72001726301942 50.5865761799023,8.72102676210019 50.5867997481071,8.72177609164596 50.5863957214672,8.72151591525989 50.5857681296695,8.72050642688588 50.5855445649771,8.71975710419131 50.5859485885702,8.72001726301942 50.5865761799023)))","283976","56676","95776","152452","436428"
"MULTIPOLYGON (((8.6903178203662 50.5856940417102,8.6913270518753 50.5859178492197,8.6920764250059 50.5855140383852,8.69181655975689 50.5848864230845,8.69080733893894 50.5846626190907,8.69005797267898 50.585066426882,8.6903178203662 50.5856940417102)))","1429554","101354","237454","338808","1768362"
"MULTIPOLYGON (((8.70298005275931 50.6295267235818,8.70399002659551 50.6297504111239,8.7047398475675 50.629346838461,8.70447968783252 50.6287195813035,8.70346972470743 50.6284958972732,8.70271991060632 50.6288994668886,8.70298005275931 50.6295267235818)))","8268","168","1368","1536","9804"
"MULTIPOLYGON (((8.71828120617034 50.5514148675858,8.71929018287292 50.5516384641219,8.72003913882347 50.5512341835794,8.71977911122609 50.5506063095453,8.71877014521861 50.5503827165237,8.71802119611351 50.5507869940219,8.71828120617034 50.5514148675858)))","76046","1846","20246","22092","98138"
"MULTIPOLYGON (((8.68745150911118 50.616401110741,8.68846115973286 50.616624928683,8.68921086744817 50.6162213726095,8.68895091766337 50.6155940016385,8.68794127774077 50.6153701872106,8.68719157690402 50.6157737402396,8.68745150911118 50.616401110741)))","4246","0","346","346","4592"
"MULTIPOLYGON (((8.70796849013385 50.6260742971788,8.70897845683857 50.6262979460093,8.70972823180639 50.6258943097271,8.70946803320272 50.6252670276625,8.70845807721063 50.6250433823434,8.70770830910972 50.6254470155778,8.70796849013385 50.6260742971788)))","38324","2424","4224","6648","44972"
"MULTIPOLYGON (((8.67776155109201 50.5486998325572,8.67877014096156 50.5489237560383,8.67951914002228 50.5485197584661,8.67925954234192 50.5478918404522,8.67825096314576 50.5476679204903,8.67750197095667 50.5480719150233,8.67776155109201 50.5486998325572)))","80583","3683","10083","13766","94349"
"MULTIPOLYGON (((8.70720215176621 50.6065334215249,8.70821182930555 50.6067570846289,8.70896139585786 50.6063533055861,8.70870127800738 50.605725866486,8.70769161117432 50.6055022068947,8.70694205148558 50.6059059828909,8.70720215176621 50.6065334215249)))","631847","22847","47147","69994","701841"
"MULTIPOLYGON (((8.61396538349142 50.5738617292796,8.61497378725961 50.5740861552747,8.61572316830388 50.5736828268968,8.61546413866136 50.5730550755564,8.61445574554122 50.572830653086,8.61370637141565 50.5732339784313,8.61396538349142 50.5738617292796)))","1112","0","112","112","1224"
"MULTIPOLYGON (((8.64439466499315 50.5943088196257,8.64540362606632 50.5945329928648,8.64615317295856 50.5941295916395,8.64589375187508 50.5935020202128,8.64488480147197 50.5932778504939,8.6441352614824 50.5936812486815,8.64439466499315 50.5943088196257)))","1410","410","1310","1720","3130"
"MULTIPOLYGON (((8.68270407706175 50.5805851733819,8.68371316941058 50.5808090442112,8.68446250130728 50.5804052516319,8.68420273398054 50.5797775912651,8.68319365231737 50.5795537239526,8.68244432729536 50.5799575134902,8.68270407706175 50.5805851733819)))","188115","16815","61315","78130","266245"
"MULTIPOLYGON (((8.61641706197686 50.5687061534463,8.61742541250534 50.5689305618181,8.61817473398879 50.568527175913,8.61791569802787 50.5678993846689,8.61690735814716 50.5676749798219,8.61615804357976 50.5680783626943,8.61641706197686 50.5687061534463)))","4413","213","613","826","5239"
"MULTIPOLYGON (((8.64269713091947 50.5591572238519,8.64370557008233 50.559381424937,8.64445474309844 50.5589777695229,8.64419547005499 50.5583499160591,8.6431870415506 50.5581257184963,8.6424378754313 50.558529370875,8.64269713091947 50.5591572238519)))","427287","13587","25687","39274","466561"
"MULTIPOLYGON (((8.69863784526505 50.5681572073472,8.69964689503301 50.5683809550897,8.70039606537347 50.5679769487662,8.70013617908439 50.5673491977433,8.69912714000652 50.5671254535166,8.69837797652776 50.5675294567971,8.69863784526505 50.5681572073472)))","1262885","146785","261285","408070","1670955"
"MULTIPOLYGON (((8.68076650562507 50.5670433392261,8.6817753858786 50.5672672311401,8.68252457607845 50.5668633502669,8.68226487915157 50.5662355805206,8.68125600957857 50.5660116921244,8.68050682625202 50.5664155699568,8.68076650562507 50.5670433392261)))","1674","574","974","1548","3222"
"MULTIPOLYGON (((8.66140247570863 50.5866873664468,8.66241147306838 50.5869114060695,8.6631609081679 50.5865078194699,8.66290133901783 50.5858801962871,8.66189235233454 50.5856561601832,8.66114292412497 50.5860597437434,8.66140247570863 50.5866873664468)))","411898","44298","71198","115496","527394"
"MULTIPOLYGON (((8.71698883708558 50.5859054259954,8.71799830051169 50.5861290188463,8.71874762829034 50.5857250097983,8.71848748578992 50.5850974109461,8.7174780330688 50.584873821608,8.71672871214324 50.5852778276095,8.71698883708558 50.5859054259954)))","21450","3750","11850","15600","37050"
"MULTIPOLYGON (((8.62828104754064 50.5930070112668,8.62928985103343 50.5932313145311,8.63003941231677 50.5928280242188,8.62978016319436 50.5922004336779,8.62877137036288 50.5919761339355,8.62802181599257 50.5923794212122,8.62828104754064 50.5930070112668)))","25277","277","777","1054","26331"
"MULTIPOLYGON (((8.73213991623915 50.5715897064432,8.73314930280603 50.5718131832407,8.73389844998586 50.5714089520115,8.73363820375871 50.5707812470323,8.73262882790027 50.5705577737468,8.73187968756068 50.5709620019285,8.73213991623915 50.5715897064432)))","463","163","263","426","889"
"MULTIPOLYGON (((8.67233118112041 50.5953827564345,8.67334039803199 50.5956067046376,8.67408990704159 50.5952031021767,8.67383019225534 50.5945755545542,8.67282098602861 50.5943516098681,8.6720714839034 50.5947552092876,8.67233118112041 50.5953827564345)))","288750","16850","22650","39500","328250"
"MULTIPOLYGON (((8.63275945587488 50.548393299229,8.63376765430288 50.5486175844579,8.6345167294994 50.5482139218505,8.63425759936679 50.5475859770479,8.63324941158883 50.5473616953431,8.63250034329355 50.547765354917,8.63275945587488 50.548393299229)))","54583","2683","3883","6566","61149"
"MULTIPOLYGON (((8.64433873194924 50.5697851691762,8.64534733854081 50.5700093527959,8.64609662255077 50.5696057657532,8.64583729307147 50.5689779981272,8.64482869714241 50.5687538180291,8.64407942003033 50.5691574020355,8.64433873194924 50.5697851691762)))","9540","940","1340","2280","11820"
"MULTIPOLYGON (((8.67246588222456 50.5669112829775,8.673474689255 50.5671352416823,8.67422389276497 50.566731422009,8.67396428236586 50.5661036466707,8.6729554860116 50.5658796914846,8.67220628938034 50.5662835081182,8.67246588222456 50.5669112829775)))","2950","0","250","250","3200"
"MULTIPOLYGON (((8.63321655541099 50.5650316893563,8.63422499767691 50.5652559642536,8.63497425031167 50.5648524245007,8.63471505377637 50.5642246128852,8.63370662216581 50.5640003415111,8.63295737643526 50.5644038782294,8.63321655541099 50.5650316893563)))","30073","2473","6273","8746","38819"
"MULTIPOLYGON (((8.66584973806694 50.61958645914,8.66685924905645 50.6198104495274,8.6676090293576 50.6194070795533,8.66734929177591 50.6187797222339,8.66633979147529 50.6185557353628,8.66559001806763 50.6189591022949,8.66584973806694 50.61958645914)))","1013463","17963","36463","54426","1067889"
"MULTIPOLYGON (((8.71910991960211 50.6308193958587,8.72012005055965 50.6310429530254,8.72086985653442 50.6306392693449,8.72060952469137 50.6300120315471,8.71959940445376 50.6297884778902,8.71884960533942 50.6301921585213,8.71910991960211 50.6308193958587)))","13383","2283","5283","7566","20949"
"MULTIPOLYGON (((8.6606855031475 50.6093240932764,8.66169482135594 50.6095481294138,8.66244450061478 50.6091447201553,8.66218485477041 50.6085172778002,8.66117554724502 50.6082932451803,8.66042587488105 50.608696651398,8.6606855031475 50.6093240932764)))","3619","419","1419","1838","5457"
"MULTIPOLYGON (((8.68660092668 50.5899994519648,8.68761018844794 50.5902232876087,8.68835961436382 50.5898195373235,8.68809977163789 50.5891919544374,8.68709052056048 50.5889681223093,8.68634110151855 50.5893718695516,8.68660092668 50.5899994519648)))","18370","1470","1670","3140","21510"
"MULTIPOLYGON (((8.68299376436156 50.5834995280616,8.68400290127723 50.5837233953727,8.68475226390527 50.5833196227534,8.68449248274275 50.582691985865,8.68348335651379 50.5824681220705,8.68273400076079 50.5828718916478,8.68299376436156 50.5834995280616)))","1429578","81378","145578","226956","1656534"
"MULTIPOLYGON (((8.70927964877248 50.5739369096826,8.71028887326348 50.5741605694651,8.71103808654275 50.573756527292,8.71077806847534 50.5731288283812,8.70976885468168 50.5729051721129,8.70901964825824 50.5733092112412,8.70927964877248 50.5739369096826)))","742593","38493","138293","176786","919379"
"MULTIPOLYGON (((8.65984524154074 50.5829215527804,8.66085417113598 50.583145606453,8.66160356860556 50.5827420029256,8.66134402958981 50.5821143487646,8.66033511066911 50.5818902986112,8.65958572008974 50.5822938990996,8.65984524154074 50.5829215527804)))","24129","3229","4929","8158","32287"
"MULTIPOLYGON (((8.67733960930363 50.5742643234515,8.67834856432255 50.5744882399898,8.67909783798918 50.5740844396159,8.67883814976006 50.5734567257444,8.6778292054221 50.5732328127239,8.67707993863241 50.5736366100571,8.67733960930363 50.5742643234515)))","108118","21518","46318","67836","175954"
"MULTIPOLYGON (((8.70027272325576 50.5964501547329,8.70128219560143 50.5966738777504,8.70203166634617 50.5962700740221,8.70177165787918 50.5956425503212,8.7007621962331 50.5954188308176,8.70001273235455 50.5958226315011,8.70027272325576 50.5964501547329)))","2502","202","302","504","3006"
"MULTIPOLYGON (((8.72185925193501 50.6109187529307,8.72286911860225 50.6111422962533,8.72361870596925 50.6107384407275,8.72335841981438 50.6101110449279,8.7223485638623 50.609887505116,8.72159898335005 50.6102913575931,8.72185925193501 50.6109187529307)))","26351","2951","3251","6202","32553"
"MULTIPOLYGON (((8.69363572208685 50.5892796216987,8.69464503386957 50.5895034010525,8.69539443954084 50.5890995925885,8.69513452656035 50.5884720078144,8.6941252254716 50.5882482319757,8.69337582666948 50.588652037396,8.69363572208685 50.5892796216987)))","77576","5176","40076","45252","122828"
"MULTIPOLYGON (((8.67262048110255 50.5982964699956,8.67362974259399 50.5985204146797,8.67437928235099 50.5981168321847,8.67411955373185 50.5974893080472,8.67311030292632 50.59726536688,8.67236077005411 50.5976689463334,8.67262048110255 50.5982964699956)))","406762","12162","25462","37624","444386"
"MULTIPOLYGON (((8.66679039405567 50.5753430257701,8.66779927397717 50.5755670266861,8.66854857790624 50.5751633135593,8.66828899502974 50.574535602556,8.66728012578409 50.5743116051589,8.66653082873919 50.5747153152463,8.66679039405567 50.5753430257701)))","1429557","208657","318357","527014","1956571"
"MULTIPOLYGON (((8.68339351791902 50.5756076996198,8.68440254433577 50.5758315669317,8.68515182165039 50.5754277313922,8.68489206567516 50.5748000315825,8.68388304994289 50.5745761677877,8.68313377950151 50.5749800002856,8.68339351791902 50.5756076996198)))","1429503","116203","286503","402706","1832209"
"MULTIPOLYGON (((8.68866845146068 50.5750677091113,8.68967751538527 50.5752915342222,8.69042677753304 50.5748876550571,8.69016696888667 50.5742599538235,8.68915791564913 50.5740361322291,8.688408660371 50.5744400083519,8.68866845146068 50.5750677091113)))","1332747","27647","194247","221894","1554641"
"MULTIPOLYGON (((8.64759564476481 50.5488412937139,8.64860397734594 50.5490654595747,8.64935303124355 50.5486616891536,8.64909374566857 50.548033755907,8.64808542374526 50.5478095935686,8.64733637673923 50.5482133609544,8.64759564476481 50.5488412937139)))","81020","6520","14420","20940","101960"
"MULTIPOLYGON (((8.63713672069509 50.5567803610914,8.63814507772002 50.5570046078038,8.63889423505597 50.5566009760315,8.63863502846709 50.5559731005816,8.63762668209701 50.5557488573924,8.63687753166108 50.5561524861301,8.63713672069509 50.5567803610914)))","48839","1539","10039","11578","60417"
"MULTIPOLYGON (((8.70640747952905 50.6223105299652,8.70741737838864 50.622534192925,8.70816711572835 50.62213053973,8.70790694734135 50.6215032266225,8.70689705919244 50.6212795671745,8.70614732871992 50.6216832173222,8.70640747952905 50.6223105299652)))","286076","33376","50976","84352","370428"
"MULTIPOLYGON (((8.72793652094127 50.5769297285006,8.72894594859046 50.5771532369367,8.72969516053548 50.5767490777308,8.72943493798736 50.5761214131361,8.72842552104608 50.575897908212,8.72767631594514 50.5763020643707,8.72793652094127 50.5769297285006)))","16615","4815","48015","52830","69445"
"MULTIPOLYGON (((8.62540854011139 50.5638650199408,8.62641689829715 50.5640893580306,8.62716615213749 50.5636858679584,8.62690704088299 50.56305804283,8.62589869334817 50.5628337082643,8.62514944641701 50.563237195303,8.62540854011139 50.5638650199408)))","125921","7821","10921","18742","144663"
"MULTIPOLYGON (((8.70125165603761 50.5943874874139,8.70226110698416 50.5946112034035,8.70301055385628 50.5942073766729,8.70275054291684 50.5935798369976,8.70174110266974 50.593356124522,8.70099166266274 50.5937599482076,8.70125165603761 50.5943874874139)))","342362","11262","22562","33824","376186"
"MULTIPOLYGON (((8.73360661174653 50.5684938499176,8.73461596618832 50.5687173161794,8.7353650775674 50.5683130504646,8.73510482766616 50.5676853215355,8.73409548393262 50.5674618587857,8.73334637939221 50.567866121453,8.73360661174653 50.5684938499176)))","2720","1020","1420","2440","5160"
"MULTIPOLYGON (((8.68018748456231 50.5612132367289,8.68119627573056 50.561437135659,8.68194540449776 50.5610332148712,8.68168573522435 50.5604053981936,8.68067695473453 50.5601815027817,8.6799278328398 50.5605854205293,8.68018748456231 50.5612132367289)))","21587","1287","1587","2874","24461"
"MULTIPOLYGON (((8.69403432979098 50.5813881709292,8.6950435310336 50.5816119503051,8.69579285137953 50.5812080789255,8.69553296361566 50.5805804312133,8.69452377306481 50.5803566553528,8.69377445958622 50.5807605236892,8.69403432979098 50.5813881709292)))","245745","8145","36245","44390","290135"
"MULTIPOLYGON (((8.63592214529712 50.5804560295201,8.63693083341305 50.5806802764656,8.63768024663775 50.5802768335406,8.63742096484114 50.579649146706,8.63641228738665 50.5794249032823,8.63566288106744 50.5798283431715,8.63592214529712 50.5804560295201)))","394745","245","2645","2890","397635"
"MULTIPOLYGON (((8.64537492477067 50.5922468618708,8.64638386450379 50.5924710280696,8.64713338754562 50.5920676038329,8.64687396395285 50.5914400164353,8.64586503488968 50.5912158537567,8.64511551874945 50.5916192749556,8.64537492477067 50.5922468618708)))","3411","0","511","511","3922"
"MULTIPOLYGON (((8.65871707989353 50.5535941697296,8.65972557665522 50.5538182443171,8.66047466183237 50.553414426606,8.66021524336272 50.5527865373446,8.65920675726604 50.5525624662781,8.65845767897408 50.5529662809521,8.65871707989353 50.5535941697296)))","5896","2096","2596","4692","10588"
"MULTIPOLYGON (((8.67478007390099 50.5902268287073,8.67578923738905 50.590450759325,8.67653868674682 50.5900470993485,8.67627896573486 50.5894195117956,8.67526981293132 50.5891955846949,8.67452037045535 50.5895992416301,8.67478007390099 50.5902268287073)))","1429590","25290","110990","136280","1565870"
"MULTIPOLYGON (((8.63978859558346 50.5476756182403,8.64079684417948 50.54789984729,8.64154589933746 50.5474961265438,8.6412866990031 50.5468681797824,8.64027846106056 50.5466439542561,8.63952941279904 50.547047671968,8.63978859558346 50.5476756182403)))","6190","290","690","980","7170"
"MULTIPOLYGON (((8.63335349021573 50.5964144463368,8.6343623866179 50.596638707457,8.63511197554662 50.596235405,8.63485266116297 50.5956078444593,8.63384377542582 50.5953835868603,8.63309419340741 50.5957868862808,8.63335349021573 50.5964144463368)))","41279","679","20879","21558","62837"
"MULTIPOLYGON (((8.6605102724273 50.5956084936557,8.66151939095237 50.5958325368154,8.66226892332565 50.5954290246642,8.66200933028169 50.5948014723933,8.66100022243538 50.5945774327519,8.66025069695439 50.5949809418632,8.6605102724273 50.5956084936557)))","1429595","54395","318395","372790","1802385"
"MULTIPOLYGON (((8.67555921439094 50.5921095589472,8.67656841176813 50.5923334825301,8.67731787993738 50.5919298310148,8.67705814384794 50.5913022589582,8.6760489571563 50.5910783388922,8.67529949586865 50.5914819873659,8.67555921439094 50.5921095589472)))","1429501","23001","80401","103402","1532903"
"MULTIPOLYGON (((8.71710536401385 50.5574267710446,8.71811441735481 50.5576503745982,8.7188634397787 50.5572461484836,8.71860340201438 50.5566183218603,8.71759435936976 50.556394721821,8.71684534379326 50.5567989448909,8.71710536401385 50.5574267710446)))","2288","188","288","476","2764"
"MULTIPOLYGON (((8.66716760437751 50.585117388366,8.66817662864324 50.5853413822776,8.66892603670017 50.584937740546,8.66866641360573 50.5843101079431,8.66765740001904 50.5840861175498,8.66690799884789 50.5844897562412,8.66716760437751 50.585117388366)))","1429569","280669","318369","599038","2028607"
"MULTIPOLYGON (((8.68504205111799 50.5862338799964,8.6860512451127 50.586457729718,8.68680063341898 50.5860539625154,8.68654082085639 50.5854263486336,8.68553163755024 50.5852025024282,8.6847822561182 50.5856062665884,8.68504205111799 50.5862338799964)))","857258","101058","147758","248816","1106074"
"MULTIPOLYGON (((8.65552292839544 50.5990603214291,8.65653205387824 50.5992844032763,8.65728163210881 50.5988809547298,8.65702207796042 50.5982534273757,8.65601296315486 50.5980293490472,8.65526339182053 50.5984327945542,8.65552292839544 50.5990603214291)))","62738","11238","31238","42476","105214"
"MULTIPOLYGON (((8.66485621458373 50.5618005477348,8.66586488247813 50.5620245696768,8.66661404470566 50.5616207682381,8.66635453215615 50.5609929478958,8.66534587493246 50.5607689294737,8.66459671958767 50.561172727874,8.66485621458373 50.5618005477348)))","513","0","113","113","626"
"MULTIPOLYGON (((8.7178739742415 50.5769813018295,8.71888331638515 50.577204891219,8.7196325469183 50.5768008077781,8.71937242845719 50.5761731379937,8.71836309701622 50.5759495521173,8.71761387333383 50.5763536325122,8.7178739742415 50.5769813018295)))","3398","1398","2598","3996","7394"
"MULTIPOLYGON (((8.7064996498015 50.6291669246989,8.70750964864457 50.6293905840634,8.70825945945799 50.628986982295,8.70799926455997 50.62835972421,8.70698927642972 50.6281360683569,8.70623947248482 50.6285396670775,8.7064996498015 50.6291669246989)))","258197","19097","34597","53694","311891"
"MULTIPOLYGON (((8.68210425590349 50.5924217361746,8.68311351403111 50.5926456069933,8.68386297392363 50.5922419088016,8.68360316881125 50.5916143428339,8.68259392137258 50.5913904755314,8.68184446835746 50.5917941706806,8.68210425590349 50.5924217361746)))","215121","20121","29521","49642","264763"
"MULTIPOLYGON (((8.62699764371162 50.5499627992265,8.62800581514226 50.5501871301098,8.62875491725933 50.5497835226078,8.62849584104052 50.5491555872553,8.62748768025742 50.5489312598966,8.62673858504569 50.5493348643658,8.62699764371162 50.5499627992265)))","2409","0","109","109","2518"
"MULTIPOLYGON (((8.66540917954017 50.5852970075786,8.6664181912802 50.5855210155547,8.66716760437751 50.585117388366,8.66690799884789 50.5844897562412,8.66589899778601 50.5842657517835,8.66514959157571 50.5846693759323,8.66540917954017 50.5852970075786)))","973974","106874","164774","271648","1245622"
"MULTIPOLYGON (((8.64687464109418 50.5714890376762,8.6478832940945 50.5717132002301,8.64863259189817 50.5713096071143,8.6483732298051 50.5706818544814,8.64736458746916 50.5704576954488,8.64661529656202 50.5708612855279,8.64687464109418 50.5714890376762)))","5471","3771","10271","14042","19513"
"MULTIPOLYGON (((8.71974798385592 50.5483183559796,8.72075692847342 50.5485419419719,8.72150584865154 50.5481376269478,8.72124581736846 50.5475097289759,8.7202368834459 50.5472861464983,8.71948797011163 50.5476904584779,8.71974798385592 50.5483183559796)))","799251","13851","35451","49302","848553"
"MULTIPOLYGON (((8.6926566758022 50.5913423426831,8.69366600897307 50.591566129067,8.69441543851064 50.5911623436054,8.6941555280073 50.5905347748035,8.69314620553054 50.5903109919346,8.69239678286318 50.5907147743526,8.6926566758022 50.5913423426831)))","242504","10604","76404","87008","329512"
"MULTIPOLYGON (((8.71356409650496 50.5931261111204,8.71457363486779 50.5933497285601,8.71532304620531 50.5929458000062,8.71506291232333 50.5923182570592,8.71405338466593 50.5920946431322,8.71330398018514 50.5924985686396,8.71356409650496 50.5931261111204)))","491749","63149","159749","222898","714647"
"MULTIPOLYGON (((8.67057246267726 50.5955623820781,8.67158166706457 50.5957863443503,8.67233118112041 50.5953827564345,8.6720714839034 50.5947552092876,8.67106229020005 50.5945312505326,8.67031278302984 50.5949348354073,8.67057246267726 50.5955623820781)))","76887","7887","13987","21874","98761"
"MULTIPOLYGON (((8.66360036505002 50.6207964993579,8.66460987418825 50.6210205073366,8.66535967147157 50.6206171634191,8.66509995272159 50.6199898145649,8.66409045427146 50.6197658101027,8.66334066388334 50.6201691509783,8.66360036505002 50.6207964993579)))","97552","3752","4352","8104","105656"
"MULTIPOLYGON (((8.7228583200023 50.5735248874658,8.72386765497267 50.5737484381635,8.72461683953736 50.5733442911454,8.72435668228507 50.5727165964759,8.72334735801897 50.572493049291,8.72259818030101 50.5728971932628,8.7228583200023 50.5735248874658)))","9920","6820","27820","34640","44560"
"MULTIPOLYGON (((8.67538109314249 50.5783901715242,8.67639009088586 50.5786141021333,8.67713941225358 50.5782103477628,8.67687972899896 50.5775826658238,8.67587074193677 50.5773587387324,8.67512142744813 50.5777624900622,8.67538109314249 50.5783901715242)))","485820","33420","115020","148440","634260"
"MULTIPOLYGON (((8.70310235187157 50.601066379194,8.70411191520904 50.6012900775442,8.70486143042513 50.6008862876826,8.70460137543864 50.6002588025164,8.70359182280362 50.6000351076796,8.70284231445273 50.6004388944956,8.70310235187157 50.601066379194)))","475206","2806","13506","16312","491518"
"MULTIPOLYGON (((8.72323334563698 50.6009662364319,8.72424308020901 50.601189772818,8.72499255831853 50.6007858313846,8.72473229500421 50.6001583566134,8.723722571145 50.5999348237384,8.7229730998874 50.6003387621236,8.72323334563698 50.6009662364319)))","4414","114","914","1028","5442"
"MULTIPOLYGON (((8.65442829233712 50.6119235884955,8.65543759427901 50.6121476738783,8.6561873125147 50.6117443312751,8.65592772190909 50.6111169063293,8.65491843064782 50.6108928244645,8.65416871931162 50.6112961640275,8.65442829233712 50.6119235884955)))","89031","4231","7631","11862","100893"
"MULTIPOLYGON (((8.72341087936971 50.6323407978996,8.72442106923324 50.6325643198035,8.72517088383218 50.6321606154692,8.72491050170979 50.6315333922813,8.72390032256883 50.6313098738867,8.72315051482781 50.6317135751708,8.72341087936971 50.6323407978996)))","2176","0","1076","1076","3252"
"MULTIPOLYGON (((8.6475664108806 50.5665116087888,8.64857499802313 50.5667357677903,8.64932424126192 50.5663321317015,8.64906489046325 50.5657043396478,8.64805631398395 50.5654801841678,8.6473070776402 50.5658838172201,8.6475664108806 50.5665116087888)))","114867","15167","15767","30934","145801"
"MULTIPOLYGON (((8.67033026400555 50.5573142500681,8.67133891424451 50.5575382298174,8.67208801872488 50.5571343533045,8.67182846608812 50.5565065000811,8.67081982652132 50.5562825238512,8.67007072891922 50.5566863973254,8.67033026400555 50.5573142500681)))","20919","7419","8219","15638","36557"
"MULTIPOLYGON (((8.71816516752122 50.5798959850551,8.71917455424678 50.580119570907,8.71992381549792 50.5797155074149,8.71966368317252 50.5790878611172,8.71865430715075 50.5788642787783,8.71790505275071 50.5792683392241,8.71816516752122 50.5798959850551)))","320","0","120","120","440"
"MULTIPOLYGON (((8.68382279142495 50.6275604098665,8.68483257226503 50.627784252382,8.68558240628678 50.6273808083209,8.68532245258537 50.6267535247893,8.6843126824459 50.6265296857878,8.68356285530734 50.626933126804,8.68382279142495 50.6275604098665)))","57635","5835","6735","12570","70205"
"MULTIPOLYGON (((8.67388946996737 50.5991479308301,8.67489875466879 50.5993718649603,8.67564830130993 50.5989682794235,8.67538855636563 50.5983407627983,8.67437928235099 50.5981168321847,8.67362974259399 50.5985204146797,8.67388946996737 50.5991479308301)))","808706","10506","24206","34712","843418"
"MULTIPOLYGON (((8.67996642502513 50.5828278768886,8.6809755262351 50.5830517688193,8.68172488704041 50.582648013785,8.68146513975897 50.5820203698617,8.68045604923393 50.581796481448,8.67970669530554 50.5822002334408,8.67996642502513 50.5828278768886)))","1429515","187815","318315","506130","1935645"
"MULTIPOLYGON (((8.67433529824975 50.5559226716924,8.67534396283463 50.5561466198076,8.6760930453145 50.5557427027204,8.67583345633428 50.5551148405573,8.6748248024232 50.5548908959613,8.67407572681867 50.5552948100093,8.67433529824975 50.5559226716924)))","2076","276","376","652","2728"
"MULTIPOLYGON (((8.69180440839572 50.5649312392137,8.69281335296031 50.5651550432254,8.69356250090963 50.5647510636128,8.69330269742894 50.5641232830307,8.69229376354992 50.5638994825357,8.69154462246617 50.5643034591063,8.69180440839572 50.5649312392137)))","21698","3398","8898","12296","33994"
"MULTIPOLYGON (((8.7096628800476 50.5837124312023,8.71067224897038 50.5839360839008,8.71142156634439 50.5835321130804,8.71116150793823 50.582904492607,8.710152149716 50.5826808434221,8.70940283919949 50.5830848111972,8.7096628800476 50.5837124312023)))","162893","13893","18093","31986","194879"
"MULTIPOLYGON (((8.71446209311212 50.5665338501359,8.71547125519522 50.5667574712465,8.71622037988936 50.5663533340523,8.71596033564961 50.5657255787924,8.71495118426427 50.5655019611959,8.71420206642103 50.5659060953452,8.71446209311212 50.5665338501359)))","3679","0","379","379","4058"
"MULTIPOLYGON (((8.71847904864875 50.5474668619326,8.71948797011163 50.5476904584779,8.7202368834459 50.5472861464983,8.71997686847283 50.5466582410176,8.71896795770395 50.5464346479871,8.71821905121424 50.5468389569225,8.71847904864875 50.5474668619326)))","46709","6109","14009","20118","66827"
"MULTIPOLYGON (((8.66941580973626 50.583906454709,8.67042483584595 50.5841304310375,8.6711742269344 50.5837267632605,8.67091458502917 50.5830991221955,8.66990556959927 50.582875149385,8.66915618539491 50.5832788141216,8.66941580973626 50.583906454709)))","1429578","243578","318378","561956","1991534"
"MULTIPOLYGON (((8.69176825561633 50.6002638659603,8.69277771005218 50.600487655828,8.69352723687585 50.6000839447916,8.69326730239123 50.5994564469318,8.69225785865178 50.5992326605788,8.69150833870064 50.599636368571,8.69176825561633 50.6002638659603)))","343182","6482","27782","34264","377446"
"MULTIPOLYGON (((8.65805278026244 50.5408999733517,8.65906108832621 50.5411240583639,8.65981003875996 50.5407201493113,8.65955067424694 50.5400921582826,8.65854237684396 50.5398680767922,8.65779343329333 50.5402719828086,8.65805278026244 50.5408999733517)))","22988","9688","10888","20576","43564"
"MULTIPOLYGON (((8.69060785812994 50.5886082343758,8.6916171342166 50.58883203836,8.69236653808088 50.5884282474843,8.69210665898753 50.5878006556676,8.69109739359305 50.5875768551988,8.69034799659982 50.5879806430313,8.69060785812994 50.5886082343758)))","123345","1145","7845","8990","132335"
"MULTIPOLYGON (((8.62716615213749 50.5636858679584,8.62817452288076 50.5639101920012,8.62892377171762 50.5635066873918,8.62866464290338 50.5628788617733,8.62765628281193 50.5626545412543,8.62690704088299 50.56305804283,8.62716615213749 50.5636858679584)))","10433","933","1433","2366","12799"
"MULTIPOLYGON (((8.71953915040896 50.5699392152508,8.72054840516829 50.570162794123,8.72129755725949 50.569758644747,8.72103744774322 50.5691309195446,8.72002820368529 50.5689073441858,8.71927905844236 50.569311490516,8.71953915040896 50.5699392152508)))","1429565","231865","318365","550230","1979795"
"MULTIPOLYGON (((8.69432451041278 50.5843025537927,8.69533375622956 50.5845263296433,8.69608310730429 50.5841224782205,8.69582320569465 50.5834948539906,8.69481397057065 50.5832710816553,8.69406462636366 50.5836749300347,8.69432451041278 50.5843025537927)))","1275107","10907","46207","57114","1332221"
"MULTIPOLYGON (((8.65344437905439 50.5541332275672,8.65445283824251 50.554357344311,8.65520193850127 50.5539535702097,8.65494257268329 50.5533256824012,8.65393412415764 50.553101569179,8.65318503078765 50.5535053402438,8.65344437905439 50.5541332275672)))","8563","4063","5163","9226","17789"
"MULTIPOLYGON (((8.72773012560557 50.5985424927856,8.72873986369485 50.5987659939789,8.72948930773454 50.5983620004504,8.72922900683662 50.5977345087772,8.72821927946174 50.5975110110947,8.7274698422705 50.5979150015746,8.72773012560557 50.5985424927856)))","1835","0","735","735","2570"
"MULTIPOLYGON (((8.62880536185974 50.5743129431733,8.62981390002645 50.5745372497781,8.63056325989222 50.5741338135601,8.63030407468248 50.573506073772,8.62929554717165 50.5732817706903,8.62854619421484 50.5736852038737,8.62880536185974 50.5743129431733)))","24673","473","3073","3546","28219"
"MULTIPOLYGON (((8.67700659055629 50.6066777216086,8.67801601085975 50.6069016275789,8.67876563277167 50.6064980758896,8.67850582749667 50.6058706212728,8.67749641788391 50.6056467188184,8.67674680285556 50.606050267465,8.67700659055629 50.6066777216086)))","104056","12356","24256","36612","140668"
"MULTIPOLYGON (((8.69011830949507 50.5896395940657,8.69112759627401 50.5898634015654,8.69187701207048 50.5894596221909,8.6916171342166 50.58883203836,8.69060785812994 50.5886082343758,8.68985844920498 50.589012010707,8.69011830949507 50.5896395940657)))","137382","4082","9982","14064","151446"
"MULTIPOLYGON (((8.71447443376844 50.5488603714414,8.71548334099894 50.5490839996358,8.71623227641114 50.548679728226,8.71597229774546 50.5480518316657,8.71496340120731 50.5478282069865,8.71421447264261 50.5482324753525,8.71447443376844 50.5488603714414)))","24108","5008","7308","12316","36424"
"MULTIPOLYGON (((8.6941601814756 50.5529094992514,8.69516897284789 50.5531332891878,8.69591798784653 50.5527292006866,8.69565820461133 50.5521013252907,8.69464942392216 50.5518775388715,8.69390041578517 50.5522816243311,8.6941601814756 50.5529094992514)))","996","0","496","496","1492"
"MULTIPOLYGON (((8.71453032879534 50.6087263076658,8.71554010090814 50.6089499108873,8.71628967788095 50.6085460936053,8.71602947588191 50.6079186761496,8.71501971447981 50.6076950764398,8.71427014436616 50.6080988906742,8.71453032879534 50.6087263076658)))","1429520","19120","236820","255940","1685460"
"MULTIPOLYGON (((8.70548677403411 50.5537108811786,8.70649567414653 50.5539345796998,8.70724467754008 50.5535304124225,8.70698477396694 50.5529025496671,8.70597588454373 50.5526788546617,8.70522688800456 50.5530830188961,8.70548677403411 50.5537108811786)))","1333","1333","2633","3966","5299"
"MULTIPOLYGON (((8.72626258501483 50.6016368209303,8.72727235524777 50.6018603326561,8.72802183511573 50.6014563736259,8.7277615379009 50.6008289059187,8.72675177838256 50.6006053977038,8.72600230536461 50.6010093536853,8.72626258501483 50.6016368209303)))","1078","0","178","178","1256"
"MULTIPOLYGON (((8.6809664698633 50.5630966543615,8.68197529489277 50.5633205462663,8.68272444245332 50.5629166339368,8.68246475811212 50.5622888327429,8.68145594376205 50.562064944356,8.6807068030739 50.5624688536452,8.6809664698633 50.5630966543615)))","12982","182","582","764","13746"
"MULTIPOLYGON (((8.64690405173321 50.5538199728256,8.64791245013892 50.5540441422493,8.64866155857381 50.5536404147934,8.64840226171012 50.5530125209493,8.64739387396339 50.5527883550477,8.6466447724215 50.5531920794681,8.64690405173321 50.5538199728256)))","360301","13701","28901","42602","402903"
"MULTIPOLYGON (((8.63128950974129 50.5514879940164,8.63229774011977 50.5517122898175,8.63304685104038 50.5513086617141,8.63278772467981 50.5506807408431,8.63177950495156 50.550456448566,8.6310304009338 50.550860073636,8.63128950974129 50.5514879940164)))","1389","289","589","878","2267"
"MULTIPOLYGON (((8.65808692197424 50.5831010740312,8.65909583903733 50.5833251417657,8.65984524154074 50.5829215527804,8.65958572008974 50.5822938990996,8.65857681370038 50.5820698348845,8.65782741808837 50.5824734208309,8.65808692197424 50.5831010740312)))","23465","565","2165","2730","26195"
"MULTIPOLYGON (((8.63848966272979 50.5644938090276,8.63949814264097 50.5647180417754,8.6402473802407 50.5643144584091,8.63998813102871 50.5636866453303,8.63897966177542 50.5634624161051,8.63823043107637 50.5638659964362,8.63848966272979 50.5644938090276)))","30311","2611","5511","8122","38433"
"MULTIPOLYGON (((8.6673441222392 50.5988352117359,8.66835334615017 50.5990591986291,8.66910290104341 50.5986556597707,8.66884322513733 50.5980281370602,8.66783401190966 50.5978041536844,8.66708446390485 50.5982076895018,8.6673441222392 50.5988352117359)))","92398","3098","5198","8296","100694"
"MULTIPOLYGON (((8.68123527227381 50.5836794047581,8.68224439668002 50.5839032861377,8.68299376436156 50.5834995280616,8.68273400076079 50.5828718916478,8.68172488704041 50.582648013785,8.6809755262351 50.5830517688193,8.68123527227381 50.5836794047581)))","1429586","204186","318386","522572","1952158"
"MULTIPOLYGON (((8.64214599230284 50.595518953621,8.64315495149375 50.5957431444415,8.64390451533372 50.5953397692659,8.64364511307852 50.5947122063074,8.64263616455684 50.5944880190072,8.64188660762126 50.5948913911453,8.64214599230284 50.595518953621)))","1896","196","396","592","2488"
"MULTIPOLYGON (((8.71140844791287 50.601196962456,8.71241808440918 50.6014205939151,8.71316758617814 50.601016742817,8.71290744459119 50.6003892633064,8.71189781880167 50.6001656353597,8.71114832389244 50.6005694834112,8.71140844791287 50.601196962456)))","56981","3581","14081","17662","74643"
"MULTIPOLYGON (((8.71799012644137 50.5484990564055,8.71899905859835 50.5487226564656,8.71974798385592 50.5483183559796,8.71948797011163 50.5476904584779,8.71847904864875 50.5474668619326,8.71773013023623 50.5478711593743,8.71799012644137 50.5484990564055)))","96760","5860","12960","18820","115580"
"MULTIPOLYGON (((8.71832899193022 50.6289376683193,8.71933908895915 50.6291612325589,8.72008887612232 50.6287575404239,8.71982855939604 50.6281302870987,8.71881847308599 50.6279067263692,8.71806869278347 50.6283104154549,8.71832899193022 50.6289376683193)))","1384","0","184","184","1568"
"MULTIPOLYGON (((8.682165785922 50.5394119228794,8.68317427973347 50.5396358146875,8.68392317155982 50.5392317136471,8.68366356270785 50.5386037238378,8.68265507956919 50.5383798355489,8.68190619460979 50.5387839335502,8.682165785922 50.5394119228794)))","72167","4267","7667","11934","84101"
"MULTIPOLYGON (((8.65719435696647 50.5920225486907,8.65820339517356 50.5922466199714,8.65895289494082 50.5918431054347,8.65869334960734 50.5912155226567,8.6576843220762 50.5909914548949,8.65693482920271 50.5913949663924,8.65719435696647 50.5920225486907)))","1306325","39925","128425","168350","1474675"
"MULTIPOLYGON (((8.69276528153225 50.580536733758,8.69377445958622 50.5807605236892,8.69452377306481 50.5803566553528,8.69426390162158 50.5797290001284,8.69325473425848 50.579505213713,8.69250542764788 50.5799090790063,8.69276528153225 50.580536733758)))","663251","22551","75451","98002","761253"
"MULTIPOLYGON (((8.68070389010983 50.6200326717961,8.68171353526554 50.6202565425204,8.68246329398444 50.6198530646124,8.68220340066398 50.6192257190242,8.68119376620497 50.6190018518146,8.68044401436983 50.6194053266786,8.68070389010983 50.6200326717961)))","7697","1197","1797","2994","10691"
"MULTIPOLYGON (((8.69129684434144 50.5836311769853,8.6923060544683 50.5838549774635,8.69305540373733 50.5834511436278,8.69279553601002 50.582823512357,8.69178633657423 50.5825997153946,8.69103699417478 50.5830035461872,8.69129684434144 50.5836311769853)))","1263970","194570","318370","512940","1776910"
"MULTIPOLYGON (((8.67943439243475 50.6191814453902,8.68044401436983 50.6194053266786,8.68119376620497 50.6190018518146,8.68093388922072 50.618374498706,8.67992427798143 50.6181506209325,8.67917453303071 50.6185540927527,8.67943439243475 50.6191814453902)))","4674","374","474","848","5522"
"MULTIPOLYGON (((8.61972905502132 50.5722938150907,8.62073748585069 50.5725181954201,8.62148683999147 50.572114811921,8.62122775638846 50.5714870511258,8.62021933620967 50.5712626743205,8.61946998898343 50.5716660547863,8.61972905502132 50.5722938150907)))","867","0","167","167","1034"
"MULTIPOLYGON (((8.65154370086236 50.5827876939503,8.65255255710861 50.5830118144078,8.65330196780978 50.582608272087,8.65304251536914 50.5819806123468,8.65203366979311 50.5817564954094,8.65128426598761 50.5821600346922,8.65154370086236 50.5827876939503)))","21832","1732","10332","12064","33896"
"MULTIPOLYGON (((8.68241441436713 50.5776707048334,8.68342346215307 50.5778945791793,8.68417276332086 50.5774907666404,8.68391300982856 50.5768630827974,8.68290397272724 50.5766392119685,8.68215467843375 50.5770430214658,8.68241441436713 50.5776707048334)))","622972","15872","62272","78144","701116"
"MULTIPOLYGON (((8.62033906247846 50.560456218887,8.62134732782647 50.5606805990609,8.62209655402618 50.5602771211213,8.62183750796618 50.5596492660405,8.62082925326547 50.5594248893914,8.62008003397755 50.5598283642983,8.62033906247846 50.560456218887)))","61523","223","323","546","62069"
"MULTIPOLYGON (((8.62365093564261 50.5640441433397,8.62465928126907 50.5642684954758,8.62540854011139 50.5638650199408,8.62514944641701 50.563237195303,8.62414111144062 50.563012846691,8.62339185950867 50.5634163191928,8.62365093564261 50.5640441433397)))","122830","6930","17830","24760","147590"
"MULTIPOLYGON (((8.68904876436317 50.5848426088173,8.69005797267898 50.585066426882,8.69080733893894 50.5846626190907,8.69054749001189 50.5840349962774,8.68953829238631 50.5838111817285,8.68878893299767 50.5842149864771,8.68904876436317 50.5848426088173)))","1182403","110703","241703","352406","1534809"
"MULTIPOLYGON (((8.73457708132603 50.5840999758832,8.73558666941931 50.5843234279246,8.73633594629151 50.5839192734239,8.73607562822948 50.5832916699304,8.73506605084972 50.5830682213999,8.73431678081859 50.5834723728521,8.73457708132603 50.5840999758832)))","6826","326","1726","2052","8878"
"MULTIPOLYGON (((8.70021310797931 50.5542521158244,8.70122197065669 50.5544758565408,8.70197098925048 50.5540717328791,8.70171113830905 50.5534438715435,8.70070228631834 50.5532201343435,8.6999532745825 50.5536242549628,8.70021310797931 50.5542521158244)))","4506","1506","5306","6812","11318"
"MULTIPOLYGON (((8.65537601800236 50.5676768784457,8.6563846891449 50.5679009742148,8.65713393109263 50.5674972884352,8.65687449500778 50.5668695099241,8.65586583453283 50.5666454176756,8.65511659947526 50.5670491004176,8.65537601800236 50.5676768784457)))","1429567","69467","140867","210334","1639901"
"MULTIPOLYGON (((8.69530341755944 50.5822395900328,8.69631264199067 50.5824633588528,8.69706196920329 50.5820594844297,8.69680206511813 50.5814318442302,8.69579285137953 50.5812080789255,8.6950435310336 50.5816119503051,8.69530341755944 50.5822395900328)))","1346557","147457","242457","389914","1736471"
"MULTIPOLYGON (((8.70848580762155 50.5897213206567,8.70949525323535 50.5899449803595,8.71024463714187 50.5895410639902,8.70998456857524 50.5889134909636,8.70897513366323 50.5886898347742,8.70822575661615 50.589093748098,8.70848580762155 50.5897213206567)))","1045845","260345","318345","578690","1624535"
"MULTIPOLYGON (((8.65926789824129 50.5770929296347,8.66027673873425 50.5773169903134,8.66102607473124 50.5769133468529,8.66076656334592 50.5762856457523,8.65975773352543 50.5760615885931,8.65900840441788 50.5764652290151,8.65926789824129 50.5770929296347)))","348410","28610","158410","187020","535430"
"MULTIPOLYGON (((8.68629159047146 50.6047481289032,8.68730106267122 50.6049719609825,8.68805064736533 50.6045683250523,8.68779075298268 50.6039408600867,8.68678129147784 50.6037170315224,8.68603171366082 50.6041206644088,8.68629159047146 50.6047481289032)))","3568","268","468","736","4304"
"MULTIPOLYGON (((8.69327243437229 50.5618359107422,8.69428134688034 50.5620597042037,8.69503045905811 50.5616556900977,8.69477065186399 50.5610278855722,8.69376175004133 50.5608040956273,8.69301264472752 50.5612081066914,8.69327243437229 50.5618359107422)))","11890","1590","9490","11080","22970"
"MULTIPOLYGON (((8.65676467570788 50.6175701761874,8.6577740793831 50.6177942404647,8.65852385411928 50.617390923262,8.65826421828124 50.6167635448228,8.65725482528957 50.616539484063,8.65650505745248 50.6169427982249,8.65676467570788 50.6175701761874)))","206899","4199","47699","51898","258797"
"MULTIPOLYGON (((8.68259392137258 50.5913904755314,8.68360316881125 50.5916143428339,8.68435261677205 50.59121063314,8.68409281041748 50.5905830591861,8.68308357366775 50.5903591953998,8.6823341325838 50.5907629020512,8.68259392137258 50.5913904755314)))","263103","27703","47603","75306","338409"
"MULTIPOLYGON (((8.65091027452858 50.6122820170868,8.65191955137289 50.6125061306077,8.65266927967398 50.6121028170992,8.65240972422897 50.6114753931096,8.6514004580636 50.6112512831071,8.65065073666441 50.6116545935758,8.65091027452858 50.6122820170868)))","16206","2006","2606","4612","20818"
"MULTIPOLYGON (((8.69989075458099 50.5866765594868,8.70090008246281 50.5869002895895,8.70164944906845 50.5864964144904,8.70138948092783 50.585868812333,8.70038016374241 50.5856450857449,8.69963080400129 50.5860489577996,8.69989075458099 50.5866765594868)))","379939","51539","93339","144878","524817"
"MULTIPOLYGON (((8.7037906168603 50.5960899646871,8.70480011419453 50.596313659549,8.70554957479489 50.5959098267277,8.70528953119737 50.5952823020902,8.70428004456446 50.5950586107419,8.7035305908279 50.5954624405177,8.7037906168603 50.5960899646871)))","243156","33656","79456","113112","356268"
"MULTIPOLYGON (((8.63338632656142 50.5787521238392,8.63439496824638 50.5789763918486,8.6351443676594 50.5785729549951,8.63488511848073 50.5779452531675,8.6338764874554 50.5777209886803,8.6331270949492 50.5781244224984,8.63338632656142 50.5787521238392)))","148837","11337","15937","27274","176111"
"MULTIPOLYGON (((8.64661379377064 50.61075804806,8.64762301160237 50.6109821967469,8.64837273112709 50.6105789038645,8.64811322591578 50.6099514653343,8.64710401876026 50.6097273201663,8.64635430613998 50.6101306100097,8.64661379377064 50.61075804806)))","159673","20573","116573","137146","296819"
"MULTIPOLYGON (((8.63110469145337 50.5976242840261,8.63211358595658 50.5978485627264,8.63286319182268 50.5974452863203,8.63260389627363 50.5968177342502,8.63159501243462 50.5965934590713,8.63084541348061 50.5969967324411,8.63110469145337 50.5976242840261)))","103688","5388","20888","26276","129964"
"MULTIPOLYGON (((8.64808442918193 50.6076658058908,8.64909361498514 50.6078899440208,8.64984329871658 50.6074866166162,8.64958378974204 50.6068591541207,8.64857461461484 50.6066350195096,8.64782493778626 50.6070383438752,8.64808442918193 50.6076658058908)))","66519","6819","68019","74838","141357"
"MULTIPOLYGON (((8.64992928267548 50.5544924565194,8.65093771680551 50.5547166013652,8.65168682711139 50.554312856337,8.6514274963962 50.5536849694991,8.65041907292691 50.5534608281752,8.64966996951221 50.5538645701674,8.64992928267548 50.5544924565194)))","27276","376","1776","2152","29428"
"MULTIPOLYGON (((8.6599849938761 50.5544461255999,8.66099351382469 50.5546701896552,8.66174260588636 50.5542663689068,8.66148317111504 50.5536384871405,8.66047466183237 50.553414426606,8.65972557665522 50.5538182443171,8.6599849938761 50.5544461255999)))","5084","2084","3984","6068","11152"
"MULTIPOLYGON (((8.62807807953485 50.5969513987355,8.62908693824212 50.5971757020304,8.62983654220659 50.596772443204,8.62957728054996 50.5961448841187,8.62856843250511 50.5959205843456,8.62781883545459 50.5963238401361,8.62807807953485 50.5969513987355)))","525138","31938","196638","228576","753714"
"MULTIPOLYGON (((8.6941252254716 50.5882482319757,8.69513452656035 50.5884720078144,8.69588392029886 50.5880681878496,8.69562400608011 50.5874405950897,8.69461471568527 50.5872168227661,8.69386532881539 50.5876206396873,8.6941252254716 50.5882482319757)))","41001","1301","4101","5402","46403"
"MULTIPOLYGON (((8.70383572096484 50.5430797679148,8.70484445361988 50.5433034840127,8.70559334615243 50.5428992484417,8.70533349917671 50.5422712998151,8.70432477720674 50.542047587234,8.70357589152754 50.5424518197628,8.70383572096484 50.5430797679148)))","88180","1780","1880","3660","91840"
"MULTIPOLYGON (((8.69189506275832 50.5717928209154,8.69290410711839 50.5720166214096,8.69365332842663 50.5716126932051,8.69339349850805 50.5709849675488,8.6923844648357 50.5707611705708,8.69163525039434 50.571165095733,8.69189506275832 50.5717928209154)))","1429553","143553","272353","415906","1845459"
"MULTIPOLYGON (((8.68181457008638 50.5895077395931,8.68282378363634 50.5897316139337,8.6835732127894 50.5893278957801,8.6833134215156 50.5887003063283,8.6823042186536 50.5884764355041,8.68155479637755 50.5888801506155,8.68181457008638 50.5895077395931)))","873938","61338","164338","225676","1099614"
"MULTIPOLYGON (((8.62532445064446 50.5570038576735,8.62633270916646 50.5572281991849,8.62708188963864 50.5568246576634,8.62682280468109 50.5561967776636,8.62581455680793 50.5559724396766,8.62506538324359 50.5563759781651,8.62532445064446 50.5570038576735)))","926252","952","7952","8904","935156"
"MULTIPOLYGON (((8.70923865420723 50.6269252200809,8.71024864412368 50.6271488583336,8.71099842595776 50.6267452190034,8.71073821100929 50.6261179444687,8.70972823180639 50.6258943097271,8.70897845683857 50.6262979460093,8.70923865420723 50.6269252200809)))","38138","2938","6738","9676","47814"
"MULTIPOLYGON (((8.70839349345951 50.5828611479366,8.70940283919949 50.5830848111972,8.710152149716 50.5826808434221,8.70989210763452 50.5820532154318,8.70888277259417 50.5818295556851,8.70813346893582 50.582233520415,8.70839349345951 50.5828611479366)))","1429554","32054","318354","350408","1779962"
"MULTIPOLYGON (((8.64857518956317 50.5467778739463,8.64958350082868 50.5470020327622,8.65033253090572 50.5465982393417,8.6500732428268 50.5459702901407,8.64906494221895 50.5457461348473,8.64831591903248 50.5461499252324,8.64857518956317 50.5467778739463)))","61849","5049","8249","13298","75147"
"MULTIPOLYGON (((8.70840737011576 50.5651919510733,8.70941646091042 50.5654156214393,8.71016558205108 50.5650115194165,8.70990560554255 50.5643837500718,8.70889652544212 50.5641600832206,8.70814741115611 50.5645641821993,8.70840737011576 50.5651919510733)))","3426","126","526","652","4078"
"MULTIPOLYGON (((8.71983038636479 50.5728541860937,8.72083968569796 50.5730777614306,8.72158886850048 50.5726736320016,8.72132874512133 50.5720459302817,8.72031945649059 50.571822358458,8.71957028053672 50.572226484841,8.71983038636479 50.5728541860937)))","235455","93055","132855","225910","461365"
"MULTIPOLYGON (((8.62390278402269 50.5846235961923,8.62491142875158 50.584847938027,8.62566090778769 50.584444616864,8.62540173518078 50.583816956901,8.62439310110838 50.5835926185893,8.62364362898653 50.5839959367177,8.62390278402269 50.5846235961923)))","503587","10087","24387","34474","538061"
"MULTIPOLYGON (((8.65160015907529 50.5474503258201,8.65260850605552 50.5476744600616,8.65335753800062 50.5472706490703,8.65309821607694 50.5466427068734,8.6520898797562 50.546418576154,8.65134085469975 50.5468223841095,8.65160015907529 50.5474503258201)))","1218","318","418","736","1954"
"MULTIPOLYGON (((8.67842957208313 50.5613932299869,8.67943835074715 50.5616171429778,8.68018748456231 50.5612132367289,8.6799278328398 50.5605854205293,8.67891906485338 50.5603615110567,8.67816993791197 50.5607654142656,8.67842957208313 50.5613932299869)))","181896","16396","64196","80592","262488"
"MULTIPOLYGON (((8.7165927472614 50.5937969387914,8.71760232129129 50.5940205315823,8.71835173440147 50.5936165854353,8.71809156662698 50.5929890495442,8.71708200330429 50.5927654602655,8.716332597049 50.5931694033656,8.7165927472614 50.5937969387914)))","79450","8450","67350","75800","155250"
"MULTIPOLYGON (((8.67455725620092 50.6118324431517,8.67556672995878 50.6120563667013,8.67631641155273 50.611652872537,8.67605661250271 50.6110254578658,8.67504714943584 50.610801537832,8.67429747472808 50.6112050289536,8.67455725620092 50.6118324431517)))","6088","0","388","388","6476"
"MULTIPOLYGON (((8.67217671880805 50.5639963274806,8.67318548129876 50.5642202896891,8.67393465408889 50.5638164500558,8.67367505751012 50.5631886512535,8.67266630569457 50.5629646925639,8.67191713978277 50.5633685291577,8.67217671880805 50.5639963274806)))","2302","102","602","704","3006"
"MULTIPOLYGON (((8.72851100582585 50.600424935389,8.72952077781457 50.6006484295177,8.73027024064507 50.6002444444396,8.73000992463862 50.5996169682817,8.72900016336528 50.5993934776636,8.72825070738309 50.5997974596929,8.72851100582585 50.600424935389)))","2387","687","1187","1874","4261"
"MULTIPOLYGON (((8.69619117410549 50.5733156842901,8.69720027732484 50.5735394496112,8.69794950730162 50.5731355007794,8.69768962719481 50.5725077896694,8.69668053466588 50.572284027864,8.69593131155342 50.5726879736528,8.69619117410549 50.5733156842901)))","32612","1112","5812","6924","39536"
"MULTIPOLYGON (((8.67725038709116 50.5674032313365,8.67825924233138 50.5676271513755,8.67900844262823 50.5672232995825,8.67874878080933 50.5665955307907,8.67773993624789 50.5663716142698,8.67699074282672 50.5667754630226,8.67725038709116 50.5674032313365)))","113169","3569","38869","42438","155607"
"MULTIPOLYGON (((8.66226892332565 50.5954290246642,8.66327805438494 50.5956530537576,8.66402758172055 50.5952495270617,8.66376797110584 50.5946219743128,8.66275885072618 50.5943979487376,8.66200933028169 50.5948014723933,8.66226892332565 50.5954290246642)))","1334776","8176","33276","41452","1376228"
"MULTIPOLYGON (((8.71774620696607 50.6231120741878,8.71875621470966 50.6233356455486,8.71950594035309 50.6229319134982,8.71924565139317 50.6223046131359,8.71823565436639 50.6220810452856,8.71748593558284 50.6224847742872,8.71774620696607 50.6231120741878)))","750","0","150","150","900"
"MULTIPOLYGON (((8.67965573093247 50.5975777470532,8.68066504250592 50.5978016354525,8.68141456206081 50.5973979947748,8.68115476316242 50.5967704687402,8.68014546227827 50.596546583857,8.6793959496034 50.5969502214923,8.67965573093247 50.5975777470532)))","817453","23653","60453","84106","901559"
"MULTIPOLYGON (((8.68689082155211 50.5929134544156,8.68790012790103 50.5931372865345,8.68864958455544 50.5927335562099,8.68838972798664 50.5921059968096,8.6873804323293 50.5918821682064,8.68663098254923 50.5922858954879,8.68689082155211 50.5929134544156)))","103583","2483","7183","9666","113249"
"MULTIPOLYGON (((8.63159501243462 50.5965934590713,8.63260389627363 50.5968177342502,8.63335349021573 50.5964144463368,8.63309419340741 50.5957868862808,8.63208532023256 50.5955626146233,8.63133573320199 50.5959658995005,8.63159501243462 50.5965934590713)))","239927","13927","20627","34554","274481"
"MULTIPOLYGON (((8.6140483732317 50.5807210940556,8.61505687669306 50.5809455166267,8.61580633114521 50.5805422397142,8.61554727521616 50.5799145432637,8.61453878240498 50.5796901242169,8.61378933487279 50.5800933980963,8.6140483732317 50.5807210940556)))","5911","0","711","711","6622"
"MULTIPOLYGON (((8.70486143042513 50.6008862876826,8.70587100625665 50.6011099719529,8.7066205163982 50.6007061675439,8.70636044384435 50.6000786819103,8.70535087871617 50.5998550011532,8.70460137543864 50.6002588025164,8.70486143042513 50.6008862876826)))","50507","2607","3107","5714","56221"
"MULTIPOLYGON (((8.70582578151697 50.6164845355325,8.70683559112153 50.6167082055927,8.70758526694622 50.6163045124775,8.70732512630005 50.6156771523491,8.70631532740409 50.615453485801,8.70556565844584 50.6158571758693,8.70582578151697 50.6164845355325)))","152722","21122","27822","48944","201666"
"MULTIPOLYGON (((8.66750506446333 50.5526951682106,8.66851362381172 50.552919172529,8.66926268382366 50.5525152821341,8.6690031776081 50.5518873904591,8.66799462892901 50.5516633896607,8.66724557579628 50.5520672770174,8.66750506446333 50.5526951682106)))","2877","177","1477","1654","4531"
"MULTIPOLYGON (((8.63012400993912 50.5996858754551,8.63113292577087 50.5999101611982,8.63188255548572 50.5995069078071,8.63162326245582 50.5988793717092,8.63061435728837 50.5986550894875,8.62986473448666 50.5990583398423,8.63012400993912 50.5996858754551)))","80296","1896","4496","6392","86688"
"MULTIPOLYGON (((8.67925543747296 50.605467058079,8.68026485960674 50.6056909464592,8.6810144645295 50.6052873687183,8.68075464043679 50.60465990564,8.67974522899453 50.6044360207754,8.67899563095358 50.6048395954736,8.67925543747296 50.605467058079)))","17680","4880","7080","11960","29640"
"MULTIPOLYGON (((8.63431423662219 50.5521608568543,8.63532250274535 50.5523851280893,8.63607161556029 50.5519814824169,8.63581245535121 50.5513535685433,8.63480419988003 50.551129300832,8.63405509396609 50.5515329434706,8.63431423662219 50.5521608568543)))","1041","0","341","341","1382"
"MULTIPOLYGON (((8.63984291310707 50.5722064739863,8.6408515159332 50.5724306927564,8.641600833813 50.5720271577984,8.6413415419655 50.5713994071062,8.64033294980035 50.5711751918579,8.63958363882181 50.5715787237801,8.63984291310707 50.5722064739863)))","1834","334","534","868","2702"
"MULTIPOLYGON (((8.73048415559694 50.5609607673438,8.73149337457505 50.5611842618129,8.73224241087317 50.5607799623082,8.73198222135399 50.5601521713811,8.73097301308017 50.5599286804246,8.73022398362134 50.5603329768827,8.73048415559694 50.5609607673438)))","409","0","109","109","518"
"MULTIPOLYGON (((8.67333351983361 50.5756554665138,8.67434246050659 50.5758794146978,8.67509175619089 50.5754756549073,8.67483210432244 50.5748479499732,8.67382317432876 50.5746240053073,8.67307388552437 50.5750277620575,8.67333351983361 50.5756554665138)))","322910","8910","17310","26220","349130"
"MULTIPOLYGON (((8.64107992423268 50.5907225188004,8.64208880497637 50.5909467201386,8.64283831923489 50.5905433165202,8.64257894584571 50.5899157146008,8.64157007576925 50.5896915167834,8.64082056841487 50.5900949173646,8.64107992423268 50.5907225188004)))","4111","0","511","511","4622"
"MULTIPOLYGON (((8.62524037771533 50.5501420472679,8.62624853659321 50.5503663921938,8.62699764371162 50.5499627992265,8.62673858504569 50.5493348643658,8.62573043681449 50.5491105229647,8.62498133660264 50.5495141128994,8.62524037771533 50.5501420472679)))","6594","194","494","688","7282"
"MULTIPOLYGON (((8.71427636558209 50.5528082513479,8.71528532805022 50.5530318795352,8.71603430608082 50.5526276395644,8.71577431479508 50.5519997744506,8.71476536302042 50.5517761497783,8.71401639183819 50.552180386705,8.71427636558209 50.5528082513479)))","1082","0","182","182","1264"
"MULTIPOLYGON (((8.6715289064204 50.6111606232362,8.67253834443133 50.6113845714189,8.6732880241883 50.6109810948452,8.67302825904646 50.6103536731313,8.67201883172483 50.6101297284649,8.6712691588559 50.6105332019962,8.6715289064204 50.6111606232362)))","36955","3455","4655","8110","45065"
"MULTIPOLYGON (((8.70181722855455 50.6178754959417,8.70282702386695 50.6180991976838,8.70357672178947 50.617695545173,8.7033166175303 50.6170681939667,8.70230683292483 50.6168444957371,8.70155714187172 50.6172481452014,8.70181722855455 50.6178754959417)))","9123","423","1123","1546","10669"
"MULTIPOLYGON (((8.63494182158785 50.5825182235317,8.63595053102683 50.582742477521,8.63669996809035 50.5823390576059,8.63644068880845 50.5817113867374,8.63543199003101 50.58148713627,8.63468255987404 50.5818905531492,8.63494182158785 50.5825182235317)))","400563","15163","63863","79026","479589"
"MULTIPOLYGON (((8.64877647551948 50.6026909148293,8.64978559539474 50.6029150494296,8.65053522450468 50.6025116790368,8.65027572683806 50.6018841770825,8.64926661763768 50.6016600460014,8.64851699542914 50.6020634133554,8.64877647551948 50.6026909148293)))","3438","0","438","438","3876"
"MULTIPOLYGON (((8.64240928636766 50.5562421201583,8.64341768101735 50.5564663247255,8.64416682331191 50.556062649344,8.64390756406045 50.5554347724305,8.64289918006815 50.5552105713859,8.64215004467003 50.5556142437322,8.64240928636766 50.5562421201583)))","692065","2665","10665","13330","705395"
"MULTIPOLYGON (((8.65999419544693 50.6142987433213,8.6610035796149 50.6145227829747,8.66175331350664 50.6141194167017,8.6614936563342 50.6134920138164,8.66048428285045 50.6132679776804,8.65973455585503 50.6136713409123,8.65999419544693 50.6142987433213)))","3707","507","707","1214","4921"
"MULTIPOLYGON (((8.70920095019841 50.5494021294626,8.71020982002572 50.5496257998551,8.71095877065881 50.5492215720593,8.71069884461367 50.5485936769142,8.70968998547618 50.5483700100374,8.70894104169414 50.54877423479,8.70920095019841 50.5494021294626)))","347","0","147","147","494"
"MULTIPOLYGON (((8.67927668149028 50.5878047737862,8.68028584864052 50.5880286692328,8.68103526403888 50.5876249571635,8.68077550540879 50.5869973526894,8.67976634894464 50.5867734607596,8.67901694042464 50.5871771697871,8.67927668149028 50.5878047737862)))","687928","65028","142028","207056","894984"
"MULTIPOLYGON (((8.6561873125147 50.6117443312751,8.65719662700271 50.6119684025882,8.65794634020349 50.6115650454376,8.6576867320181 50.6109376200143,8.65667742821156 50.610713552219,8.65592772190909 50.6111169063293,8.6561873125147 50.6117443312751)))","29815","1715","2515","4230","34045"
"MULTIPOLYGON (((8.69958421703601 50.6014264763372,8.70059375538 50.6016502028458,8.70134328074076 50.6012464420788,8.70108326088999 50.6006189578484,8.70007373324671 50.6003952348536,8.69932421475359 50.6007989925754,8.69958421703601 50.6014264763372)))","1429576","20676","152576","173252","1602828"
"MULTIPOLYGON (((8.64212146625547 50.5533269027033,8.64312981639588 50.5535511107509,8.64387892797135 50.5531474154025,8.64361968251043 50.5525195150414,8.6426113430264 50.5522953105166,8.641862238347 50.5526990028301,8.64212146625547 50.5533269027033)))","88310","3310","19210","22520","110830"
"MULTIPOLYGON (((8.67854032161824 50.5505835542063,8.67954894533679 50.5508074706686,8.68029796318528 50.5504034815544,8.68003835044383 50.5497755790174,8.67902973739961 50.5495516660741,8.67828072642263 50.5499556521489,8.67854032161824 50.5505835542063)))","110862","3762","12162","15924","126786"
"MULTIPOLYGON (((8.73427782195909 50.5988518738817,8.73528762063028 50.5990753222391,8.73603705622478 50.5986712820173,8.73577668630401 50.5980437964876,8.73476689835073 50.5978203516403,8.73401746960039 50.5982243888127,8.73427782195909 50.5988518738817)))","28691","8691","36691","45382","74073"
"MULTIPOLYGON (((8.62079325459238 50.5770913420089,8.62180176381456 50.5773157118608,8.62255116752684 50.5769123568108,8.62229205510227 50.5762846349425,8.62128355653267 50.5760602686142,8.62053415973519 50.5764636206306,8.62079325459238 50.5770913420089)))","4037","137","337","474","4511"
"MULTIPOLYGON (((8.68128344352222 50.6258581194841,8.68229317791391 50.6260819831349,8.68304299816864 50.6256785451633,8.68278307714723 50.6250512465854,8.68177335345435 50.6248273864489,8.68102354008414 50.625230821376,8.68128344352222 50.6258581194841)))","10586","0","1786","1786","12372"
"MULTIPOLYGON (((8.69522961808545 50.5577085334148,8.69623848785232 50.5579323128094,8.69698755233835 50.5575282527145,8.69672774019573 50.5569004162669,8.69571888111402 50.556676640389,8.69496982348985 50.557080697442,8.69522961808545 50.5577085334148)))","85202","7702","37702","45404","130606"
"MULTIPOLYGON (((8.70314798066846 50.548059934814,8.70415677922687 50.5482836544319,8.70490572629238 50.5478794617971,8.70464586794484 50.5472515525869,8.70363708007272 50.5470278364856,8.70288813986198 50.5474320260779,8.70314798066846 50.548059934814)))","50530","6530","23530","30060","80590"
"MULTIPOLYGON (((8.72539734148426 50.5752273441504,8.72640672279412 50.5754508737189,8.72715592105033 50.5750467206073,8.72689573115137 50.574419040974,8.72588636054761 50.5741955149179,8.72513716913681 50.5745996649827,8.72539734148426 50.5752273441504)))","144675","21675","29775","51450","196125"
"MULTIPOLYGON (((8.72179707885777 50.5510534709654,8.72280608048111 50.5512770393635,8.72355502626991 50.5508727297436,8.72329496359245 50.5502448547704,8.72228597266593 50.5500212898865,8.72153703372017 50.5504255964616,8.72179707885777 50.5510534709654)))","351463","26563","82463","109026","460489"
"MULTIPOLYGON (((8.68484224644687 50.5901793379901,8.68585149570663 50.5904031877054,8.68660092668 50.5899994519648,8.68634110151855 50.5893718695516,8.68533186294851 50.5891480233523,8.6845824388503 50.5895517560502,8.68484224644687 50.5901793379901)))","114891","3991","10191","14182","129073"
"MULTIPOLYGON (((8.63946964765135 50.5624310037001,8.64047810624678 50.5626552294028,8.64122732001865 50.5622516230317,8.64096806829562 50.5616237939932,8.63995962035794 50.561399571813,8.63921041348566 50.561803175149,8.63946964765135 50.5624310037001)))","9737","937","1437","2374","12111"
"MULTIPOLYGON (((8.63676392125892 50.5470028819575,8.63777213412278 50.5472271355738,8.63852118739492 50.5468234323965,8.63826202090501 50.5461954786368,8.63725381869283 50.5459712285442,8.63650477231903 50.5463749286876,8.63676392125892 50.5470028819575)))","292","0","192","192","484"
"MULTIPOLYGON (((8.67429032169602 50.5912580532311,8.67529949586865 50.5914819873659,8.6760489571563 50.5910783388922,8.67578923738905 50.590450759325,8.67478007390099 50.5902268287073,8.6740306194957 50.5906304741396,8.67429032169602 50.5912580532311)))","1429586","95686","310886","406572","1836158"
"MULTIPOLYGON (((8.65508759025503 50.5647620441705,8.65609621686645 50.5649861434333,8.65684542808875 50.5645824376885,8.65658600581004 50.5639546357181,8.65557738986517 50.563730539976,8.65482818553263 50.5641342426835,8.65508759025503 50.5647620441705)))","776209","191409","196309","387718","1163927"
"MULTIPOLYGON (((8.69889561524769 50.6064024322142,8.69990521959838 50.6066261622114,8.70065479958284 50.6062224444083,8.70039476834772 50.6055949996534,8.69938517469896 50.6053712731697,8.69863560158355 50.6057749879274,8.69889561524769 50.6064024322142)))","1429507","22907","105307","128214","1557721"
"MULTIPOLYGON (((8.68203508156355 50.5678949929049,8.68304398500247 50.5681188742732,8.68379318207491 50.5677149903592,8.68353346883592 50.5670872281177,8.68252457607845 50.5668633502669,8.6817753858786 50.5672672311401,8.68203508156355 50.5678949929049)))","12824","224","1624","1848","14672"
"MULTIPOLYGON (((8.71355151789838 50.6107887116423,8.71456131143283 50.611012321887,8.71531091229299 50.6106085276087,8.7150507127586 50.6099811261332,8.71404092993502 50.6097575194001,8.71329133593506 50.6101613106309,8.71355151789838 50.6107887116423)))","359150","19550","48350","67900","427050"
"MULTIPOLYGON (((8.6758928322693 50.5596897334362,8.67690156456773 50.5599136675099,8.67765068463475 50.5595097673409,8.67739106552844 50.5588819361379,8.67638234390582 50.5586580055829,8.67563323071382 50.5590619027123,8.6758928322693 50.5596897334362)))","31133","2433","2533","4966","36099"
"MULTIPOLYGON (((8.70827337916148 50.6113290919358,8.70928313522365 50.6115527444351,8.71003275132937 50.6111489938054,8.70977260450922 50.6105215937234,8.70876285915534 50.6102979447363,8.70801324991344 50.610701692319,8.70827337916148 50.6113290919358)))","144525","8725","26025","34750","179275"
"MULTIPOLYGON (((8.73926335155117 50.5953959462816,8.74027314298663 50.595619355934,8.74102253254704 50.5952152521214,8.74076212383189 50.5945877417065,8.73975234311585 50.5943643355639,8.73900296039565 50.5947684363266,8.73926335155117 50.5953959462816)))","493","0","193","193","686"
"MULTIPOLYGON (((8.66810696922364 50.5408525675516,8.66911536302869 50.5410765717849,8.66986429518568 50.540672587023,8.66960482666121 50.5400446010653,8.66859644352216 50.5398206003527,8.66784751824165 50.5402245820771,8.66810696922364 50.5408525675516)))","772824","10424","13224","23648","796472"
"MULTIPOLYGON (((8.6975347568465 50.5986927661524,8.69854423809288 50.5989165102754,8.69929373778077 50.5985127440966,8.69903374935395 50.5978852368398,8.69802427880645 50.597661496231,8.69727478598701 50.5980652593649,8.6975347568465 50.5986927661524)))","119452","1852","3452","5304","124756"
"MULTIPOLYGON (((8.65543582649723 50.592201963339,8.65644485216632 50.5924260486836,8.65719435696647 50.5920225486907,8.65693482920271 50.5913949663924,8.65592581420877 50.5911708845668,8.65517631630358 50.5915743815207,8.65543582649723 50.592201963339)))","542233","2533","7233","9766","551999"
"MULTIPOLYGON (((8.64984329871658 50.6074866166162,8.65085249707064 50.6077107406796,8.65160217577317 50.6073073987286,8.65134264922006 50.6066799357535,8.65033346154287 50.606455815209,8.64958378974204 50.6068591541207,8.64984329871658 50.6074866166162)))","4396","996","1596","2592","6988"
"MULTIPOLYGON (((8.66218116059558 50.5885702035768,8.66319019184045 50.5887942361727,8.66393964575586 50.5883906580369,8.66368006153679 50.5877630503449,8.66267104096945 50.5875390212675,8.66192159394377 50.5879425963637,8.66218116059558 50.5885702035768)))","1429536","7036","20936","27972","1457508"
"MULTIPOLYGON (((8.68685216969187 50.6282319127612,8.68786198627774 50.6284557306245,8.68861182211875 50.6280522689666,8.68835183449268 50.6274249924908,8.68734202860918 50.6272011781411,8.6865921996495 50.6276046367537,8.68685216969187 50.6282319127612)))","55819","5919","13519","19438","75257"
"MULTIPOLYGON (((8.67845458178622 50.6212430358139,8.67946422511307 50.6214669241321,8.68021400082968 50.6210634722803,8.6799541263341 50.6204361351541,8.67894449370319 50.6202122503508,8.67819472487206 50.6206156991588,8.67845458178622 50.6212430358139)))","83399","17999","23899","41898","125297"
"MULTIPOLYGON (((8.61347500826434 50.5748927859861,8.61448342268069 50.5751172155058,8.61523281563786 50.5747138986339,8.61497378725961 50.5740861552747,8.61396538349142 50.5738617292796,8.61321599745343 50.574265043119,8.61347500826434 50.5748927859861)))","1705","0","105","105","1810"
"MULTIPOLYGON (((8.70122026538012 50.6297065800618,8.70223022671022 50.629930281692,8.70298005275931 50.6295267235818,8.70271991060632 50.6288994668886,8.70170995998653 50.6286757687704,8.70096014080952 50.6290793238334,8.70122026538012 50.6297065800618)))","35676","4676","5476","10152","45828"
"MULTIPOLYGON (((8.65465731098268 50.5903192023936,8.65566630276349 50.5905432947631,8.65641578874255 50.5901397863047,8.65615627604585 50.5895121885157,8.6551472949392 50.5892880996655,8.65439781585523 50.589691605085,8.65465731098268 50.5903192023936)))","316538","6438","22038","28476","345014"
"MULTIPOLYGON (((8.61719414724201 50.5705894947649,8.61820253163603 50.5708138961398,8.61895187194705 50.5704105187069,8.61869282094824 50.5697827429321,8.61768444720295 50.5695583450818,8.61693511380785 50.5699617194817,8.61719414724201 50.5705894947649)))","1089","189","489","678","1767"
"MULTIPOLYGON (((8.63047864989405 50.567273532812,8.63148710091713 50.5674978288047,8.63223638238741 50.5670943265965,8.63197720592826 50.56646653143,8.6309687655598 50.5662422389605,8.63021949099602 50.5666457381344,8.63047864989405 50.567273532812)))","12353","1253","1453","2706","15059"
"MULTIPOLYGON (((8.67831878837275 50.5722012825132,8.67932772202984 50.5724251920161,8.68007697184751 50.5720213686415,8.67981728113232 50.5713936388049,8.67880835815607 50.5711697328199,8.67805911521431 50.5715735531537,8.67831878837275 50.5722012825132)))","127216","6516","14416","20932","148148"
"MULTIPOLYGON (((8.68607227466309 50.6263500692218,8.68708205732432 50.6265738941408,8.68783187433973 50.6261704240219,8.68757190181254 50.625543132029,8.68656212985274 50.6253193106237,8.6858123197188 50.6257227776976,8.68607227466309 50.6263500692218)))","5270","3970","6570","10540","15810"
"MULTIPOLYGON (((8.61437272501151 50.5659705336157,8.61538101846034 50.5661949595026,8.61613031420072 50.5657915681576,8.61587130957559 50.565163753958,8.61486302677264 50.5649393315962,8.61411373794907 50.565342719909,8.61437272501151 50.5659705336157)))","518671","5371","55171","60542","579213"
"MULTIPOLYGON (((8.7022613996325 50.5569872389921,8.70327031933384 50.5572109621268,8.7040193635648 50.5568068438759,8.70375948123746 50.5561790055331,8.7027505722247 50.5559552859143,8.70200153485085 50.5563594011225,8.7022613996325 50.5569872389921)))","1372","0","272","272","1644"
"MULTIPOLYGON (((8.71025804742787 50.5718734150622,8.71126725052423 50.5720970678162,8.71201643994292 50.571693002648,8.71175641941061 50.5710652877706,8.71074722701149 50.5708416385309,8.70999804444756 50.5712457006543,8.71025804742787 50.5718734150622)))","609","0","209","209","818"
"MULTIPOLYGON (((8.64390451533372 50.5953397692659,8.644913487077 50.5955639460252,8.64566304589482 50.5951605563058,8.64540362606632 50.5945329928648,8.64439466499315 50.5943088196257,8.64364511307852 50.5947122063074,8.64390451533372 50.5953397692659)))","889","0","1089","1089","1978"
"MULTIPOLYGON (((8.69343638479184 50.5932250166719,8.69444575185365 50.5934487960117,8.69519520019486 50.5930450190075,8.6949352746043 50.5924174657075,8.69392591823755 50.5921936898826,8.69317647676642 50.5925974638429,8.69343638479184 50.5932250166719)))","12684","584","984","1568","14252"
"MULTIPOLYGON (((8.73604395040806 50.5810046539861,8.73705350636097 50.5812280954948,8.73780274741826 50.5808239065045,8.73754242568323 50.580196279054,8.73653288044366 50.5799728410562,8.73578364622589 50.5803770269981,8.73604395040806 50.5810046539861)))","10091","0","591","591","10682"
"MULTIPOLYGON (((8.62058991825972 50.5810365156269,8.62159848266312 50.5812608855234,8.62234792903783 50.5808575619572,8.6220888040936 50.5802298715285,8.62108025034391 50.5800055051555,8.62033081088489 50.5804088256878,8.62058991825972 50.5810365156269)))","53374","474","1274","1748","55122"
"MULTIPOLYGON (((8.70304102413033 50.5588707216261,8.70404997768974 50.5590944377265,8.70479904070133 50.5586903279289,8.70453914329661 50.5580625050739,8.70353020042671 50.5578387924894,8.70278114427214 50.558242899244,8.70304102413033 50.5588707216261)))","1141","341","441","782","1923"
"MULTIPOLYGON (((8.6303940565387 50.56041260375,8.63140240787994 50.5606369031746,8.63215161597687 50.5602333495189,8.63189246582753 50.5596054994725,8.63088412513878 50.5593812035715,8.63013492394703 50.5597847541934,8.6303940565387 50.56041260375)))","25315","115","215","330","25645"
"MULTIPOLYGON (((8.70614552967843 50.5840729815859,8.70715487363317 50.5842966624357,8.70790420115788 50.583892720704,8.70764417786812 50.5832651011675,8.70663484461224 50.5830414238317,8.70588552394738 50.5834453625185,8.70614552967843 50.5840729815859)))","347761","3861","23261","27122","374883"
"MULTIPOLYGON (((8.6576843220762 50.5909914548949,8.65869334960734 50.5912155226567,8.65944283744765 50.5908119966157,8.65918329086375 50.5901844058522,8.65817427400853 50.5899603416094,8.65742479306143 50.5903638646111,8.6576843220762 50.5909914548949)))","889453","14553","77853","92406","981859"
"MULTIPOLYGON (((8.70672698551173 50.5899015487003,8.70773641863911 50.5901252224806,8.70848580762155 50.5897213206567,8.70822575661615 50.589093748098,8.70721633418971 50.5888700778313,8.70646695206789 50.5892739766098,8.70672698551173 50.5899015487003)))","305975","16175","102975","119150","425125"
"MULTIPOLYGON (((8.69516074748937 50.6283641976457,8.69617063736316 50.6285879485988,8.69692045981238 50.6281844256871,8.69666038551208 50.6275571548688,8.69565050634502 50.6273334074283,8.69490069077165 50.6277369272937,8.69516074748937 50.6283641976457)))","75429","729","1329","2058","77487"
"MULTIPOLYGON (((8.61085756937028 50.5663283787888,8.61186583767542 50.5665528327633,8.61261514340028 50.5661494704926,8.61235617390092 50.5655216572792,8.61134791623994 50.5652972068301,8.6105986174343 50.5657005660691,8.61085756937028 50.5663283787888)))","49848","9948","23648","33596","83444"
"MULTIPOLYGON (((8.69305540373733 50.5834511436278,8.69406462636366 50.5836749300347,8.69481397057065 50.5832710816553,8.69455408528308 50.5826434499124,8.69354487334865 50.5824196670209,8.69279553601002 50.582823512357,8.69305540373733 50.5834511436278)))","944714","112014","253814","365828","1310542"
"MULTIPOLYGON (((8.71922565844734 50.6023583238089,8.72023537877707 50.602581891876,8.72098487900725 50.6021779910392,8.72072465205298 50.6015505251832,8.71971494243441 50.6013269606276,8.71896544905907 50.6017308584167,8.71922565844734 50.6023583238089)))","10573","173","673","846","11419"
"MULTIPOLYGON (((8.73623404851485 50.5947256679947,8.73724380431487 50.5949491023118,8.73799319213672 50.5945450160966,8.7377328173166 50.5939174986139,8.73672307223423 50.5936940678069,8.73597369125444 50.5940981509727,8.73623404851485 50.5947256679947)))","56596","6796","19896","26692","83288"
"MULTIPOLYGON (((8.72675177838256 50.6006053977038,8.7277615379009 50.6008289059187,8.72851100582585 50.600424935389,8.72825070738309 50.5997974596929,8.72724095857932 50.5995739549888,8.72649149750388 50.5999779224699,8.72675177838256 50.6006053977038)))","767","267","867","1134","1901"
"MULTIPOLYGON (((8.64304045130523 50.5865983937912,8.64404928938032 50.5868225810464,8.64479875594647 50.5864191314068,8.64453937753559 50.5857914975492,8.64353055012748 50.5855673138147,8.64278109046335 50.5859707604173,8.64304045130523 50.5865983937912)))","235726","18526","21526","40052","275778"
"MULTIPOLYGON (((8.65722116965355 50.5743580179496,8.65822995307137 50.574582096188,8.65897926336761 50.5741784473021,8.65871978335592 50.5735507232161,8.65771101060873 50.5733266484977,8.65696170720271 50.5737302943454,8.65722116965355 50.5743580179496)))","333753","133253","206553","339806","673559"
"MULTIPOLYGON (((8.71718684876841 50.5819593391606,8.7181962569017 50.5821829320383,8.71894554202184 50.581778891542,8.71868541215665 50.5811512612142,8.71767601472728 50.5809276718493,8.71692673645931 50.5813317092995,8.71718684876841 50.5819593391606)))","251","0","351","351","602"
"MULTIPOLYGON (((8.70885524603369 50.6171555210544,8.70986509134049 50.6173791664553,8.7106147689507 50.6169754557423,8.71035459438967 50.6163481026759,8.70934475979323 50.6161244607868,8.70859508904761 50.6165281684524,8.70885524603369 50.6171555210544)))","19328","1728","2128","3856","23184"
"MULTIPOLYGON (((8.64675898181697 50.5822946344666,8.64776778976929 50.5825187935807,8.64851720362453 50.582115283381,8.64825780262884 50.5814876171047,8.64724900534414 50.5812634615112,8.6464995983876 50.5816669686735,8.64675898181697 50.5822946344666)))","739258","46158","78658","124816","864074"
"MULTIPOLYGON (((8.66033511066911 50.5818902986112,8.66134402958981 50.5821143487646,8.66209341513503 50.5817107337342,8.66183387487004 50.5810830715894,8.66082496662387 50.5808590249551,8.66007558796831 50.5812626369465,8.66033511066911 50.5818902986112)))","175696","16596","28196","44792","220488"
"MULTIPOLYGON (((8.64776821172868 50.5625653020004,8.64877674368378 50.5627894609688,8.64952594428057 50.562385793411,8.6492666060282 50.5617579699212,8.64825808473521 50.5615338144745,8.64750889103258 50.561937478996,8.64776821172868 50.5625653020004)))","1152976","26576","75176","101752","1254728"
"MULTIPOLYGON (((8.63281130564265 50.5729234528187,8.63381985826577 50.5731477277983,8.63456919619833 50.5727442509975,8.63430997460185 50.572116502252,8.63330143263627 50.5718922307951,8.63255210160976 50.572295704561,8.63281130564265 50.5729234528187)))","3866","0","366","366","4232"
"MULTIPOLYGON (((8.67938734240968 50.5769990325651,8.68039635449502 50.5772229315261,8.68114565383948 50.5768191365707,8.68088593422259 50.5761914456955,8.67987693282012 50.5759675502519,8.67912764035177 50.5763713421661,8.67938734240968 50.5769990325651)))","963879","8779","60879","69658","1033537"
"MULTIPOLYGON (((8.70302579284325 50.5765412117823,8.70403500127856 50.5767649208115,8.70478425363653 50.5763609452626,8.70452429069885 50.5757332637288,8.70351509295845 50.5755095582144,8.70276584746093 50.5759135307191,8.70302579284325 50.5765412117823)))","202571","4271","71971","76242","278813"
"MULTIPOLYGON (((8.7014349234819 50.6081047476512,8.70244457423842 50.6083284565137,8.70319416795897 50.607924732619,8.7029341040554 50.6072973029078,8.70192446400266 50.6070735975585,8.70117487714982 50.6074773184073,8.7014349234819 50.6081047476512)))","1074072","8872","56972","65844","1139916"
"MULTIPOLYGON (((8.6514004580636 50.6112512831071,8.65240972422897 50.6114753931096,8.65315944059741 50.6110720680937,8.65289988389916 50.610444636115,8.65189062841261 50.6102205296309,8.65114091894558 50.6106238516071,8.6514004580636 50.6112512831071)))","474515","30615","56015","86630","561145"
"MULTIPOLYGON (((8.6998153392904 50.5621467122258,8.70082431243541 50.5623704529405,8.701573416287 50.5619663921727,8.701313540134 50.561338593733,8.70030457767786 50.5611148565342,8.699555480686 50.5615189142593,8.6998153392904 50.5621467122258)))","219234","634","2434","3068","222302"
"MULTIPOLYGON (((8.73086212337931 50.5884074127811,8.73187174186531 50.5886308929496,8.73262107159058 50.5882267989837,8.73236077598556 50.5875992278977,8.73135116821247 50.5873757512402,8.73060184533159 50.5877798421578,8.73086212337931 50.5884074127811)))","65691","14491","24091","38582","104273"
"MULTIPOLYGON (((8.64941070828682 50.5731928340546,8.65041940769578 50.5734169755394,8.65116871929044 50.5730133763496,8.65090932458114 50.5723856387123,8.64990063583839 50.5721615007484,8.64915133113887 50.572565096901,8.64941070828682 50.5731928340546)))","104511","16511","43711","60222","164733"
"MULTIPOLYGON (((8.62917717799839 50.5840865724252,8.63018586042126 50.5843108721001,8.63093532443755 50.5839075073138,8.63067609912043 50.583279845888,8.62966742735663 50.5830555497356,8.628917970251 50.5834589114866,8.62917717799839 50.5840865724252)))","481022","2322","9022","11344","492366"
"MULTIPOLYGON (((8.72226523286891 50.5853640915313,8.72327473371418 50.5855876421438,8.72402404623621 50.5851835894605,8.72376385106368 50.5845559892118,8.72275436092599 50.5843324421114,8.7220050552534 50.5847364917477,8.72226523286891 50.5853640915313)))","1125","0","125","125","1250"
"MULTIPOLYGON (((8.73154838830695 50.5834295704503,8.73255794076945 50.5836530471458,8.73330721589656 50.5832489102389,8.73304693171839 50.5826212996847,8.73203738996767 50.5823978265005,8.73128812168347 50.5828019603593,8.73154838830695 50.5834295704503)))","6144","444","1344","1788","7932"
"MULTIPOLYGON (((8.72313956154596 50.5941068726824,8.72414919618793 50.5943304126571,8.72489860088967 50.5939264198225,8.72463836409896 50.593298890061,8.72362874016767 50.5930753535978,8.72287934231653 50.5934793433847,8.72313956154596 50.5941068726824)))","632120","7820","62720","70540","702660"
"MULTIPOLYGON (((8.68748985157197 50.5810767972957,8.68849899212435 50.5813006294362,8.68924832078257 50.580896804729,8.68898850201695 50.5802691509238,8.68797937215285 50.5800453222995,8.68723005036621 50.5804491439643,8.68748985157197 50.5810767972957)))","47904","804","904","1708","49612"
"MULTIPOLYGON (((8.73516099686649 50.5899288401786,8.73617067416422 50.590152285116,8.73692001247766 50.5897481705062,8.73665966665167 50.589120614008,8.73565000006955 50.5888971725811,8.73490066859792 50.5893012841419,8.73516099686649 50.5899288401786)))","826","0","126","126","952"
"MULTIPOLYGON (((8.72676101935449 50.5829396804012,8.72777052371832 50.583163195829,8.72851980218777 50.5827590910602,8.72825956944746 50.582131473911,8.72725007579278 50.581907961995,8.72650080416934 50.5823120637164,8.72676101935449 50.5829396804012)))","1283","183","583","766","2049"
"MULTIPOLYGON (((8.6879081469716 50.555513995593,8.68891692223744 50.5557378347497,8.68966597624734 50.5553338128565,8.68940624812527 50.5547059548475,8.68839748354016 50.5544821192084,8.68764843639653 50.5548861380607,8.6879081469716 50.555513995593)))","179","0","379","379","558"
"MULTIPOLYGON (((8.7055641726217 50.5782439588691,8.70657342741929 50.5784676467822,8.70732269349617 50.5780636651445,8.70706269791643 50.5774359986384,8.70605345381556 50.5772123142398,8.70530419459782 50.5776162928329,8.7055641726217 50.5782439588691)))","893009","203109","258809","461918","1354927"
"MULTIPOLYGON (((8.65194693353202 50.5748965583004,8.65295567934947 50.5751206787129,8.6537050047325 50.5747170734483,8.65344557740437 50.5740893508088,8.65243684225495 50.5738652339168,8.65168752376575 50.5742688361438,8.65194693353202 50.5748965583004)))","235675","12075","18075","30150","265825"
"MULTIPOLYGON (((8.68477211273081 50.5656516555691,8.68578100730821 50.5658755158388,8.68653017548189 50.5654715943865,8.68627044220787 50.5648438157057,8.68526155831263 50.5646199589534,8.68451239700932 50.5650238773645,8.68477211273081 50.5656516555691)))","25779","1879","9179","11058","36837"
"MULTIPOLYGON (((8.71776924210568 50.587788190142,8.71877873941854 50.5880117759389,8.71952808598629 50.587607775343,8.7192679283884 50.5869801919969,8.71825844178152 50.5867566097126,8.71750910206669 50.5871606072618,8.71776924210568 50.587788190142)))","1103766","9066","40966","50032","1153798"
"MULTIPOLYGON (((8.71110426005477 50.6159443804599,8.71211410714439 50.6161680082628,8.71286376772751 50.6157642714964,8.71260357435825 50.6151369099746,8.71159373797976 50.6149132856833,8.7108440842595 50.6153170194022,8.71110426005477 50.6159443804599)))","3788","0","188","188","3976"
"MULTIPOLYGON (((8.67268637649572 50.6228122755428,8.67369599292816 50.6230362096115,8.67444579574608 50.6226328129167,8.6741859752421 50.6220054851965,8.6731763695031 50.6217815546432,8.67242657357478 50.6221849482948,8.67268637649572 50.6228122755428)))","1384","284","784","1068","2452"
"MULTIPOLYGON (((8.69394345199592 50.574527461119,8.69495255341213 50.5747512440251,8.6957018003799 50.5743473212341,8.69544193906549 50.57371961858,8.69443284833888 50.5734958391899,8.69368360823719 50.573899758938,8.69394345199592 50.574527461119)))","98416","10916","22416","33332","131748"
"MULTIPOLYGON (((8.70503069080663 50.6322593767324,8.70604072178861 50.632483046631,8.70679056844994 50.6320794793779,8.70653037725936 50.6314522452742,8.70552035699042 50.631228578887,8.70477051719914 50.6316321430922,8.70503069080663 50.6322593767324)))","3989","489","989","1478","5467"
"MULTIPOLYGON (((8.69089792053368 50.5915223131422,8.69190724120181 50.5917461135997,8.6926566758022 50.5913423426831,8.69239678286318 50.5907147743526,8.69138747288825 50.5904909774103,8.69063804515926 50.5908947452834,8.69089792053368 50.5915223131422)))","303501","31601","63201","94802","398303"
"MULTIPOLYGON (((8.69819045284159 50.6290354258454,8.69920037844541 50.6292591521382,8.69995020269681 50.6288556116276,8.69969009447059 50.6282283478709,8.69868017957527 50.6280046250904,8.69793036219783 50.6284081625542,8.69819045284159 50.6290354258454)))","4515","215","1215","1430","5945"
"MULTIPOLYGON (((8.71257265429444 50.612851037649,8.71358246925075 50.6130746549171,8.71433209399931 50.6126708836429,8.71407189693038 50.6120434981484,8.71306209268503 50.611819884392,8.71231247479774 50.6122236526186,8.71257265429444 50.612851037649)))","738793","8693","37393","46086","784879"
"MULTIPOLYGON (((8.65904034332859 50.5987015594194,8.66004949389042 50.5989256131341,8.66079906205158 50.5985221354974,8.66053947275719 50.5978946071862,8.65953033287436 50.5976705569898,8.65878077160704 50.5980740315865,8.65904034332859 50.5987015594194)))","1429588","22988","295888","318876","1748464"
"MULTIPOLYGON (((8.63744603088874 50.6018832175432,8.63845504153723 50.6021074435476,8.63920468195369 50.6017041519567,8.63894530481303 50.6010766373991,8.63793630483335 50.6008524149152,8.63718667132561 50.6012557034687,8.63744603088874 50.6018832175432)))","1264","164","364","528","1792"
"MULTIPOLYGON (((8.73096483951914 50.5776002291622,8.73197430279778 50.577823712951,8.73272351649299 50.5774195361535,8.73246326006746 50.5767918786149,8.73145380749849 50.5765683983378,8.73070460064549 50.5769725720876,8.73096483951914 50.5776002291622)))","46279","11479","23879","35358","81637"
"MULTIPOLYGON (((8.68814098275025 50.6114260827357,8.6891505673646 50.6116498971857,8.68990022044149 50.6112462981385,8.689640282027 50.6106188876858,8.68863070811054 50.6103950767503,8.68788106191078 50.6107986727531,8.68814098275025 50.6114260827357)))","8835","235","3535","3770","12605"
"MULTIPOLYGON (((8.71559006793981 50.631179562947,8.71660017391427 50.6314031482994,8.71734999006949 50.6309994937259,8.71708969338746 50.6303722568493,8.71607959813116 50.6301486750072,8.71532978883881 50.6305523265316,8.71559006793981 50.631179562947)))","102688","36088","37288","73376","176064"
"MULTIPOLYGON (((8.72088058855315 50.6129811900838,8.72189047665097 50.6132047404278,8.72264008790951 50.612800907905,8.72237980421461 50.6121735280867,8.7213699268321 50.6119499812534,8.72062032242935 50.6123538107276,8.72088058855315 50.6129811900838)))","1823","423","523","946","2769"
"MULTIPOLYGON (((8.72402404623621 50.5851835894605,8.72503355955087 50.5854071259927,8.72578286698448 50.5850030587641,8.72552265425526 50.5843754580507,8.72451315164902 50.5841519250305,8.72376385106368 50.5845559892118,8.72402404623621 50.5851835894605)))","513","213","313","526","1039"
"MULTIPOLYGON (((8.62745336835558 50.5666005956858,8.62846178361288 50.5668249162523,8.62921106318223 50.5664214316162,8.62895192058604 50.5657936294476,8.62794351598159 50.5655693124048,8.62719424332056 50.565972794007,8.62745336835558 50.5666005956858)))","110952","6552","10852","17404","128356"
"MULTIPOLYGON (((8.67148663515138 50.5689744075187,8.67249546353441 50.5691983732608,8.67324469088755 50.5687945765878,8.67298508297802 50.5681668172125,8.67197626527129 50.567942854989,8.67122704479791 50.5683466486223,8.67148663515138 50.5689744075187)))","210419","1319","59719","61038","271457"
"MULTIPOLYGON (((8.70446391145243 50.6087758495884,8.70547359790905 50.6089995338001,8.70622319342132 50.6085957923105,8.7059630956112 50.6079683696556,8.70495341986011 50.6077446889566,8.70420383121371 50.6081484274,8.70446391145243 50.6087758495884)))","853425","6825","17825","24650","878075"
"MULTIPOLYGON (((8.68535156701179 50.5714814553939,8.68636055069094 50.5717053086377,8.68710978030235 50.571301427099,8.68685001936359 50.5706736953582,8.6858410463687 50.5704498456314,8.68509182362843 50.5708537241285,8.68535156701179 50.5714814553939)))","389431","36231","72931","109162","498593"
"MULTIPOLYGON (((8.70876285915534 50.6102979447363,8.70977260450922 50.6105215937234,8.71052220867192 50.6101178315913,8.71026206061758 50.6094904235191,8.70925232597193 50.6092667780442,8.7085027286725 50.6096705371294,8.70876285915534 50.6102979447363)))","1429579","180179","318379","498558","1928137"
"MULTIPOLYGON (((8.72744750767459 50.5779615293081,8.72845694603173 50.5781850412563,8.7292061699119 50.5777808935469,8.72894594859046 50.5771532369367,8.72793652094127 50.5769297285006,8.72718730390569 50.5773338731627,8.72744750767459 50.5779615293081)))","34746","6246","38046","44292","79038"
"MULTIPOLYGON (((8.67380055631593 50.5922892582661,8.67480974117323 50.592513195918,8.67555921439094 50.5921095589472,8.67529949586865 50.5914819873659,8.67429032169602 50.5912580532311,8.67354085536115 50.5916616871605,8.67380055631593 50.5922892582661)))","1429564","42864","228864","271728","1701292"
"MULTIPOLYGON (((8.66298524646379 50.5727878056912,8.66399405679262 50.5730118382321,8.66474334006725 50.5726081342229,8.66448380612702 50.5719804007117,8.66347500647132 50.5717563716902,8.66272573008284 50.5721600726606,8.66298524646379 50.5727878056912)))","1069212","110012","160012","270024","1339236"
"MULTIPOLYGON (((8.62574506345459 50.5913031855295,8.62675382049255 50.591527509861,8.62750336794918 50.5911242256198,8.62724415145357 50.5904966200823,8.62623540507506 50.5902722992731,8.62548586453282 50.5906755804791,8.62574506345459 50.5913031855295)))","24951","151","551","702","25653"
"MULTIPOLYGON (((8.70591788668351 50.6233414732596,8.70692779625388 50.6235651397312,8.70767754554025 50.6231614980402,8.70741737838864 50.622534192925,8.70640747952905 50.6223105299652,8.7056577371104 50.6227141686088,8.70591788668351 50.6233414732596)))","592176","76976","94176","171152","763328"
"MULTIPOLYGON (((8.62897428552601 50.588031463289,8.62998302315019 50.5882557629986,8.63073252983665 50.5878524296952,8.63047329198745 50.5872247997177,8.62946456502345 50.5870005035303,8.62871506524858 50.5874038337983,8.62897428552601 50.588031463289)))","1063608","1108","6708","7816","1071424"
"MULTIPOLYGON (((8.7339858527075 50.5959378569519,8.73499560676362 50.5961613088659,8.73574501162814 50.5957572486965,8.73548465559286 50.5951297396624,8.73447491225356 50.5949062912587,8.73372551423284 50.595310348379,8.7339858527075 50.5959378569519)))","15707","3607","9907","13514","29221"
"MULTIPOLYGON (((8.69726107383256 50.5781134286985,8.69827025549349 50.5783371834573,8.699019534985 50.5779332630358,8.69875962595114 50.5773055908991,8.69775045498262 50.5770818396556,8.69700118235571 50.5774857570337,8.69726107383256 50.5781134286985)))","66319","25319","68619","93938","160257"
"MULTIPOLYGON (((8.70270463690544 50.6089558782352,8.70371431086485 50.6091795765291,8.70446391145243 50.6087758495884,8.70420383121371 50.6081484274,8.70319416795897 50.607924732619,8.70244457423842 50.6083284565137,8.70270463690544 50.6089558782352)))","974930","10430","22830","33260","1008190"
"MULTIPOLYGON (((8.70732269349617 50.5780636651445,8.70833196077719 50.578287338984,8.70908122178075 50.5778833428031,8.70882120864553 50.5772556758276,8.7078119520621 50.5770320055022,8.70706269791643 50.5774359986384,8.70732269349617 50.5780636651445)))","1038415","254715","318315","573030","1611445"
"MULTIPOLYGON (((8.73760588123374 50.5847703073514,8.73861550495406 50.5849937347363,8.73936478356681 50.5845895626412,8.73910443162012 50.5839619662102,8.7380948186151 50.5837385423358,8.73734554684157 50.584142711382,8.73760588123374 50.5847703073514)))","293224","50224","102424","152648","445872"
"MULTIPOLYGON (((8.6583755551094 50.5860151983637,8.6593845167287 50.5862392625936,8.66013394997279 50.5858356935762,8.65987441470591 50.5852080633679,8.65886546376135 50.584984002657,8.65811603740906 50.5853875686354,8.6583755551094 50.5860151983637)))","538922","81722","94522","176244","715166"
"MULTIPOLYGON (((8.67518077580145 50.5823359441553,8.67618982878705 50.5825598747693,8.67693919281327 50.5821561518621,8.67667949697405 50.5815285013819,8.67567045467075 50.5813045742853,8.67492109752451 50.5817082941516,8.67518077580145 50.5823359441553)))","662611","152611","193811","346422","1009033"
"MULTIPOLYGON (((8.62214466782226 50.5848025469273,8.6231532999829 50.5850269028143,8.62390278402269 50.5846235961923,8.62364362898653 50.5839959367177,8.62263500748152 50.5837715843538,8.62188553035717 50.5841748879415,8.62214466782226 50.5848025469273)))","1429565","3865","5165","9030","1438595"
"MULTIPOLYGON (((8.72469121885621 50.6155339022745,8.72570117654458 50.6157574208826,8.7264508083665 50.6153535792126,8.72619047564642 50.6147262219838,8.72518052867613 50.6145027068859,8.72443090370799 50.6149065455067,8.72469121885621 50.6155339022745)))","760","0","160","160","920"
"MULTIPOLYGON (((8.67135153177271 50.5974449910961,8.67236077005411 50.5976689463334,8.67311030292632 50.59726536688,8.67285059063172 50.5966378352308,8.67184136303525 50.5964138835106,8.67109183704854 50.5968174599226,8.67135153177271 50.5974449910961)))","45653","1453","1653","3106","48759"
"MULTIPOLYGON (((8.74415267475072 50.5850789622877,8.745162358995 50.5853023368424,8.74591162913427 50.5848981180602,8.74565120819443 50.5842705277731,8.74464153466891 50.5840471567282,8.74389227136458 50.5844513724606,8.74415267475072 50.5850789622877)))","176443","43743","75843","119586","296029"
"MULTIPOLYGON (((8.66465536201052 50.5657471065564,8.66566408510958 50.5659711285198,8.66641328997648 50.5655673585433,8.66615376486076 50.5649395696421,8.66514505243351 50.5647155511983,8.66439585445028 50.5651193181363,8.66465536201052 50.5657471065564)))","67523","1823","7523","9346","76869"
"MULTIPOLYGON (((8.6338764874554 50.5777209886803,8.63488511848073 50.5779452531675,8.63563450597577 50.5775418048092,8.63537525553928 50.5769140949992,8.63436663517351 50.5766898340342,8.63361725458476 50.5770932793571,8.6338764874554 50.5777209886803)))","391945","44445","54145","98590","490535"
"MULTIPOLYGON (((8.69267453000514 50.5736759654793,8.69368360823719 50.573899758938,8.69443284833888 50.5734958391899,8.69417300334192 50.5728681290257,8.69316393579857 50.5726443390832,8.69241470256358 50.5730482557887,8.69267453000514 50.5736759654793)))","573560","24260","55960","80220","653780"
"MULTIPOLYGON (((8.64615317295856 50.5941295916395,8.6471621465814 50.5943537508171,8.64791168844977 50.5939503350481,8.64765224979394 50.5933227631394,8.64664328684199 50.5930986074818,8.64589375187508 50.5935020202128,8.64615317295856 50.5941295916395)))","14652","1952","3452","5404","20056"
"MULTIPOLYGON (((8.63142555121772 50.582876469596,8.63243423554173 50.5831007516945,8.63318368262921 50.5826973608616,8.63292443848387 50.5820696909655,8.63191576481973 50.5818454123893,8.63116632464119 50.5822488001869,8.63142555121772 50.582876469596)))","1429595","32395","104395","136790","1566385"
"MULTIPOLYGON (((8.69409023411093 50.6235696597652,8.69510004543147 50.623793421324,8.69584981829306 50.6233898699884,8.69558977295862 50.6227625601399,8.69457997234279 50.6225388020942,8.6938302063568 50.622942350384,8.69409023411093 50.6235696597652)))","10292","492","1392","1884","12176"
"MULTIPOLYGON (((8.65897926336761 50.5741784473021,8.65998805931529 50.5744025114815,8.66073736457968 50.5739988480551,8.66047786700748 50.5733711234878,8.65946908173129 50.5731470628281,8.65871978335592 50.5735507232161,8.65897926336761 50.5741784473021)))","700297","109297","318397","427694","1127991"
"MULTIPOLYGON (((8.62679472962882 50.5539095452405,8.62780295620455 50.5541338761786,8.62855210095036 50.5537303001496,8.62829301221426 50.5531023962155,8.62728479628717 50.5528780688018,8.62653565844762 50.5532816417978,8.62679472962882 50.5539095452405)))","332894","2194","7494","9688","342582"
"MULTIPOLYGON (((8.69562786934377 50.5498135596858,8.69663662866692 50.5500373390707,8.69738560790498 50.5496332160812,8.69712582095998 50.5490053167484,8.69611707231976 50.5487815408806,8.69536809994179 50.5491856608286,8.69562786934377 50.5498135596858)))","2720","0","120","120","2840"
"MULTIPOLYGON (((8.64805631398395 50.5654801841678,8.64906489046325 50.5657043396478,8.64981412178563 50.5653006920571,8.64955476973425 50.5646728920229,8.64854620391805 50.5644487400642,8.64779697949024 50.5648523846185,8.64805631398395 50.5654801841678)))","268856","8756","13856","22612","291468"
"MULTIPOLYGON (((8.66972858688913 50.5691542098486,8.67073740275657 50.5693781896516,8.67148663515138 50.5689744075187,8.67122704479791 50.5683466486223,8.67021823960598 50.5681226723382,8.66946901409212 50.5685264514317,8.66972858688913 50.5691542098486)))","351919","9319","39419","48738","400657"
"MULTIPOLYGON (((8.64981412178563 50.5653006920571,8.65082271080065 50.5655248334835,8.6515719371002 50.5651211713543,8.65131256749146 50.5644933708354,8.65030398914043 50.5642692329303,8.64955476973425 50.5646728920229,8.64981412178563 50.5653006920571)))","1429509","56409","203109","259518","1689027"
"MULTIPOLYGON (((8.6626341303433 50.545339996758,8.6636425417865 50.5455640431774,8.66439153165808 50.5451601334759,8.66413210320557 50.544532180392,8.66312370242689 50.5443081374936,8.6623747194363 50.5447120441581,8.6626341303433 50.545339996758)))","868","0","168","168","1036"
"MULTIPOLYGON (((8.66007249724664 50.5613081414559,8.66108111690869 50.5615322020465,8.66183028231969 50.5611284327225,8.66157082118299 50.5605006058458,8.66056221218903 50.5602765487757,8.65981305366383 50.5606803150619,8.66007249724664 50.5613081414559)))","550376","151576","157876","309452","859828"
"MULTIPOLYGON (((8.6913510960582 50.6258110477186,8.69236091627382 50.6260348303876,8.6931107180935 50.6256313166143,8.69285069281982 50.6250040232177,8.69184088330816 50.6247802440619,8.69109108836633 50.6251837547895,8.6913510960582 50.6258110477186)))","3770","170","870","1040","4810"
"MULTIPOLYGON (((8.67473530013863 50.6255454575024,8.67574497371882 50.6257693739596,8.67649480225561 50.625365982685,8.67623495032348 50.6247386779968,8.67522528743861 50.6245147650546,8.67447546579062 50.6249181532857,8.67473530013863 50.6255454575024)))","6500","100","700","800","7300"
"MULTIPOLYGON (((8.68631105643408 50.5870853356146,8.68732027362493 50.5873091747819,8.68806966880477 50.5869054045366,8.6878098399203 50.5862777981667,8.68680063341898 50.5860539625154,8.6860512451127 50.586457729718,8.68631105643408 50.5870853356146)))","342599","28499","41099","69598","412197"
"MULTIPOLYGON (((8.64381856394763 50.5884812629432,8.64482743590689 50.5887054431808,8.64557692129764 50.5883020020089,8.64531752782734 50.5876743836368,8.64430866653608 50.5874502069198,8.64355918804723 50.5878536450544,8.64381856394763 50.5884812629432)))","136803","8103","19603","27706","164509"
"MULTIPOLYGON (((8.70994025620391 50.6042908268057,8.71094992482099 50.6045144688021,8.71169946241193 50.6041106522076,8.71143932452455 50.6034831966633,8.71042966661445 50.6032595581793,8.70968013588486 50.6036633717271,8.70994025620391 50.6042908268057)))","6470","570","2370","2940","9410"
"MULTIPOLYGON (((8.66823552675037 50.5899142760931,8.66924462946661 50.5901382594634,8.6699940870772 50.5897346461599,8.66973443508559 50.5891070525268,8.66872534305044 50.5888830726743,8.66797589232589 50.5892866829372,8.66823552675037 50.5899142760931)))","433346","36046","97646","133692","567038"
"MULTIPOLYGON (((8.67273218387137 50.5874925012074,8.67374129026943 50.5877164494088,8.67449071393442 50.5873127840122,8.67423102431884 50.5866851734551,8.67322192860338 50.5864612287711,8.67247251182103 50.5868648911268,8.67273218387137 50.5874925012074)))","598274","39474","90774","130248","728522"
"MULTIPOLYGON (((8.62341245375708 50.5856545543055,8.62442110914253 50.5858788996631,8.62517060009711 50.5854755900065,8.62491142875158 50.584847938027,8.62390278402269 50.5846235961923,8.6231532999829 50.5850269028143,8.62341245375708 50.5856545543055)))","417144","3644","19944","23588","440732"
"MULTIPOLYGON (((8.65788563328202 50.5870463745821,8.6588946055761 50.5872704423312,8.65964405074557 50.5868668848174,8.6593845167287 50.5862392625936,8.6583755551094 50.5860151983637,8.6576261168323 50.5864187528384,8.65788563328202 50.5870463745821)))","274600","39900","48300","88200","362800"
"MULTIPOLYGON (((8.6924572783808 50.5952876117854,8.69346666683293 50.5955113981549,8.69421613904305 50.595107644154,8.69395621593001 50.5944801068276,8.69294683817307 50.594256323973,8.69219737283408 50.59466007493,8.6924572783808 50.5952876117854)))","34467","467","1867","2334","36801"
"MULTIPOLYGON (((8.71651145740691 50.5692684293645,8.71752067652785 50.5694920328713,8.71826982685202 50.569087901083,8.71800975120527 50.5684601688333,8.71700054278397 50.5682365688403,8.71625139930993 50.5686406975833,8.71651145740691 50.5692684293645)))","5278","0","1178","1178","6456"
"MULTIPOLYGON (((8.66194358672585 50.5503192127577,8.66295206401103 50.5505432627298,8.66370110841573 50.5501393959849,8.66344166865293 50.5495114823052,8.66243320203343 50.5492874358539,8.66168416451114 50.5496912995616,8.66194358672585 50.5503192127577)))","4256","156","356","512","4768"
"MULTIPOLYGON (((8.67119750553916 50.5660595388719,8.67220628938034 50.5662835081182,8.6729554860116 50.5658796914846,8.67269589192233 50.5652519086441,8.67168711875642 50.5650279429167,8.67093792900459 50.5654317565109,8.67119750553916 50.5660595388719)))","57749","949","5749","6698","64447"
"MULTIPOLYGON (((8.71179213090941 50.610968867041,8.71280191195493 50.611192491371,8.71355151789838 50.6107887116423,8.71329133593506 50.6101613106309,8.71228156559958 50.6099376898127,8.71153196651752 50.6103414664941,8.71179213090941 50.610968867041)))","762610","5110","26510","31620","794230"
"MULTIPOLYGON (((8.69724437760519 50.5957789364005,8.69825381425722 50.5960026840577,8.69900328320456 50.5955988979204,8.69874330863198 50.5949713671707,8.69773388267775 50.5947476230278,8.69698442059845 50.5951514061205,8.69724437760519 50.5957789364005)))","19073","773","5173","5946","25019"
"MULTIPOLYGON (((8.69550262010871 50.5782935657478,8.69651178927625 50.5785173345772,8.69726107383256 50.5781134286985,8.69700118235571 50.5774857570337,8.69599202387973 50.5772619917198,8.69524274618918 50.5776658945552,8.69550262010871 50.5782935657478)))","872524","101824","297324","399148","1271672"
"MULTIPOLYGON (((8.6426113430264 50.5522953105166,8.64361968251043 50.5525195150414,8.64436878217498 50.5521158081922,8.64410953546004 50.5514878998531,8.64310120663231 50.5512636988511,8.6423521138633 50.5516674026654,8.6426113430264 50.5522953105166)))","11453","653","1253","1906","13359"
"MULTIPOLYGON (((8.73076760353869 50.5815467246695,8.7317771221181 50.5817702084238,8.73252637846501 50.5813660630681,8.73226610938956 50.580738437006,8.73125660152093 50.5805149567631,8.73050735201712 50.5809190990709,8.73076760353869 50.5815467246695)))","71257","12557","26557","39114","110371"
"MULTIPOLYGON (((8.65710709899835 50.5851634938624,8.65811603740906 50.5853875686354,8.65886546376135 50.584984002657,8.65860594481059 50.5843563649444,8.65759701707372 50.5841322936906,8.65684759761391 50.5845358566302,8.65710709899835 50.5851634938624)))","46074","4574","11674","16248","62322"
"MULTIPOLYGON (((8.63220326104891 50.5847594468637,8.63321197925292 50.5849837219519,8.63396144516847 50.5845803395889,8.63370218597138 50.5839526851733,8.63269347842821 50.5837284136072,8.63194401942144 50.5841317929346,8.63220326104891 50.5847594468637)))","572880","17980","36580","54560","627440"
"MULTIPOLYGON (((8.70680486011166 50.6144224165753,8.70781464829908 50.6146460796112,8.7085643002354 50.6142423634897,8.70830415711904 50.6136149873793,8.7072943796401 50.6133913278556,8.70654473456917 50.6137950409302,8.70680486011166 50.6144224165753)))","215137","9937","52937","62874","278011"
"MULTIPOLYGON (((8.64828714191334 50.5438622493089,8.64929540867817 50.5440864116044,8.6500444080462 50.5436825982205,8.64978513375934 50.5430546255764,8.64877687765116 50.5428304668036,8.64802788517331 50.5432342771523,8.64828714191334 50.5438622493089)))","494485","55385","76985","132370","626855"
"MULTIPOLYGON (((8.65750972924944 50.5772724838156,8.65851855721179 50.5774965585542,8.65926789824129 50.5770929296347,8.65900840441788 50.5764652290151,8.65799958712716 50.5762411577962,8.6572502529883 50.5766447836773,8.65750972924944 50.5772724838156)))","94951","23351","45251","68602","163553"
"MULTIPOLYGON (((8.6407920196051 50.5878086730362,8.64180085579634 50.5880328778707,8.64255033930505 50.5876294542784,8.64229097971892 50.5870018288887,8.64128215419388 50.5867776275752,8.64053267758889 50.5871810481305,8.6407920196051 50.5878086730362)))","682337","10137","35137","45274","727611"
"MULTIPOLYGON (((8.68475226390527 50.5833196227534,8.68576141332856 50.5835434759957,8.68651077090167 50.5831396888331,8.6862509721777 50.5825120514705,8.68524183344198 50.5822882017446,8.68449248274275 50.582691985865,8.68475226390527 50.5833196227534)))","207956","14256","32556","46812","254768"
"MULTIPOLYGON (((8.69814853736071 50.5691889416976,8.69915759781881 50.5694126929558,8.69990678008603 50.5690086981303,8.69964689503301 50.5683809550897,8.69863784526505 50.5681572073472,8.69788866986007 50.5685611991297,8.69814853736071 50.5691889416976)))","770178","103478","185978","289456","1059634"
"MULTIPOLYGON (((8.64093952626511 50.559336649594,8.64194795288742 50.5595608647289,8.64269713091947 50.5591572238519,8.6424378754313 50.558529370875,8.64142945946659 50.5583051592627,8.64068028833258 50.5587087971046,8.64093952626511 50.559336649594)))","984988","30388","52788","83176","1068164"
"MULTIPOLYGON (((8.61453878240498 50.5796901242169,8.61554727521616 50.5799145432637,8.61629671775326 50.5795112548447,8.61603766055989 50.5788835504118,8.61502917839887 50.5786591348892,8.61427974278122 50.5790624202753,8.61453878240498 50.5796901242169)))","5873","173","873","1046","6919"
"MULTIPOLYGON (((8.68680063341898 50.5860539625154,8.6878098399203 50.5862777981667,8.68855922316946 50.5858740164201,8.68829939304441 50.5852464020649,8.6872901972325 50.5850225699296,8.68654082085639 50.5854263486336,8.68680063341898 50.5860539625154)))","898283","66083","102283","168366","1066649"
"MULTIPOLYGON (((8.67460211113032 50.5765071116489,8.67561107499791 50.576731049287,8.67636037756141 50.5763272864561,8.67610070937824 50.5756995890275,8.67509175619089 50.5754756549073,8.67434246050659 50.5758794146978,8.67460211113032 50.5765071116489)))","693345","21945","46545","68490","761835"
"MULTIPOLYGON (((8.69243936373806 50.6129486866592,8.69344900728579 50.6131724658989,8.69419866904919 50.6127688462132,8.69393868039039 50.6121414503329,8.69292904754328 50.6119176746071,8.69217939265447 50.6123212912478,8.69243936373806 50.6129486866592)))","2182","0","282","282","2464"
"MULTIPOLYGON (((8.70987479661569 50.5620962890806,8.71088385532787 50.562319948902,8.71163294068749 50.5619158123899,8.71137296048198 50.5612880191005,8.71036391246383 50.561064362794,8.7096148339573 50.561468496262,8.70987479661569 50.5620962890806)))","269160","25460","56360","81820","350980"
"MULTIPOLYGON (((8.6671189853894 50.620437798856,8.66812851960621 50.6206617786843,8.66887830680018 50.6202584056679,8.66861855288465 50.6196310558655,8.6676090293576 50.6194070795533,8.66685924905645 50.6198104495274,8.6671189853894 50.620437798856)))","13909","409","3409","3818","17727"
"MULTIPOLYGON (((8.71874762829034 50.5857250097983,8.71975710419131 50.5859485885702,8.72050642688588 50.5855445649771,8.72024626682774 50.584916965659,8.71923680163263 50.5846933903998,8.71848748578992 50.5850974109461,8.71874762829034 50.5857250097983)))","7589","289","1189","1478","9067"
"MULTIPOLYGON (((8.7240339743543 50.5675142239796,8.72504323263888 50.5677377676757,8.72579235069811 50.5673335662236,8.72553220362808 50.5667058241216,8.7245229560465 50.5664822839385,8.72377384483205 50.5668864823444,8.7240339743543 50.5675142239796)))","1186","0","586","586","1772"
"MULTIPOLYGON (((8.65583868241182 50.5843117713149,8.65684759761391 50.5845358566302,8.65759701707372 50.5841322936906,8.65733751443845 50.5835046484743,8.65632860990928 50.5832805666785,8.65557919734258 50.5836841265795,8.65583868241182 50.5843117713149)))","35885","1985","5185","7170","43055"
"MULTIPOLYGON (((8.65261042592106 50.5875846722454,8.65361936060313 50.5878087821809,8.65436882086651 50.5874052682956,8.65410933955205 50.5867776475133,8.65310041554224 50.5865535410974,8.65235096217477 50.5869570519443,8.65261042592106 50.5875846722454)))","385859","41359","98059","139418","525277"
"MULTIPOLYGON (((8.68933874370821 50.5877568284905,8.69034799659982 50.5879806430313,8.69109739359305 50.5875768551988,8.69083753082312 50.5869492558687,8.68982828862279 50.5867254448436,8.68907889850125 50.587129229633,8.68933874370821 50.5877568284905)))","744121","10921","16021","26942","771063"
"MULTIPOLYGON (((8.69615723462771 50.6086446209714,8.69716684787883 50.6088683720759,8.69791645681301 50.6084646918269,8.69765644562487 50.6078372635188,8.69664684307497 50.607613515928,8.69589724101209 50.6080171931317,8.69615723462771 50.6086446209714)))","38119","2819","11719","14538","52657"
"MULTIPOLYGON (((8.7164759510444 50.6222611923468,8.71748593558284 50.6224847742872,8.71823565436639 50.6220810452856,8.71797538175108 50.6214537373924,8.71696540792853 50.6212301589627,8.71621569600553 50.6216338849156,8.7164759510444 50.6222611923468)))","848","0","148","148","996"
"MULTIPOLYGON (((8.73838691462366 50.5866530642379,8.73939657223048 50.5868764845591,8.74014586962187 50.5864723209115,8.73988550256752 50.585844739992,8.73887585567701 50.5856213231811,8.73812656512465 50.5860254837795,8.73838691462366 50.5866530642379)))","6444","1044","2444","3488","9932"
"MULTIPOLYGON (((8.65076541129851 50.5809047006912,8.65177423366579 50.5811288281676,8.65252362554909 50.5807252773812,8.65226418816943 50.580097602156,8.65125537647137 50.5798734781998,8.65050599148389 50.5802770259485,8.65076541129851 50.5809047006912)))","16036","936","2436","3372","19408"
"MULTIPOLYGON (((8.66160356860556 50.5827420029256,8.66261251073113 50.5829660425359,8.66336190316539 50.5825624244662,8.6631023465852 50.5819347698256,8.66209341513503 50.5817107337342,8.66134402958981 50.5821143487646,8.66160356860556 50.5827420029256)))","627205","35705","111105","146810","774015"
"MULTIPOLYGON (((8.67920850472855 50.5632766461853,8.68021731725389 50.5635005521518,8.6809664698633 50.5630966543615,8.6807068030739 50.5624688536452,8.67969800122713 50.5622449511969,8.67894885549131 50.5626488459469,8.67920850472855 50.5632766461853)))","9541","141","641","782","10323"
"MULTIPOLYGON (((8.62966742735663 50.5830555497356,8.63067609912043 50.583279845888,8.63142555121772 50.582876469596,8.63116632464119 50.5822488001869,8.63015766353639 50.5820245075568,8.62940821834923 50.5824278808136,8.62966742735663 50.5830555497356)))","1236423","33823","83723","117546","1353969"
"MULTIPOLYGON (((8.64373262947392 50.5816221079345,8.64474140166885 50.5818462916432,8.64549081364686 50.5814427990222,8.64523144652948 50.5808151257294,8.64422268500036 50.5805909455417,8.64347327992292 50.5809944351258,8.64373262947392 50.5816221079345)))","319898","39198","66498","105696","425594"
"MULTIPOLYGON (((8.64892076756334 50.5742241478761,8.64992947763855 50.5744482928817,8.65067880115256 50.5740447051948,8.65041940769578 50.5734169755394,8.64941070828682 50.5731928340546,8.6486613916685 50.5735964187045,8.64892076756334 50.5742241478761)))","145302","20702","29602","50304","195606"
"MULTIPOLYGON (((8.69539443954084 50.5890995925885,8.69640376382274 50.5893233578687,8.6971531644292 50.58891953486,8.69689323388594 50.5882919496149,8.69588392029886 50.5880681878496,8.69513452656035 50.5884720078144,8.69539443954084 50.5890995925885)))","57310","2110","36010","38120","95430"
"MULTIPOLYGON (((8.64220720712074 50.5601887097265,8.64321565694208 50.5604129143341,8.6439648418715 50.5600092704216,8.64370557008233 50.559381424937,8.64269713091947 50.5591572238519,8.64194795288742 50.5595608647289,8.64220720712074 50.5601887097265)))","37689","1489","1989","3478","41167"
"MULTIPOLYGON (((8.72735333877254 50.5710999103396,8.72836267725849 50.5713234258585,8.7291118277809 50.5709192267622,8.72885163297415 50.5702915151941,8.72784230519402 50.5700680031878,8.72709316151491 50.5704721992371,8.72735333877254 50.5710999103396)))","91546","10446","35746","46192","137738"
"MULTIPOLYGON (((8.71121006147478 50.6051419163573,8.71221975328819 50.6053655477833,8.71296929773978 50.6049617281418,8.71270914351742 50.6043342801213,8.71169946241193 50.6041106522076,8.71094992482099 50.6045144688021,8.71121006147478 50.6051419163573)))","601488","11088","23988","35076","636564"
"MULTIPOLYGON (((8.61527021695642 50.5570471297395,8.61627838946619 50.5572715519847,8.61702758801465 50.5568680861743,8.61676860713892 50.5562402011505,8.61576044527278 50.5560157824308,8.61501125363884 50.5564192452094,8.61527021695642 50.5570471297395)))","5146","0","246","246","5392"
"MULTIPOLYGON (((8.64716274149058 50.5744035619612,8.64817143902598 50.5746277210229,8.64892076756334 50.5742241478761,8.6486613916685 50.5735964187045,8.64765270479852 50.5733722631637,8.64690338315807 50.5737758332737,8.64716274149058 50.5744035619612)))","66142","10242","13842","24084","90226"
"MULTIPOLYGON (((8.64926660022844 50.5417986648229,8.65027484568001 50.542022820073,8.65102382123056 50.5416189836912,8.65076454444063 50.5409909950944,8.64975630964561 50.5407668433671,8.64900734098413 50.5411706767137,8.64926660022844 50.5417986648229)))","973222","285422","318322","603744","1576966"
"MULTIPOLYGON (((8.6423787394583 50.5739103789204,8.64338738870065 50.5741345766264,8.64413672038101 50.5737310355961,8.64387739591922 50.5731032998961,8.64286875733968 50.5728791057116,8.64211943255928 50.5732826437057,8.6423787394583 50.5739103789204)))","5183","983","1583","2566","7749"
"MULTIPOLYGON (((8.70362200193947 50.5647012515652,8.70463104460376 50.564924960624,8.7053801690306 50.5645208907265,8.7051202439355 50.5638931148137,8.7041112119628 50.5636694092702,8.7033620943937 50.5640734761243,8.70362200193947 50.5647012515652)))","3369","369","869","1238","4607"
"MULTIPOLYGON (((8.69546833010029 50.6136199997308,8.69647800936626 50.6138437543225,8.69722767293517 50.6134401170421,8.69696765036552 50.6128127282157,8.69595798180194 50.6125889771375,8.69520832510575 50.6129926113724,8.69546833010029 50.6136199997308)))","45183","1183","3083","4266","49449"
"MULTIPOLYGON (((8.65701985819943 50.5783037903494,8.65802869683349 50.5785278686077,8.65877804978519 50.5781242511909,8.65851855721179 50.5774965585542,8.65750972924944 50.5772724838156,8.65676038318888 50.577676098194,8.65701985819943 50.5783037903494)))","219217","27417","33917","61334","280551"
"MULTIPOLYGON (((8.68252457607845 50.5668633502669,8.68353346883592 50.5670872281177,8.68428265398506 50.5666833327044,8.68402293950472 50.5660555624814,8.6830140574286 50.5658316881482,8.68226487915157 50.5662355805206,8.68252457607845 50.5668633502669)))","8161","261","561","822","8983"
"MULTIPOLYGON (((8.72529377105183 50.5860347187202,8.72630330754344 50.5862582446835,8.72705262182463 50.5858541744074,8.72679239276676 50.5852265812156,8.72578286698448 50.5850030587641,8.72503355955087 50.5854071259927,8.72529377105183 50.5860347187202)))","237990","43690","81190","124880","362870"
"MULTIPOLYGON (((8.66776984434274 50.5732801650635,8.66877870291264 50.5735041589419,8.6695279829959 50.5731004228124,8.6692683976263 50.572472695844,8.66825954973213 50.5722487054845,8.66751027653194 50.5726524385746,8.66776984434274 50.5732801650635)))","589219","42019","62719","104738","693957"
"MULTIPOLYGON (((8.61736077201424 50.5843083100939,8.61836935580624 50.5845327046118,8.61911884293119 50.5841294301056,8.61885973934575 50.5835017641153,8.61785116620677 50.583277373121,8.61710168600032 50.5836806445935,8.61736077201424 50.5843083100939)))","153340","1640","9640","11280","164620"
"MULTIPOLYGON (((8.72159940999241 50.5550013193542,8.72260846686469 50.5552248877388,8.72335745527382 50.5548206095558,8.72309737996686 50.5541927660333,8.72208833379248 50.5539692011627,8.7213393522273 50.5543734763007,8.72159940999241 50.5550013193542)))","5158","558","758","1316","6474"
"MULTIPOLYGON (((8.69118800758057 50.5944362780008,8.69219737283408 50.59466007493,8.69294683817307 50.594256323973,8.69268693138692 50.5936287791306,8.69167757682769 50.5934049857165,8.69092811836048 50.5938087336298,8.69118800758057 50.5944362780008)))","52720","1420","9420","10840","63560"
"MULTIPOLYGON (((8.68912042029059 50.609364051271,8.69012998350919 50.6095878586922,8.69087961270773 50.6091842366369,8.69061967181166 50.608556810205,8.68961011929083 50.6083330062982,8.6888604969684 50.6087366253091,8.68912042029059 50.609364051271)))","23270","0","670","670","23940"
"MULTIPOLYGON (((8.688159983229 50.5937648379483,8.68916931277762 50.5939886595097,8.68991877630566 50.5935849261418,8.68965890341155 50.5929573742559,8.68864958455544 50.5927335562099,8.68790012790103 50.5931372865345,8.688159983229 50.5937648379483)))","84880","2580","9180","11760","96640"
"MULTIPOLYGON (((8.63687046842405 50.5960563350605,8.63787938994711 50.5962805680622,8.63862896884472 50.5958772365178,8.63836961931141 50.5952496750088,8.63736070845506 50.595025445528,8.6366111364654 50.5954287740354,8.63687046842405 50.5960563350605)))","2113","0","113","113","2226"
"MULTIPOLYGON (((8.69389082411721 50.6275131657678,8.69490069077165 50.6277369272937,8.69565050634502 50.6273334074283,8.69539044838756 50.6267061290833,8.69438059243893 50.6264823710702,8.69363078374206 50.6268858878895,8.69389082411721 50.6275131657678)))","26453","1253","7453","8706","35159"
"MULTIPOLYGON (((8.62635423766131 50.579468513285,8.62736282910833 50.5796928375047,8.62811224855605 50.5792894588121,8.62785306964521 50.5786617589344,8.62684448885435 50.5784374382376,8.62609507631827 50.5788408138956,8.62635423766131 50.579468513285)))","680291","1891","2891","4782","685073"
"MULTIPOLYGON (((8.65517462362311 50.5716229967744,8.65618334996937 50.5718470925684,8.65693263456459 50.5714434382565,8.65667318592261 50.5708156911884,8.65566447024507 50.5705915989147,8.65491519254091 50.5709952501889,8.65517462362311 50.5716229967744)))","197128","34528","45728","80256","277384"
"MULTIPOLYGON (((8.61858157849661 50.5606352880724,8.61958983128154 50.5608596822903,8.62033906247846 50.560456218887,8.62008003397755 50.5598283642983,8.61907179183907 50.5596039736054,8.61832256755516 50.5600074339763,8.61858157849661 50.5606352880724)))","22956","556","2356","2912","25868"
"MULTIPOLYGON (((8.62418994517537 50.5875374778209,8.62519863444312 50.587761816171,8.62594814423105 50.5873585149863,8.62568895783673 50.5867308784863,8.6246802792265 50.5865065436589,8.62393077635319 50.5869098418089,8.62418994517537 50.5875374778209)))","94890","2790","14390","17180","112070"
"MULTIPOLYGON (((8.63534689108397 50.574627466282,8.63635549013086 50.5748517202024,8.63710484187355 50.5744482373309,8.63684558766475 50.5738205035746,8.63583699927722 50.5735962531765,8.63508765443924 50.5739997330126,8.63534689108397 50.574627466282)))","1146","246","346","592","1738"
"MULTIPOLYGON (((8.69236653808088 50.5884282474843,8.69337582666948 50.588652037396,8.6941252254716 50.5882482319757,8.69386532881539 50.5876206396873,8.69285605091982 50.5873968532908,8.69210665898753 50.5878006556676,8.69236653808088 50.5884282474843)))","633313","24413","168713","193126","826439"
"MULTIPOLYGON (((8.6777643566371 50.6262171822298,8.67877406597432 50.6264410740421,8.67952389634395 50.6260376651727,8.67926401048954 50.6254103675349,8.67825431184938 50.6251864792372,8.67750448836669 50.6255898850627,8.6777643566371 50.6262171822298)))","2337","537","1037","1574","3911"
"MULTIPOLYGON (((8.65629552925745 50.5410797688094,8.65730382480238 50.54130386787,8.65805278026244 50.5408999733517,8.65779343329333 50.5402719828086,8.65678514840836 50.5400478872699,8.65603619983266 50.5404517787523,8.65629552925745 50.5410797688094)))","19000","200","1200","1400","20400"
"MULTIPOLYGON (((8.70221509267425 50.6099870043589,8.70322477733841 50.6102107061657,8.70397438986741 50.6098069907277,8.70371431086485 50.6091795765291,8.70270463690544 50.6089558782352,8.70195503124398 50.6093595906271,8.70221509267425 50.6099870043589)))","386447","13647","136547","150194","536641"
"MULTIPOLYGON (((8.69227581563767 50.5815682343187,8.6932850043825 50.5817920277655,8.69403432979098 50.5813881709292,8.69377445958622 50.5807605236892,8.69276528153225 50.580536733758,8.69201596299231 50.5809405875513,8.69227581563767 50.5815682343187)))","817693","26093","53693","79786","897479"
"MULTIPOLYGON (((8.62160637262476 50.5613084461627,8.62261466118227 50.5615328158168,8.62336389429313 50.5611293348444,8.62310483193547 50.5605014872508,8.62209655402618 50.5602771211213,8.62134732782647 50.5606805990609,8.62160637262476 50.5613084461627)))","7993","193","393","586","8579"
"MULTIPOLYGON (((8.70397438986741 50.6098069907277,8.70498408702964 50.6100306784522,8.7057336944836 50.6096269484652,8.70547359790905 50.6089995338001,8.70446391145243 50.6087758495884,8.70371431086485 50.6091795765291,8.70397438986741 50.6098069907277)))","561605","19705","31305","51010","612615"
"MULTIPOLYGON (((8.64298499991399 50.5620722137754,8.64399348359384 50.562296411377,8.64474268733401 50.5618927759307,8.64448340049721 50.5612649459186,8.64347492747684 50.5610407518392,8.64272573063389 50.5614443842499,8.64298499991399 50.5620722137754)))","110041","4341","5441","9782","119823"
"MULTIPOLYGON (((8.64053516456074 50.5672292312226,8.64154370153892 50.5674534464351,8.64229296485337 50.5670498685005,8.64203368428985 50.5664220783891,8.64102515797145 50.5661978666988,8.64027590155687 50.5666014415978,8.64053516456074 50.5672292312226)))","13286","1286","3286","4572","17858"
"MULTIPOLYGON (((8.63719011395242 50.5813079553173,8.63819882528378 50.5815321917296,8.63894824541333 50.5811287457686,8.63868894730676 50.5805010664313,8.63768024663775 50.5802768335406,8.63693083341305 50.5806802764656,8.63719011395242 50.5813079553173)))","327119","1819","4119","5938","333057"
"MULTIPOLYGON (((8.63918192913867 50.5595160467497,8.64019034321859 50.559740275934,8.64093952626511 50.559336649594,8.64068028833258 50.5587087971046,8.63967188490937 50.558484571443,8.63892270876208 50.5588881947481,8.63918192913867 50.5595160467497)))","1429578","15878","33678","49556","1479134"
"MULTIPOLYGON (((8.73770108017264 50.5916308089745,8.73871080381993 50.5918542327612,8.73946015581505 50.5914501120528,8.7391997773225 50.5908225706072,8.73819006439261 50.5905991503306,8.73744071923803 50.5910032679896,8.73770108017264 50.5916308089745)))","8874","174","1874","2048","10922"
"MULTIPOLYGON (((8.70429496298134 50.5773925943614,8.70530419459782 50.5776162928329,8.70605345381556 50.5772123142398,8.7057934745572 50.5765846402195,8.70478425363653 50.5763609452626,8.70403500127856 50.5767649208115,8.70429496298134 50.5773925943614)))","138316","4816","18616","23432","161748"
"MULTIPOLYGON (((8.69635646515999 50.6047000444278,8.6973660231047 50.6049237955567,8.6981155893504 50.6045200838441,8.69785559078113 50.6038926240479,8.69684604353655 50.603668876433,8.69609648416125 50.6040725851005,8.69635646515999 50.6047000444278)))","1217037","5537","17337","22874","1239911"
"MULTIPOLYGON (((8.64791168844977 50.5939503350481,8.64892067462049 50.5941744801638,8.64967021146353 50.593771049851,8.64941075523566 50.5931434774607,8.64840177973671 50.5929193358648,8.64765224979394 50.5933227631394,8.64791168844977 50.5939503350481)))","565742","64342","129242","193584","759326"
"MULTIPOLYGON (((8.68404280421639 50.6059589670005,8.68505227459649 50.6061828166708,8.68580187628663 50.6057792067918,8.685542000718 50.605151750286,8.68453254103205 50.6049279041309,8.68378294622069 50.6053315109663,8.68404280421639 50.6059589670005)))","3785","185","1585","1770","5555"
"MULTIPOLYGON (((8.65667742821156 50.610713552219,8.6576867320181 50.6109376200143,8.6584364332854 50.6105342513567,8.65817682384852 50.6099068179444,8.6571675307234 50.609682753667,8.65641783635388 50.6100861192841,8.65667742821156 50.610713552219)))","114508","10208","41308","51516","166024"
"MULTIPOLYGON (((8.64834444070605 50.568394952542,8.64935306171345 50.5686191045321,8.65010232376388 50.5682154769088,8.64984295791212 50.5675877003322,8.64883434756889 50.5673635518633,8.64808509241339 50.5677671764499,8.64834444070605 50.568394952542)))","227463","10563","24363","34926","262389"
"MULTIPOLYGON (((8.68034554534282 50.5926015349318,8.68135479095691 50.5928254198214,8.68210425590349 50.5924217361746,8.68184446835746 50.5917941706806,8.68083523343147 50.5915702893074,8.68008577536349 50.5919739699119,8.68034554534282 50.5926015349318)))","796008","41008","67208","108216","904224"
"MULTIPOLYGON (((8.67693919281327 50.5821561518621,8.67794825831379 50.5823800684098,8.67869761729185 50.5819763309598,8.67843790389067 50.5813486800034,8.67742884907332 50.5811247669731,8.67667949697405 50.5815285013819,8.67693919281327 50.5821561518621)))","1429566","143266","268966","412232","1841798"
"MULTIPOLYGON (((8.66578624760867 50.5950700008478,8.66679540373101 50.5952940018071,8.66754492098683 50.5948904460219,8.66728527523176 50.5942628923181,8.66627612979077 50.5940388948766,8.66552661942363 50.5944424476212,8.66578624760867 50.5950700008478)))","428340","9940","50440","60380","488720"
"MULTIPOLYGON (((8.67849747337032 50.5859219462938,8.67950660663544 50.5861458487752,8.68025600322637 50.5857421282457,8.67999625967383 50.5851145082764,8.67898713709381 50.5848906093119,8.67823774738133 50.5852943267998,8.67849747337032 50.5859219462938)))","480695","28795","74995","103790","584485"
"MULTIPOLYGON (((8.69930991684929 50.5808478090739,8.70031915557437 50.5810715462348,8.70106846072394 50.5806676312251,8.7008085202848 50.5800399820984,8.69979929225407 50.5798162484526,8.69904999396822 50.5802201604184,8.69930991684929 50.5808478090739)))","1310355","179355","318355","497710","1808065"
"MULTIPOLYGON (((8.70750711602911 50.5917842339624,8.70851658304667 50.5920079006921,8.70926599082527 50.5916040073226,8.70900592472599 50.5909764502691,8.70799646841033 50.5907527870528,8.70724706749221 50.5911566773767,8.70750711602911 50.5917842339624)))","196789","889","3889","4778","201567"
"MULTIPOLYGON (((8.72099557758611 50.5845129305677,8.7220050552534 50.5847364917477,8.72275436092599 50.5843324421114,8.72249418208126 50.583704834342,8.7214847151206 50.5834812766744,8.72073541629817 50.5838853232638,8.72099557758611 50.5845129305677)))","2496","196","896","1092","3588"
"MULTIPOLYGON (((8.7004399067748 50.6278247958549,8.70144983417815 50.6280485045486,8.70219964140768 50.6276449379803,8.70193951436172 50.6270176657653,8.70092959766767 50.6267939605837,8.70017979731039 50.627197524105,8.7004399067748 50.6278247958549)))","8838","2338","2438","4776","13614"
"MULTIPOLYGON (((8.7027352681899 50.573626475578,8.70374443205607 50.573850188134,8.70449365369461 50.5734461926324,8.704233704607 50.5728184876188,8.70322455143472 50.5725947785777,8.70247533665625 50.5729987710354,8.7027352681899 50.573626475578)))","216926","28626","36926","65552","282478"
"MULTIPOLYGON (((8.66505704470214 50.5578537687926,8.66606565739793 50.5580777907112,8.66681477699095 50.5576739578117,8.66655527700648 50.5570461060316,8.66554667498028 50.556822087633,8.66479756226913 50.5572259174945,8.66505704470214 50.5578537687926)))","1928","528","728","1256","3184"
"MULTIPOLYGON (((8.67820797047124 50.5830077113819,8.67921705916901 50.58323161738,8.67996642502513 50.5828278768886,8.67970669530554 50.5822002334408,8.67869761729185 50.5819763309598,8.67794825831379 50.5823800684098,8.67820797047124 50.5830077113819)))","1050566","59566","210966","270532","1321098"
"MULTIPOLYGON (((8.65681852423204 50.5822493425546,8.65782741808837 50.5824734208309,8.65857681370038 50.5820698348845,8.6583173085641 50.5814421737003,8.65730842538058 50.5812180989435,8.65655903666065 50.5816216818513,8.65681852423204 50.5822493425546)))","28723","1123","10123","11246","39969"
"MULTIPOLYGON (((8.71700054278397 50.5682365688403,8.71800975120527 50.5684601688333,8.71875888959929 50.5680560255487,8.71849881272255 50.5674282853163,8.71748961500083 50.567204688837,8.71674048345642 50.5676088290764,8.71700054278397 50.5682365688403)))","2701","0","201","201","2902"
"MULTIPOLYGON (((8.65635563789485 50.565613937423,8.65736428770223 50.565838026151,8.65811350581367 50.5654343173687,8.65785406722871 50.5648065228959,8.65684542808875 50.5645824376885,8.65609621686645 50.5649861434333,8.65635563789485 50.565613937423)))","1429523","48823","193823","242646","1672169"
"MULTIPOLYGON (((8.63428164710273 50.569829728292,8.63529016775342 50.5700539927036,8.63603946993916 50.5696504813911,8.63578024456982 50.5690227087021,8.63477173457647 50.5687984478132,8.63402243929522 50.5692019560907,8.63428164710273 50.569829728292)))","806","106","206","312","1118"
"MULTIPOLYGON (((8.67651675004811 50.6077087049055,8.67752618104237 50.6079326143916,8.67827581489015 50.607529074207,8.67801601085975 50.6069016275789,8.67700659055629 50.6066777216086,8.67625696359259 50.6070812587506,8.67651675004811 50.6077087049055)))","18538","1338","2038","3376","21914"
"MULTIPOLYGON (((8.65610012925514 50.6048871646514,8.65710934389207 50.6051112394758,8.65785898363602 50.6047078308729,8.6575994018462 50.6040803504856,8.65659019788863 50.6038562791795,8.65584056504168 50.6042596847425,8.65610012925514 50.6048871646514)))","36031","3931","7031","10962","46993"
"MULTIPOLYGON (((8.6537050047325 50.5747170734483,8.65471376308518 50.5749411798032,8.65546308344074 50.5745375599982,8.65520363855111 50.5739098368762,8.65419489086729 50.5736857340416,8.65344557740437 50.5740893508088,8.6537050047325 50.5747170734483)))","145223","9323","45823","55146","200369"
"MULTIPOLYGON (((8.68025600322637 50.5857421282457,8.68126514900448 50.5859660166588,8.68201454054392 50.5855622815858,8.68175477942807 50.5849346611415,8.68074564433595 50.5847107762451,8.67999625967383 50.5851145082764,8.68025600322637 50.5857421282457)))","439519","53819","125919","179738","619257"
"MULTIPOLYGON (((8.73975829798935 50.5766964778698,8.74076782354012 50.5769198912528,8.74151701174735 50.5765156417344,8.74125666756768 50.5758879818818,8.74024715273081 50.5756645720096,8.73949797135984 50.5760688184793,8.73975829798935 50.5766964778698)))","720","0","120","120","840"
"MULTIPOLYGON (((8.72567934146995 50.5958089780836,8.72668902247847 50.5960324969138,8.72743844087939 50.5956284979831,8.72717817142268 50.5950009832704,8.72616850112672 50.5947774679514,8.72541908957502 50.595181463834,8.72567934146995 50.5958089780836)))","4802","1602","6802","8404","13206"
"MULTIPOLYGON (((8.67876563277167 50.6064980758896,8.67977506559699 50.6067219677856,8.68052468245564 50.6063184015489,8.68026485960674 50.6056909464592,8.67925543747296 50.605467058079,8.67850582749667 50.6058706212728,8.67876563277167 50.6064980758896)))","12444","3544","3744","7288","19732"
"MULTIPOLYGON (((8.72129755725949 50.569758644747,8.72230682448544 50.5699822095444,8.72305597149272 50.5695780456261,8.72279584442715 50.5689503199565,8.72178658790345 50.5687267586723,8.72103744774322 50.5691309195446,8.72129755725949 50.569758644747)))","1261","0","261","261","1522"
"MULTIPOLYGON (((8.68328347626976 50.5864137688639,8.68429265775609 50.5866376326553,8.68504205111799 50.5862338799964,8.6847822561182 50.5856062665884,8.68377308531962 50.5853824063134,8.68302369883317 50.5857861559301,8.68328347626976 50.5864137688639)))","482558","57958","240858","298816","781374"
"MULTIPOLYGON (((8.69430707051059 50.6019664073595,8.6953165713509 50.6021901761024,8.69606611191765 50.6017864589771,8.69580614477302 50.6011589761535,8.69479665463094 50.6009352109249,8.69404712093538 50.6013389250056,8.69430707051059 50.6019664073595)))","382750","17450","19150","36600","419350"
"MULTIPOLYGON (((8.67337691106193 50.6178379851753,8.67438646149849 50.6180619157436,8.67513620966915 50.6176584760656,8.67487640051521 50.6170311088622,8.67386686077094 50.6168071818096,8.67311711948844 50.6172106184447,8.67337691106193 50.6178379851753)))","6915","515","3315","3830","10745"
"MULTIPOLYGON (((8.67417885294802 50.6020615034728,8.67518818223497 50.6022854340812,8.67593775962637 50.6018818685105,8.67567800084639 50.6012543753734,8.67466868224726 50.6010304482814,8.6739191117404 50.6014340108101,8.67417885294802 50.6020615034728)))","466298","4298","8898","13196","479494"
"MULTIPOLYGON (((8.63027587827141 50.5712193672663,8.63128438447064 50.571443663302,8.63203370859041 50.5710401925708,8.63177451960368 50.5704124288387,8.63076602406017 50.5701881363261,8.63001670684777 50.5705916040226,8.63027587827141 50.5712193672663)))","3742","0","942","942","4684"
"MULTIPOLYGON (((8.64223779134118 50.5425171035512,8.64324598667054 50.5427413149838,8.6439949822883 50.542337536738,8.64373577568293 50.5417095500939,8.64272759100668 50.5414853421847,8.64197860228277 50.5418891173962,8.64223779134118 50.5425171035512)))","63060","260","860","1120","64180"
"MULTIPOLYGON (((8.73144575351883 50.5942358967247,8.73245546121615 50.5944593697897,8.7332048523924 50.5940553157184,8.73294452902631 50.5934277916312,8.731934832044 50.5932043220769,8.73118544771288 50.5936083730993,8.73144575351883 50.5942358967247)))","285557","18357","224457","242814","528371"
"MULTIPOLYGON (((8.64402063577231 50.5845362143492,8.64502945251351 50.5847603945629,8.645778895235 50.5843569219137,8.64551951431447 50.583729272088,8.64451070824018 50.5835050953951,8.64376127241965 50.5839085650072,8.64402063577231 50.5845362143492)))","257821","26821","148421","175242","433063"
"MULTIPOLYGON (((8.68656212985274 50.6253193106237,8.68757190181254 50.625543132029,8.68832170688393 50.6251396504039,8.68806173311468 50.6245123504186,8.68705197185622 50.6242885325271,8.68630217366579 50.6246920111072,8.68656212985274 50.6253193106237)))","55124","2924","3524","6448","61572"
"MULTIPOLYGON (((8.72351480871579 50.6215404322483,8.72452484319674 50.6217639578258,8.72527454161581 50.6213601706164,8.72501419869829 50.620732860879,8.7240041749366 50.6205093388114,8.72325448337328 50.6209131229713,8.72351480871579 50.6215404322483)))","1118","0","318","318","1436"
"MULTIPOLYGON (((8.69419866904919 50.6127688462132,8.69520832510575 50.6129926113724,8.69595798180194 50.6125889771375,8.69569797556827 50.6119615807888,8.69468833021316 50.6117378191433,8.69393868039039 50.6121414503329,8.69419866904919 50.6127688462132)))","2272","172","272","444","2716"
"MULTIPOLYGON (((8.67357743018211 50.6138941953052,8.67458692532221 50.6141181258866,8.67533663079078 50.6137146547334,8.67507683423213 50.6130872560417,8.67406734978315 50.6128633289762,8.67331765120185 50.6132667970867,8.67357743018211 50.6138941953052)))","4739","739","1539","2278","7017"
"MULTIPOLYGON (((8.62860247717602 50.5782583687363,8.62961107052818 50.5784826753814,8.63036047305223 50.5780792706434,8.63010127531437 50.5774515622951,8.62909269261914 50.5772272591729,8.62834329700499 50.5776306608762,8.62860247717602 50.5782583687363)))","140907","5507","11607","17114","158021"
"MULTIPOLYGON (((8.63575187000733 50.5667358284029,8.63676035868614 50.5669600822464,8.63750962512739 50.5665565364239,8.637250395987 50.5659287397929,8.63624191796532 50.5657044894721,8.63549265842701 50.5661080322597,8.63575187000733 50.5667358284029)))","5563","1363","2263","3626","9189"
"MULTIPOLYGON (((8.70586935643609 50.5634890334192,8.70687840088847 50.5637127248941,8.70762750831914 50.5633086289592,8.70736756444152 50.5626808445932,8.70635853068153 50.5624571566336,8.70560943010691 50.5628612495248,8.70586935643609 50.5634890334192)))","4471","471","871","1342","5813"
"MULTIPOLYGON (((8.63298101603536 50.586642377689,8.63398976812124 50.5868666457657,8.63473925286552 50.5864632718726,8.63447997861541 50.5858356329386,8.63347123719136 50.5856113683837,8.63272175935573 50.586014739241,8.63298101603536 50.586642377689)))","213409","1209","12009","13218","226627"
"MULTIPOLYGON (((8.63788263460018 50.5763314076451,8.63889128007073 50.5765556405031,8.63964064562089 50.5761521515602,8.63938135879724 50.5755244327953,8.63837272398789 50.5753002034593,8.63762336534113 50.5757036893663,8.63788263460018 50.5763314076451)))","1715","215","415","630","2345"
"MULTIPOLYGON (((8.69697079192219 50.5751987852145,8.69797992901521 50.5754225434974,8.6987291777842 50.5750186031212,8.69846928259617 50.5743909075054,8.69746015619455 50.574167152738,8.69671091428972 50.574571090071,8.69697079192219 50.5751987852145)))","109564","4164","26064","30228","139792"
"MULTIPOLYGON (((8.6941077342142 50.6059111098714,8.69511729035439 50.6061348785929,8.69586687360649 50.6057311929311,8.69560689384643 50.6051037415926,8.69459734840556 50.6048799763851,8.69384777202556 50.6052836590021,8.6941077342142 50.6059111098714)))","958865","57465","126265","183730","1142595"
"MULTIPOLYGON (((8.64918012959456 50.5948020445683,8.65018913898406 50.5950261791412,8.65093868272667 50.59462274579,8.65067921018034 50.5939951809043,8.64967021146353 50.593771049851,8.64892067462049 50.5941744801638,8.64918012959456 50.5948020445683)))","82777","5577","18777","24354","107131"
"MULTIPOLYGON (((8.70187936446587 50.5472082959135,8.70288813986198 50.5474320260779,8.70363708007272 50.5470278364856,8.70337723803199 50.546399919771,8.70236847332121 50.5461761931233,8.70161953996594 50.5465803796735,8.70187936446587 50.5472082959135)))","34668","2868","13368","16236","50904"
"MULTIPOLYGON (((8.7131802600449 50.5833517663378,8.71418965392854 50.5835753908832,8.71493896114596 50.583171390974,8.71467886762482 50.5825437695652,8.71366948444344 50.582320148533,8.71292018408109 50.5827241453964,8.7131802600449 50.5833517663378)))","1615","115","315","430","2045"
"MULTIPOLYGON (((8.67270928597326 50.6051545520925,8.67371864732404 50.6053784932503,8.67446826051757 50.6049749621931,8.67420850547429 50.6043474930201,8.6731991548115 50.6041235553786,8.67244954850409 50.6045270833939,8.67270928597326 50.6051545520925)))","257987","5987","21387","27374","285361"
"MULTIPOLYGON (((8.6646304307155 50.5834140971498,8.6656394085735 50.5836381121529,8.66638880285816 50.5832344765013,8.6661292123978 50.5826068288864,8.66512024521697 50.5823828174019,8.66437085781947 50.5827864500138,8.6646304307155 50.5834140971498)))","311592","28992","57792","86784","398376"
"MULTIPOLYGON (((8.64324256077157 50.5826532508396,8.64425134363242 50.5828774380693,8.64500076753155 50.5824739569526,8.64474140166885 50.5818462916432,8.64373262947392 50.5816221079345,8.64298321247588 50.5820255860143,8.64324256077157 50.5826532508396)))","220854","15054","41854","56908","277762"
"MULTIPOLYGON (((8.6399907725294 50.5437283686535,8.6409989659761 50.5439525976542,8.64174797851425 50.543548845442,8.64148879071026 50.5429208672632,8.64048060791593 50.542696641786,8.63973160227333 50.5431003909642,8.6399907725294 50.5437283686535)))","4206","306","1506","1812","6018"
"MULTIPOLYGON (((8.72686435919129 50.5721317980122,8.72787370838314 50.5723553170435,8.7286228708386 50.5719511294431,8.72836267725849 50.5713234258585,8.72735333877254 50.5710999103396,8.72660418316091 50.5715040948932,8.72686435919129 50.5721317980122)))","558003","30803","231503","262306","820309"
"MULTIPOLYGON (((8.6444806803766 50.601166783555,8.64548974125139 50.6013909533091,8.64623936158275 50.6009876035387,8.64597991413548 50.6003600870525,8.64497086393291 50.6001359208181,8.64422125050549 50.6005392675503,8.6444806803766 50.601166783555)))","2771","171","1071","1242","4013"
"MULTIPOLYGON (((8.6386065654002 50.5536857915542,8.63961489046077 50.5539100276971,8.64036401206399 50.5535063614204,8.64010480170828 50.5528784620354,8.63909648730238 50.5526542294157,8.63834737259763 50.5530578926579,8.6386065654002 50.5536857915542)))","364979","12279","25979","38258","403237"
"MULTIPOLYGON (((8.66618797357251 50.5871798715359,8.66719701919645 50.5874038724839,8.66794645110704 50.5870002537581,8.66768683050696 50.5863726371246,8.66667779556215 50.5861486396949,8.66592837053843 50.5865522553805,8.66618797357251 50.5871798715359)))","1281429","41429","145129","186558","1467987"
"MULTIPOLYGON (((8.64955468171316 50.5447143762719,8.65056297166332 50.5449385280428,8.65131197792081 50.5445347116236,8.65105268733875 50.5439067464689,8.6500444080462 50.5436825982205,8.64929540867817 50.5440864116044,8.64955468171316 50.5447143762719)))","115670","11470","27870","39340","155010"
"MULTIPOLYGON (((8.65448331683459 50.5766002104023,8.65549210906041 50.5768243097394,8.65624144822913 50.5764206983991,8.65598198827963 50.5757929907598,8.65497320672371 50.5755688949429,8.65422387444747 50.5759725032452,8.65448331683459 50.5766002104023)))","323619","19119","33619","52738","376357"
"MULTIPOLYGON (((8.69577578334474 50.5988727595844,8.69678525209063 50.5990965177844,8.6975347568465 50.5986927661524,8.69727478598701 50.5980652593649,8.69626532793913 50.5978415046792,8.69551583005288 50.5982452532666,8.69577578334474 50.5988727595844)))","103142","3342","4042","7384","110526"
"MULTIPOLYGON (((8.70764157455025 50.5456346840047,8.70865037668105 50.5458583684629,8.70939928976965 50.5454541237643,8.70913939387622 50.5448261976504,8.70813060243329 50.5446025167083,8.70738169619604 50.5450067583641,8.70764157455025 50.5456346840047)))","1342","0","642","642","1984"
"MULTIPOLYGON (((8.62373486858755 50.5709046093365,8.62474331389511 50.571128958046,8.62549264612096 50.5707255339649,8.62523352612776 50.5700977642082,8.62422509147242 50.5698734190225,8.62347576615819 50.5702768400699,8.62373486858755 50.5709046093365)))","310","110","310","420","730"
"MULTIPOLYGON (((8.7184450453865 50.6004759121187,8.71945473181533 50.6006994872466,8.72020421324925 50.6002955779572,8.71994400139952 50.5996680965875,8.71893432568089 50.5994445249714,8.71818485110193 50.5998484312132,8.7184450453865 50.6004759121187)))","11645","645","3245","3890","15535"
"MULTIPOLYGON (((8.7006864654058 50.5708918962671,8.70169557222106 50.5711156264184,8.70244476821073 50.5707116255062,8.70218485052435 50.5700838974863,8.70117575440104 50.5698601708504,8.70042656527228 50.5702641687192,8.7006864654058 50.5708918962671)))","25211","2911","3811","6722","31933"
"MULTIPOLYGON (((8.64724900534414 50.5812634615112,8.64825780262884 50.5814876171047,8.64900720456242 50.581084095401,8.6487478023132 50.5804564211413,8.64773901569603 50.5802322690684,8.64698962066065 50.5806357877348,8.64724900534414 50.5812634615112)))","398062","61262","93062","154324","552386"
"MULTIPOLYGON (((8.65214851605194 50.5709506602058,8.65315720666399 50.5711747805928,8.65390648939523 50.5707711438583,8.65364707462158 50.5701433897741,8.65263839467647 50.5699192729077,8.65188911883816 50.570322906605,8.65214851605194 50.5709506602058)))","44502","1102","5402","6504","51006"
"MULTIPOLYGON (((8.66543391481262 50.5676304408549,8.6664426717766 50.5678544557988,8.66719189544661 50.5674506942841,8.66693235526926 50.5668229208644,8.66592360897805 50.56659890944,8.66517439219157 50.5670026679159,8.66543391481262 50.5676304408549)))","212346","14146","19146","33292","245638"
"MULTIPOLYGON (((8.65814769619388 50.6076210980765,8.65915696795635 50.6078451553182,8.65990663342478 50.607441752141,8.65964702023468 50.6068142947626,8.65863775915344 50.6065902410388,8.65788810058122 50.6069936411757,8.65814769619388 50.6076210980765)))","119900","4700","13000","17700","137600"
"MULTIPOLYGON (((8.67607100680531 50.5734126829727,8.67707993863241 50.5736366100571,8.6778292054221 50.5732328127239,8.67756953350717 50.5726050913469,8.6765606123601 50.5723811677804,8.67581135244805 50.5727849620731,8.67607100680531 50.5734126829727)))","7163","363","1563","1926","9089"
"MULTIPOLYGON (((8.70359182280362 50.6000351076796,8.70460137543864 50.6002588025164,8.70535087871617 50.5998550011532,8.70509082249413 50.5992275079988,8.7040812805615 50.5990038166753,8.70333178414867 50.5994076149929,8.70359182280362 50.6000351076796)))","14444","444","844","1288","15732"
"MULTIPOLYGON (((8.62843365043544 50.56453800964,8.62944204438713 50.5647623231592,8.63019130013132 50.5643588155159,8.62993215501662 50.5637309973874,8.62892377171762 50.5635066873918,8.62817452288076 50.5639101920012,8.62843365043544 50.56453800964)))","78913","7313","12313","19626","98539"
"MULTIPOLYGON (((8.63318368262921 50.5826973608616,8.63419237951159 50.5829216289057,8.63494182158785 50.5825182235317,8.63468255987404 50.5818905531492,8.63367387365237 50.5816662886272,8.63292443848387 50.5820696909655,8.63318368262921 50.5826973608616)))","287077","9777","48477","58254","345331"
"MULTIPOLYGON (((8.70516686030714 50.5861360386399,8.70617622565971 50.5863597265177,8.70692557705181 50.5859558077849,8.70666555623051 50.5853282042192,8.70565620157689 50.5851045198554,8.70490685704574 50.5855084355433,8.70516686030714 50.5861360386399)))","161584","16384","18184","34568","196152"
"MULTIPOLYGON (((8.61809135198254 50.5616665830565,8.61909961541392 50.5618909807993,8.61984885852015 50.5614875289,8.61958983128154 50.5608596822903,8.61858157849661 50.5606352880724,8.61783234230394 50.5610387369394,8.61809135198254 50.5616665830565)))","125995","5695","15695","21390","147385"
"MULTIPOLYGON (((8.62234792903783 50.5808575619572,8.62335650600964 50.5810819178029,8.62410594738257 50.5806785796965,8.62384680486924 50.5800508887785,8.62283823855198 50.5798265364562,8.6220888040936 50.5802298715285,8.62234792903783 50.5808575619572)))","79936","20436","94236","114672","194608"
"MULTIPOLYGON (((8.71209615299962 50.5962203981618,8.71310572347919 50.5964440261395,8.71385517063157 50.5960401320856,8.71359504044617 50.5954126131006,8.71258548067225 50.5951889886356,8.71183604037819 50.595592879643,8.71209615299962 50.5962203981618)))","328593","37993","54993","92986","421579"
"MULTIPOLYGON (((8.64946842583654 50.5977156580676,8.65047747979212 50.5979397891358,8.65122705428829 50.5975363757572,8.650967567929 50.5969088343491,8.64995852464714 50.5966847068003,8.64920895705094 50.5970881171402,8.64946842583654 50.5977156580676)))","5706","606","806","1412","7118"
"MULTIPOLYGON (((8.6390337074394 50.5879878631936,8.64004253107794 50.5882120820862,8.6407920196051 50.5878086730362,8.64053267758889 50.5871810481305,8.63952386461573 50.5869568327591,8.63877438299351 50.5873602387724,8.6390337074394 50.5879878631936)))","475213","19813","53013","72826","548039"
"MULTIPOLYGON (((8.63649749724076 50.5862841374584,8.63750627444123 50.5865083774228,8.63825574915785 50.5861049744461,8.63799643976782 50.5854773345413,8.63698767323087 50.5852530980984,8.63623820542054 50.5856564980389,8.63649749724076 50.5862841374584)))","666549","14249","40849","55098","721647"
"MULTIPOLYGON (((8.70223053612999 50.5923247421423,8.70323996567767 50.592548451104,8.70398938867821 50.5921446013718,8.7037293752671 50.5915170457229,8.70271995641879 50.5912933402751,8.70197054028229 50.5916971869624,8.70223053612999 50.5923247421423)))","490708","7508","18408","25916","516624"
"MULTIPOLYGON (((8.70056323628264 50.5993639738799,8.7015727532252 50.5995876933611,8.70232225471018 50.5991839095904,8.70206223238613 50.5985564093839,8.70105272614424 50.5983326934166,8.70030323152582 50.598736474142,8.70056323628264 50.5993639738799)))","40421","621","1621","2242","42663"
"MULTIPOLYGON (((8.65586583453283 50.5666454176756,8.65687449500778 50.5668695099241,8.65762372503725 50.5664658126431,8.65736428770223 50.565838026151,8.65635563789485 50.565613937423,8.65560641475502 50.5660176316666,8.65586583453283 50.5666454176756)))","714776","28076","109376","137452","852228"
"MULTIPOLYGON (((8.69204039911 50.6208366120213,8.69305015329432 50.621060391207,8.69379990046051 50.6206568344578,8.69353988656608 50.6200295015684,8.69253014308458 50.6198057258961,8.69178040279481 50.6202092795998,8.69204039911 50.6208366120213)))","3445","0","445","445","3890"
"MULTIPOLYGON (((8.730578619653 50.5678234018459,8.73158793847845 50.5680468927506,8.7323370481118 50.5676426446255,8.73207683207926 50.5670149086429,8.73106752396026 50.5667914212505,8.73031842116747 50.5671956663285,8.730578619653 50.5678234018459)))","3031","1131","1231","2362","5393"
"MULTIPOLYGON (((8.62630464980257 50.5549410021989,8.62731288702699 50.5551653366614,8.62806204368132 50.5547617721347,8.62780295620455 50.5541338761786,8.62679472962882 50.5539095452405,8.62604557988129 50.5543131067341,8.62630464980257 50.5549410021989)))","27807","1607","2107","3714","31521"
"MULTIPOLYGON (((8.6138446529131 50.5846659842974,8.61485321155409 50.5848904069159,8.6156027086738 50.584487161491,8.61534364023173 50.583859496481,8.61433509224203 50.5836350773866,8.61358560204324 50.5840383197782,8.6138446529131 50.5846659842974)))","756309","1309","108209","109518","865827"
"MULTIPOLYGON (((8.73057034549366 50.585492999901,8.73157991937984 50.5857164836189,8.73232921838331 50.5853123697063,8.73206893665674 50.584684775124,8.73105937348243 50.5844612949172,8.73031008132297 50.5848654057817,8.73057034549366 50.585492999901)))","892118","150418","301918","452336","1344454"
"MULTIPOLYGON (((8.67440175604314 50.580452978653,8.67541077514912 50.5806769162976,8.67616012036892 50.5802731849297,8.67590043960275 50.5796455189581,8.6748914311781 50.5794215848312,8.67414209283841 50.5798253131584,8.67440175604314 50.580452978653)))","1429529","93729","222829","316558","1746087"
"MULTIPOLYGON (((8.70186384226242 50.5648815837949,8.70287287244443 50.5651053069221,8.70362200193947 50.5647012515652,8.7033620943937 50.5640734761243,8.70235307490246 50.5638497565127,8.70160395226632 50.5642538088264,8.70186384226242 50.5648815837949)))","6589","789","1789","2578","9167"
"MULTIPOLYGON (((8.65851591102555 50.5575411057098,8.65952446297235 50.5577651803275,8.66027359077945 50.5573613940783,8.66001415975383 50.556733536249,8.65900561847316 50.5565094651521,8.65825649755211 50.5569132483639,8.65851591102555 50.5575411057098)))","4426","226","426","652","5078"
"MULTIPOLYGON (((8.72677025565643 50.5652696366463,8.72777950499469 50.5654931592415,8.72852859410438 50.5650889202569,8.72826842703341 50.5644611617235,8.72725918839886 50.5642376426412,8.72651010613174 50.5646418785795,8.72677025565643 50.5652696366463)))","1218","118","218","336","1554"
"MULTIPOLYGON (((8.67558138808239 50.5744441786818,8.67659033058959 50.5746681092841,8.67733960930363 50.5742643234515,8.67707993863241 50.5736366100571,8.67607100680531 50.5734126829727,8.67532173496946 50.5738164657649,8.67558138808239 50.5744441786818)))","371528","31128","65828","96956","468484"
"MULTIPOLYGON (((8.63586919783531 50.5559282288936,8.63687753166108 50.5561524861301,8.63762668209701 50.5557488573924,8.63736749180659 50.5551209744525,8.6363591686348 50.5548967207394,8.63561002509953 50.5553003464428,8.63586919783531 50.5559282288936)))","30714","2614","7714","10328","41042"
"MULTIPOLYGON (((8.64713338754562 50.5920676038329,8.6481423398267 50.5922917559706,8.64889185784415 50.5918883171906,8.64863241668021 50.591260729311,8.64762347506991 50.5910365806933,8.64687396395285 50.5914400164353,8.64713338754562 50.5920676038329)))","41552","2552","6552","9104","50656"
"MULTIPOLYGON (((8.63396144516847 50.5845803395889,8.63497017593077 50.5848046006219,8.63571963683417 50.5844012037175,8.63546036006775 50.5837735488159,8.63445163996716 50.5835492913047,8.63370218597138 50.5839526851733,8.63396144516847 50.5845803395889)))","534802","16102","103102","119204","654006"
"MULTIPOLYGON (((8.64923779124567 50.5594707809793,8.65024629121463 50.5596949293827,8.65099545606682 50.559291227321,8.65073611405756 50.5586633798923,8.64972762475051 50.5584392350106,8.64897846679089 50.558842934036,8.64923779124567 50.5594707809793)))","206591","1291","6291","7582","214173"
"MULTIPOLYGON (((8.69744351121972 50.5918336359013,8.69845289258451 50.5920573835766,8.69920231885921 50.5916535659802,8.69894235690212 50.5910260037529,8.69793298623403 50.5908022595921,8.6971835668265 50.5912060741442,8.69744351121972 50.5918336359013)))","6651","651","951","1602","8253"
"MULTIPOLYGON (((8.66950428021128 50.590765845111,8.67051340613399 50.5909898179322,8.67126287062996 50.590586201588,8.67100320231795 50.5899586154635,8.6699940870772 50.5897346461599,8.66924462946661 50.5901382594634,8.66950428021128 50.590765845111)))","509377","47777","84177","131954","641331"
"MULTIPOLYGON (((8.65295779828842 50.6150157636086,8.65396713227256 50.6152398595455,8.65471688630948 50.6148365514645,8.65445729946122 50.6142091504868,8.65344797615787 50.6139850580679,8.65269822902207 50.6143883631087,8.65295779828842 50.6150157636086)))","85526","226","4526","4752","90278"
"MULTIPOLYGON (((8.66204223346316 50.6170323315487,8.66305167477044 50.6172563536085,8.66380143438914 50.6168529927599,8.66354174580519 50.6162256128931,8.66253231518404 50.6160015943502,8.66178256246087 50.6164049521573,8.66204223346316 50.6170323315487)))","12372","1072","3172","4244","16616"
"MULTIPOLYGON (((8.68698102743765 50.5997722974034,8.68799043365399 50.5999961259827,8.68873996372796 50.5995924470835,8.68848008071009 50.5989649426486,8.6874706851875 50.5987411175845,8.68672116198915 50.5991447934402,8.68698102743765 50.5997722974034)))","1331618","14518","149918","164436","1496054"
"MULTIPOLYGON (((8.71501971447981 50.6076950764398,8.71602947588191 50.6079186761496,8.71677904091142 50.6075148473661,8.71651883768035 50.6068874219206,8.71550908698891 50.6066638257225,8.71475952881803 50.6070676514584,8.71501971447981 50.6076950764398)))","387364","21464","37064","58528","445892"
"MULTIPOLYGON (((8.68139385551665 50.6150580305803,8.68240343466895 50.615281897809,8.68315313874426 50.6148783769227,8.68289325678507 50.6142509918515,8.68188368832829 50.6140271281376,8.6811339911353 50.6144306459801,8.68139385551665 50.6150580305803)))","41178","778","1778","2556","43734"
"MULTIPOLYGON (((8.72615910878705 50.6124402576306,8.72716903432142 50.6126637657082,8.7279186303017 50.6122598895341,8.72765829389551 50.6116325083319,8.72664837907899 50.6114090037645,8.72589878995095 50.6118128768893,8.72615910878705 50.6124402576306)))","255224","13124","35724","48848","304072"
"MULTIPOLYGON (((8.70535087871617 50.5998550011532,8.70636044384435 50.6000786819103,8.70710994204709 50.5996748659999,8.70684986825829 50.5990473723782,8.70584031383337 50.5988236951342,8.70509082249413 50.5992275079988,8.70535087871617 50.5998550011532)))","173950","20050","21650","41700","215650"
"MULTIPOLYGON (((8.65315609065351 50.5512178678027,8.65416450532882 50.5514419880325,8.6549135748735 50.551038193968,8.65465422285463 50.55041028271,8.65364581884074 50.5501861660019,8.65289675618443 50.5505899570302,8.65315609065351 50.5512178678027)))","1946","546","1046","1592","3538"
"MULTIPOLYGON (((8.73184815328554 50.5686746207504,8.73285749527332 50.5688981010899,8.73360661174653 50.5684938499176,8.73334637939221 50.567866121453,8.7323370481118 50.5676426446255,8.73158793847845 50.5680468927506,8.73184815328554 50.5686746207504)))","130578","59078","80078","139156","269734"
"MULTIPOLYGON (((8.67567045467075 50.5813045742853,8.67667949697405 50.5815285013819,8.67742884907332 50.5811247669731,8.67716915198995 50.5804971085087,8.67616012036892 50.5802731849297,8.67541077514912 50.5806769162976,8.67567045467075 50.5813045742853)))","1190118","95118","295118","390236","1580354"
"MULTIPOLYGON (((8.62990397476883 50.5614439844465,8.63091233676255 50.5616682873947,8.6316615567709 50.5612647452418,8.63140240787994 50.5606369031746,8.6303940565387 50.56041260375,8.62964484343607 50.560816142869,8.62990397476883 50.5614439844465)))","64548","3148","8548","11696","76244"
"MULTIPOLYGON (((8.63756315683466 50.5910808375557,8.63857201246961 50.5913050670115,8.63932153676487 50.5909016924788,8.63906219851874 50.590274091527,8.63805335354934 50.5900498655923,8.63730383616063 50.5904532370883,8.63756315683466 50.5910808375557)))","1918","0","218","218","2136"
"MULTIPOLYGON (((8.68600167240808 50.6018345985689,8.68701110001206 50.6020584341785,8.68776065395703 50.6016547782854,8.68750077342147 50.6010272898261,8.68649135651134 50.6008034577317,8.68574180944302 50.6012071105813,8.68600167240808 50.6018345985689)))","1429539","49539","111239","160778","1590317"
"MULTIPOLYGON (((8.69164134517612 50.6287236556501,8.69265121002117 50.628947434774,8.69340104260954 50.6285439409666,8.69314100347473 50.6279166710812,8.69213114933471 50.6276928954704,8.69138132362459 50.6280963862319,8.69164134517612 50.6287236556501)))","108782","6582","10482","17064","125846"
"MULTIPOLYGON (((8.7266576476146 50.5937459383325,8.72766730719814 50.5939694501403,8.72841670171749 50.5935654282118,8.72815642980523 50.5929378975238,8.72714678093409 50.5927143892271,8.72639739326294 50.5931184081075,8.7266576476146 50.5937459383325)))","418907","18407","33107","51514","470421"
"MULTIPOLYGON (((8.66910290104341 50.5986556597707,8.67011213748301 50.5988796325947,8.67086168733228 50.5984760791908,8.67060199385486 50.5978485560042,8.6695927680994 50.5976245866975,8.66884322513733 50.5980281370602,8.66910290104341 50.5986556597707)))","61987","1987","7687","9674","71661"
"MULTIPOLYGON (((8.73281822372192 50.5842806497141,8.73382779935663 50.5845041158384,8.73457708132603 50.5840999758832,8.73431678081859 50.5834723728521,8.73330721589656 50.5832489102389,8.73255794076945 50.5836530471458,8.73281822372192 50.5842806497141)))","66162","9862","21662","31524","97686"
"MULTIPOLYGON (((8.72404389745632 50.5498405336567,8.72505290083965 50.5500640844712,8.72580182962022 50.549659748819,8.72554174817619 50.5490318653974,8.72453275549049 50.548808318097,8.72378383355127 50.5492126507041,8.72404389745632 50.5498405336567)))","356635","38635","101135","139770","496405"
"MULTIPOLYGON (((8.6188684110878 50.5635500904764,8.61987670837802 50.5637744812245,8.62062597030718 50.5633710377966,8.62036692803284 50.5627432066533,8.61935864139009 50.5625188194299,8.61860938637433 50.5629222598252,8.6188684110878 50.5635500904764)))","11349","549","1849","2398","13747"
"MULTIPOLYGON (((8.66053624887017 50.5779446834311,8.66154511256534 50.5781687335689,8.66229445545108 50.5777650870695,8.66203492775303 50.5771373934713,8.66102607473124 50.5769133468529,8.66027673873425 50.5773169903134,8.66053624887017 50.5779446834311)))","793670","33570","159270","192840","986510"
"MULTIPOLYGON (((8.67631641155273 50.611652872537,8.67732589783677 50.6118767820114,8.67807557437876 50.6114732732988,8.67781575775186 50.6108458581548,8.6768062821597 50.6106219521961,8.67605661250271 50.6110254578658,8.67631641155273 50.611652872537)))","15862","662","1162","1824","17686"
"MULTIPOLYGON (((8.6431870415506 50.5581257184963,8.64419547005499 50.5583499160591,8.6449446311581 50.5579462491435,8.6446853568606 50.5573183877006,8.6436769390146 50.5570941936602,8.6429277848078 50.5574978575404,8.6431870415506 50.5581257184963)))","1429520","8020","8920","16940","1446460"
"MULTIPOLYGON (((8.6404185361962 50.578035276897,8.64142722809026 50.5782594886892,8.64217660744522 50.5778559936741,8.64191728800417 50.5772282899029,8.64090860677312 50.5770040816322,8.64015923432024 50.5774075736112,8.6404185361962 50.578035276897)))","24036","1136","2836","3972","28008"
"MULTIPOLYGON (((8.68846887956483 50.5790138278187,8.68947799874071 50.5792376529268,8.69022730354157 50.5788338052189,8.68996748229611 50.5782061354455,8.68895837380841 50.5779823138537,8.6882090758781 50.5783861585191,8.68846887956483 50.5790138278187)))","291591","6591","20291","26882","318473"
"MULTIPOLYGON (((8.61281887780419 50.562203574047,8.61382710353299 50.5624280139197,8.61457636162129 50.5620246056296,8.61431738706376 50.5613967604986,8.61330917197889 50.5611723241514,8.61255992080772 50.5615757294098,8.61281887780419 50.562203574047)))","2014","114","414","528","2542"
"MULTIPOLYGON (((8.72081925178185 50.5531177747025,8.72182827479899 50.553341350129,8.72257724443847 50.5529370634969,8.72231718421675 50.5523092044832,8.72130817189656 50.5520856325709,8.72055920910123 50.5524899161581,8.72081925178185 50.5531177747025)))","453","0","153","153","606"
"MULTIPOLYGON (((8.64554716079175 50.6059625664515,8.64655630013928 50.6061867256748,8.64730597006433 50.6057834043481,8.64704649373774 50.6051559268368,8.64603736506442 50.6049317711329,8.64528770204357 50.6053350894209,8.64554716079175 50.6059625664515)))","166325","16425","35325","51750","218075"
"MULTIPOLYGON (((8.64134379757287 50.5514431876159,8.6423521138633 50.5516674026654,8.64310120663231 50.5512636988511,8.6428419762148 50.5506357830221,8.64183367057976 50.5504115714956,8.64108458470698 50.5508152722752,8.64134379757287 50.5514431876159)))","2336","0","1736","1736","4072"
"MULTIPOLYGON (((8.66705504823822 50.5959215475246,8.66806422757162 50.5961455379339,8.66881375171544 50.595741979108,8.66855408963797 50.5951144329136,8.66754492098683 50.5948904460219,8.66679540373101 50.5952940018071,8.66705504823822 50.5959215475246)))","256204","13804","20104","33908","290112"
"MULTIPOLYGON (((8.70184831221334 50.5825505476078,8.70285759730994 50.5827742636522,8.70360691618502 50.5823703425541,8.7033469431012 50.5817427084559,8.70233766870075 50.581518995926,8.70158835668809 50.5819229139799,8.70184831221334 50.5825505476078)))","283714","2614","7914","10528","294242"
"MULTIPOLYGON (((8.6711742269344 50.5837267632605,8.67218326556534 50.5839507255238,8.67293265161025 50.5835470432041,8.67267299214146 50.5829194016617,8.6716639641912 50.5826954429163,8.67091458502917 50.5830991221955,8.6711742269344 50.5837267632605)))","1429517","285417","318317","603734","2033251"
"MULTIPOLYGON (((8.6385435370841 50.5890188741382,8.63955237138805 50.5892430965518,8.64030187183762 50.5888396990074,8.64004253107794 50.5882120820862,8.6390337074394 50.5879878631936,8.63828421389527 50.5883912577013,8.6385435370841 50.5890188741382)))","25994","194","994","1188","27182"
"MULTIPOLYGON (((8.63081718979272 50.5947107648729,8.63182603974026 50.5949350470668,8.63257561484763 50.5945317506826,8.63231633309589 50.5939041751406,8.63130749381149 50.5936798964683,8.63055792561581 50.5940831898165,8.63081718979272 50.5947107648729)))","1000615","7215","137115","144330","1144945"
"MULTIPOLYGON (((8.7081027104116 50.5799466336647,8.70911201157134 50.5801703004584,8.7098612913644 50.5797663127311,8.70960126314009 50.5791386612551,8.70859197267891 50.5789149979754,8.70784269974361 50.5793189826578,8.7081027104116 50.5799466336647)))","425565","7865","29665","37530","463095"
"MULTIPOLYGON (((8.70808875382487 50.5976122044441,8.70909831003624 50.5978358640952,8.70984777928538 50.5974320106356,8.70958768546201 50.596804500571,8.70857813995463 50.596580844433,8.70782867756673 50.5969846948465,8.70808875382487 50.5976122044441)))","5636","536","1236","1772","7408"
"MULTIPOLYGON (((8.65652997397669 50.5793350773973,8.65753882328249 50.5795591591753,8.65828818815665 50.5791555532613,8.65802869683349 50.5785278686077,8.65701985819943 50.5783037903494,8.65627050021692 50.578707393225,8.65652997397669 50.5793350773973)))","91026","5326","12426","17752","108778"
"MULTIPOLYGON (((8.7134712768615 50.5862661725191,8.71448071533249 50.5864897935267,8.71523005327488 50.5860858135689,8.71496994589095 50.5854582156496,8.71396051812321 50.5852345981552,8.71321118703629 50.5856385750669,8.7134712768615 50.5862661725191)))","428433","9233","89033","98266","526699"
"MULTIPOLYGON (((8.68439251074632 50.5558742752681,8.68540126102117 50.5560981425469,8.68615032513685 50.55569414973,8.68589063210909 50.5550662926749,8.68488189251323 50.5548424289142,8.68413283526625 50.5552464186907,8.68439251074632 50.5558742752681)))","1536","0","736","736","2272"
"MULTIPOLYGON (((8.71563829900746 50.5605228018594,8.71664738443778 50.5607464159561,8.71739644264199 50.5603422243272,8.71713640856699 50.5597144216464,8.71612733383316 50.5594908110641,8.71537828247795 50.5598949996483,8.71563829900746 50.5605228018594)))","669","0","169","169","838"
"MULTIPOLYGON (((8.67074967880986 50.609278344012,8.67175908291334 50.6095022992356,8.67250874384667 50.6090988141987,8.67224899378841 50.6084713769803,8.6712396003732 50.6082474252732,8.67048994632809 50.608650907268,8.67074967880986 50.609278344012)))","18685","485","1585","2070","20755"
"MULTIPOLYGON (((8.65626849557386 50.5587523948072,8.65727704566165 50.5589764869995,8.65802619041324 50.5585727267881,8.65776677818936 50.5579448774215,8.65675823876691 50.5577207887502,8.65600910090315 50.5581245459245,8.65626849557386 50.5587523948072)))","1745","445","745","1190","2935"
"MULTIPOLYGON (((8.68417276332086 50.5774907666404,8.68518182361292 50.5777146269193,8.68593111972708 50.5773107998383,8.68567134867623 50.5766831155202,8.68466229906963 50.5764592587581,8.68391300982856 50.5768630827974,8.68417276332086 50.5774907666404)))","131854","8854","12154","21008","152862"
"MULTIPOLYGON (((8.6495836933826 50.5869122932341,8.65059259231038 50.5871364277717,8.65134205070506 50.5867329314673,8.65108260327429 50.5861053036634,8.65007371501697 50.5858811726458,8.64932426352007 50.5862846659122,8.6495836933826 50.5869122932341)))","1429504","285404","318304","603708","2033212"
"MULTIPOLYGON (((8.667392612474 50.5635041983059,8.66840132674722 50.5637281991721,8.66915050273826 50.563324391656,8.66889095757476 50.5626965863127,8.66788225397404 50.562472588966,8.66713308486443 50.5628763934433,8.667392612474 50.5635041983059)))","2467","267","367","634","3101"
"MULTIPOLYGON (((8.69887932551249 50.6240610877551,8.69988918506798 50.6242848105722,8.70063895466032 50.6238812270876,8.70037885782474 50.6232539238323,8.6993690089766 50.6230302045276,8.69861924625679 50.6234337849658,8.69887932551249 50.6240610877551)))","163879","25879","35479","61358","225237"
"MULTIPOLYGON (((8.62946456502345 50.5870005035303,8.63047329198745 50.5872247997177,8.63122278675359 50.5868214549081,8.6309635476448 50.5861938169465,8.62995483134087 50.5859695242813,8.62920534348577 50.5863728660556,8.62946456502345 50.5870005035303)))","311635","5435","11335","16770","328405"
"MULTIPOLYGON (((8.64606700129484 50.5872709309598,8.6470758751334 50.5874950936175,8.64782534357809 50.5870916263981,8.64756593128415 50.5864639995587,8.64655706811432 50.5862398404214,8.6458076065698 50.5866433046032,8.64606700129484 50.5872709309598)))","680080","33980","64480","98460","778540"
"MULTIPOLYGON (((8.72100627075839 50.5668435436187,8.72201549341365 50.5670671119508,8.72276460971273 50.5666629280866,8.72250449651006 50.5660351789361,8.72149528455603 50.5658116141174,8.72074617510358 50.5662157949359,8.72100627075839 50.5668435436187)))","1208","108","208","316","1524"
"MULTIPOLYGON (((8.72821927946174 50.5975110110947,8.72922900683662 50.5977345087772,8.72997843893407 50.5973305037495,8.72971813680883 50.596703004088,8.72870842014832 50.5964795099163,8.72795899489877 50.5968835118954,8.72821927946174 50.5975110110947)))","1325","0","2225","2225","3550"
"MULTIPOLYGON (((8.69512142732336 50.5685176386826,8.69613045211256 50.5687414145607,8.69687963258058 50.5683374373192,8.69661978139542 50.5677096872422,8.69561076729463 50.5674859148802,8.69486159369069 50.5678898890791,8.69512142732336 50.5685176386826)))","348284","39184","101884","141068","489352"
"MULTIPOLYGON (((8.68759923704987 50.5702698023201,8.68860822254491 50.5704936379813,8.68935743517569 50.5700897304023,8.68909765544212 50.5694619902039,8.68808868063212 50.5692381580597,8.68733947487074 50.5696420625969,8.68759923704987 50.5702698023201)))","984960","76260","203460","279720","1264680"
"MULTIPOLYGON (((8.7004558029074 50.6101669893592,8.70146547507165 50.6103907052479,8.70221509267425 50.6099870043589,8.70195503124398 50.6093595906271,8.70094536978363 50.6091358782515,8.70019575904977 50.6095395760947,8.7004558029074 50.6101669893592)))","487114","39714","72214","111928","599042"
"MULTIPOLYGON (((8.72244229107051 50.6167453575789,8.72345224699651 50.6169688937871,8.72420189585939 50.6165650781699,8.72394158194085 50.6159377293936,8.7229316367321 50.6157141966957,8.72218199472473 50.6161180092639,8.72244229107051 50.6167453575789)))","720","120","1020","1140","1860"
"MULTIPOLYGON (((8.6924751839695 50.5776222100103,8.69348431745494 50.577846003464,8.69423360020759 50.5774421151712,8.69397374260733 50.5768144364675,8.69296461981168 50.5765906465296,8.69221534392663 50.5769945317796,8.6924751839695 50.5776222100103)))","267921","27021","75121","102142","370063"
"MULTIPOLYGON (((8.70603897986078 50.5948784577681,8.70704847898438 50.595102135038,8.70779792257312 50.5946982761696,8.70753786017631 50.5940707430769,8.70652837175478 50.5938470693204,8.7057789350281 50.5942509251432,8.70603897986078 50.5948784577681)))","188328","34628","102428","137056","325384"
"MULTIPOLYGON (((8.65419489086729 50.5736857340416,8.65520363855111 50.5739098368762,8.65595294698631 50.5735062055687,8.65569350084567 50.5728784744645,8.65468476383067 50.5726543751502,8.65393546228763 50.5730580034199,8.65419489086729 50.5736857340416)))","27968","6368","57768","64136","92104"
"MULTIPOLYGON (((8.63367387365237 50.5816662886272,8.63468255987404 50.5818905531492,8.63543199003101 50.58148713627,8.63517272705919 50.5808594579044,8.63416405149814 50.5806351969044,8.63341462824841 50.581038610748,8.63367387365237 50.5816662886272)))","229204","8404","16404","24808","254012"
"MULTIPOLYGON (((8.68225545699787 50.5462757521084,8.68326405051627 50.5464996404379,8.68401301565178 50.5460955907991,8.68375338040077 50.5454676558705,8.68274479755729 50.5452437710599,8.68199583929003 50.545647817659,8.68225545699787 50.5462757521084)))","2054","0","254","254","2308"
"MULTIPOLYGON (((8.63157685408706 50.5544032262661,8.63258512896633 50.5546275185943,8.63333427060751 50.5542239104607,8.63307513046631 50.5535960130327,8.6320668662383 50.5533717242284,8.63131773150034 50.5537753293284,8.63157685408706 50.5544032262661)))","2487","187","1187","1374","3861"
"MULTIPOLYGON (((8.69599202387973 50.5772619917198,8.69700118235571 50.5774857570337,8.69775045498262 50.5770818396556,8.69749056226853 50.576454160007,8.69648141448408 50.5762303982086,8.69573214872235 50.5766343125434,8.69599202387973 50.5772619917198)))","121978","6578","34678","41256","163234"
"MULTIPOLYGON (((8.62581455680793 50.5559724396766,8.62682280468109 50.5561967776636,8.62757197324422 50.5557932246395,8.62731288702699 50.5551653366614,8.62630464980257 50.5549410021989,8.62555548814675 50.55534455219,8.62581455680793 50.5559724396766)))","183391","9391","12091","21482","204873"
"MULTIPOLYGON (((8.62811224855605 50.5792894588121,8.62912085256526 50.57951376898,8.62987026700648 50.5791103757472,8.62961107052818 50.5784826753814,8.62860247717602 50.5782583687363,8.62785306964521 50.5786617589344,8.62811224855605 50.5792894588121)))","486364","9064","19464","28528","514892"
"MULTIPOLYGON (((8.62664148363055 50.5823826121101,8.62765011961129 50.5826069328463,8.62839956980557 50.5822035741303,8.62814037710727 50.5815758977128,8.62713175178377 50.5813515804993,8.6263823085015 50.5817549361806,8.62664148363055 50.5823826121101)))","409885","1385","50685","52070","461955"
"MULTIPOLYGON (((8.73378873239828 50.5998833766357,8.73479854178741 50.6001068285032,8.73554798932574 50.5997027997801,8.73528762063028 50.5990753222391,8.73427782195909 50.5988518738817,8.73352838126548 50.5992558995553,8.73378873239828 50.5998833766357)))","4066","166","4066","4232","8298"
"MULTIPOLYGON (((8.69009980511176 50.6073019418323,8.69110934693488 50.6075257422246,8.69185895225608 50.607122097162,8.69159900887927 50.6064946547514,8.69058947775384 50.6062708578735,8.68983987930767 50.6066744998918,8.69009980511176 50.6073019418323)))","8476","276","1176","1452","9928"
"MULTIPOLYGON (((8.67017117430445 50.6034516932001,8.67118048922615 50.6036756554684,8.67193008864678 50.603272130495,8.6716703662584 50.602644646295,8.67066106202286 50.6024206875435,8.66991146948969 50.6028242094753,8.67017117430445 50.6034516932001)))","31302","1202","3002","4204","35506"
"MULTIPOLYGON (((8.71101165283754 50.6090866498848,8.71202139997406 50.6093102812756,8.7127709871131 50.6089064930922,8.71251082025417 50.6082790765651,8.71150108382667 50.6080554486863,8.71075150354919 50.6084592338226,8.71101165283754 50.6090866498848)))","650561","17861","47361","65222","715783"
"MULTIPOLYGON (((8.68410287741647 50.5529588197628,8.68511158315895 50.5531826905472,8.68586061656796 50.552778677776,8.68560093736629 50.5521507972607,8.68459224230176 50.5519269299945,8.68384321576108 50.5523309397255,8.68410287741647 50.5529588197628)))","25690","2790","4090","6880","32570"
"MULTIPOLYGON (((8.71955020924131 50.5522663301764,8.72055920910123 50.5524899161581,8.72130817189656 50.5520856325709,8.72104812798734 50.5514577660467,8.72003913882347 50.5512341835794,8.71929018287292 50.5516384641219,8.71955020924131 50.5522663301764)))","186446","15046","52346","67392","253838"
"MULTIPOLYGON (((8.71045639218196 50.5679266359028,8.71146554001491 50.5681502886714,8.71221468679151 50.5677461920566,8.71195467888142 50.5671184457178,8.71094554174462 50.5668947964637,8.71019640182187 50.567298890034,8.71045639218196 50.5679266359028)))","364","0","164","164","528"
"MULTIPOLYGON (((8.71639466911263 50.5977423647142,8.71740429845348 50.5979659574723,8.71815375423667 50.5975620427776,8.71789357382333 50.596934538372,8.71688395519081 50.5967109491259,8.71613450626341 50.5971148607735,8.71639466911263 50.5977423647142)))","6674","474","7574","8048","14722"
"MULTIPOLYGON (((8.68864958455544 50.5927335562099,8.68965890341155 50.5929573742559,8.6904083550063 50.5925536293861,8.69014848087192 50.5919260695137,8.68913917270826 50.5917022549831,8.68838972798664 50.5921059968096,8.68864958455544 50.5927335562099)))","59798","2198","3598","5796","65594"
"MULTIPOLYGON (((8.72021510881942 50.5826300931508,8.72122455260302 50.5828536613849,8.72197383948978 50.5824496032976,8.72171367574275 50.5818219800227,8.72070424266481 50.5815984153011,8.71995496262835 50.5820024703418,8.72021510881942 50.5826300931508)))","3675","0","375","375","4050"
"MULTIPOLYGON (((8.72059993968495 50.5924046949022,8.72160952796025 50.5926282560182,8.72235891896012 50.5922242692788,8.72209871483282 50.5915967244708,8.72108913726639 50.5913731668667,8.7203397531185 50.5917771505588,8.72059993968495 50.5924046949022)))","501777","40677","102277","142954","644731"
"MULTIPOLYGON (((8.68277349905029 50.6051076507357,8.68378294622069 50.6053315109663,8.68453254103205 50.6049279041309,8.68427268179368 50.6043004401081,8.68326324531651 50.6040765833928,8.68251365738457 50.604480187185,8.68277349905029 50.6051076507357)))","16314","814","2714","3528","19842"
"MULTIPOLYGON (((8.6729554860116 50.5658796914846,8.67396428236586 50.5661036466707,8.67471347395461 50.5656998154975,8.67445386231104 50.565072032178,8.67344507663287 50.5648480805106,8.67269589192233 50.5652519086441,8.6729554860116 50.5658796914846)))","24822","422","40622","41044","65866"
"MULTIPOLYGON (((8.67802935002031 50.5692865053075,8.67903823912762 50.5695104183202,8.67978745822251 50.5691065749864,8.67952778133469 50.5684788216804,8.67851890290718 50.5682549121857,8.67776969068781 50.5686587524791,8.67802935002031 50.5692865053075)))","3044","344","3844","4188","7232"
"MULTIPOLYGON (((8.67991907834498 50.540624156365,8.68092757033396 50.5408480657472,8.68167647912036 50.5404439907376,8.68141688904925 50.5398160093849,8.68040840773226 50.5395921035221,8.67965950581452 50.5399961754927,8.67991907834498 50.540624156365)))","1075","0","175","175","1250"
"MULTIPOLYGON (((8.64456671269143 50.608024098603,8.64557587338759 50.608248264865,8.64632556717244 50.6078449665529,8.64606609335603 50.6072175050176,8.64505694333423 50.606993342275,8.64430725645462 50.6073966375484,8.64456671269143 50.608024098603)))","1050","0","150","150","1200"
"MULTIPOLYGON (((8.66503221768906 50.5755227093785,8.66604108508801 50.5757467243559,8.66679039405567 50.5753430257701,8.66653082873919 50.5747153152463,8.66552197201522 50.5744913037878,8.66477266993287 50.5748949993343,8.66503221768906 50.5755227093785)))","1429595","285495","318395","603890","2033485"
"MULTIPOLYGON (((8.68390311581907 50.5569061021447,8.68491187677296 50.5571299729415,8.68566095280857 50.5567259916223,8.68540126102117 50.5560981425469,8.68439251074632 50.5558742752681,8.68364344157993 50.5562782535469,8.68390311581907 50.5569061021447)))","2053","753","2353","3106","5159"
"MULTIPOLYGON (((8.70900258845113 50.5533499150618,8.71001151351122 50.5535735854507,8.71076050676399 50.5531693890961,8.71050056810477 50.5525415253962,8.70949165373556 50.5523178585228,8.70874266733479 50.5527220518339,8.70900258845113 50.5533499150618)))","1002","102","302","404","1406"
"MULTIPOLYGON (((8.68736123532367 50.6095438372787,8.68837078602962 50.6097676587779,8.68912042029059 50.609364051271,8.6888604969684 50.6087366253091,8.68785095695938 50.6085128073244,8.68710132957572 50.6089164117871,8.68736123532367 50.6095438372787)))","32854","0","2454","2454","35308"
"MULTIPOLYGON (((8.72042377196325 50.5610129997761,8.72143290548873 50.5612365751727,8.72218196037892 50.5608323514179,8.72192187489783 50.5602045553118,8.72091275207152 50.5599809834289,8.72016370402723 50.5603852041384,8.72042377196325 50.5610129997761)))","234","0","134","134","368"
"MULTIPOLYGON (((8.67860825130833 50.5751159458783,8.67961722951908 50.5753398518697,8.68036651006201 50.5749360484549,8.68010680551806 50.5743083420897,8.67909783798918 50.5740844396159,8.67834856432255 50.5744882399898,8.67860825130833 50.5751159458783)))","407452","8452","47452","55904","463356"
"MULTIPOLYGON (((8.67259755142826 50.6159558694754,8.67360706795081 50.6161798070884,8.67435679729508 50.6157763589471,8.6740970032286 50.6151489762356,8.67308749739729 50.6149250421384,8.67233777494134 50.615328487237,8.67259755142826 50.6159558694754)))","15490","1290","3490","4780","20270"
"MULTIPOLYGON (((8.64520275652732 50.5785285622941,8.64621149672496 50.5787527354399,8.64696087294114 50.5783492083068,8.64670150206079 50.5777215110649,8.6456927725288 50.5774973414401,8.64494340321163 50.5779008655363,8.64520275652732 50.5785285622941)))","4527","1327","3327","4654","9181"
"MULTIPOLYGON (((8.72566030435572 50.6311296764433,8.72667049598088 50.631353180743,8.72742029353026 50.6309494503512,8.7271598925984 50.63032221871,8.72614971169658 50.6300987179195,8.72539992100339 50.630502445261,8.72566030435572 50.6311296764433)))","12729","1129","1529","2658","15387"
"MULTIPOLYGON (((8.68517156731983 50.5577578140371,8.68618035145094 50.5579816742908,8.68692943435508 50.5575776899309,8.68666972625969 50.5569498483581,8.68566095280857 50.5567259916223,8.68491187677296 50.5571299729415,8.68517156731983 50.5577578140371)))","1658","358","558","916","2574"
"MULTIPOLYGON (((8.63511197554662 50.596235405,8.63612088451013 50.5964596520612,8.63687046842405 50.5960563350605,8.6366111364654 50.5954287740354,8.63560223816775 50.5952045304953,8.63485266116297 50.5956078444593,8.63511197554662 50.596235405)))","644","0","544","544","1188"
"MULTIPOLYGON (((8.65122705428829 50.5975363757572,8.6522361207898 50.5977604927615,8.65298569025729 50.5973570648383,8.65272618632465 50.5967295229499,8.65171713049773 50.5965054094648,8.650967567929 50.5969088343491,8.65122705428829 50.5975363757572)))","7618","318","418","736","8354"
"MULTIPOLYGON (((8.64163157631903 50.5543584754109,8.6426399371159 50.5545826869813,8.64338906060257 50.5541790031339,8.64312981639588 50.5535511107509,8.64212146625547 50.5533269027033,8.6413723496654 50.5537305835159,8.64163157631903 50.5543584754109)))","152002","602","11802","12404","164406"
"MULTIPOLYGON (((8.66324876494877 50.5933668533204,8.66425787464885 50.5935908753774,8.66500737812661 50.5931873256731,8.66474776501442 50.592559756952,8.66373866599383 50.5923357384131,8.66298916940607 50.5927392850773,8.66324876494877 50.5933668533204)))","1132352","7552","39452","47004","1179356"
"MULTIPOLYGON (((8.69898702320621 50.6132602057224,8.69999672748252 50.6134839321505,8.70074638091019 50.6130802657713,8.70048632319138 50.6124528760099,8.69947662961916 50.612229153095,8.69872698306182 50.6126328164284,8.69898702320621 50.6132602057224)))","376641","12841","42441","55282","431923"
"MULTIPOLYGON (((8.69842244807688 50.5897708637958,8.69943180804832 50.5899946044421,8.70018121045459 50.5895907638441,8.6999212460235 50.5889631856443,8.69891189674867 50.5887394485125,8.69816250120849 50.5891432860662,8.69842244807688 50.5897708637958)))","22467","967","5067","6034","28501"
"MULTIPOLYGON (((8.69789991903209 50.6261227957173,8.69890980000244 50.6263465255594,8.69965959348679 50.6259429650848,8.69939949912735 50.6253156778147,8.6983896288645 50.6250919514851,8.69763984225372 50.6254955089131,8.69789991903209 50.6261227957173)))","149023","24323","28823","53146","202169"
"MULTIPOLYGON (((8.64894966267775 50.5565556547705,8.6499581181295 50.55677980666,8.65070725226172 50.5563760846329,8.65044792405011 50.5557482137523,8.64943947925925 50.5555240653847,8.64869035201923 50.5559277843758,8.64894966267775 50.5565556547705)))","85400","1300","7900","9200","94600"
"MULTIPOLYGON (((8.67936612964083 50.5946639677138,8.68037539663135 50.594887859636,8.68112488544154 50.5944841989947,8.6808651003817 50.5938566494733,8.67985584407943 50.5936327610674,8.67910636214886 50.5940364186666,8.67936612964083 50.5946639677138)))","1429531","94131","256631","350762","1780293"
"MULTIPOLYGON (((8.66459233972525 50.5412124428517,8.66560070851071 50.541436475187,8.66634965073574 50.5410325194943,8.66609021729656 50.5404045345035,8.66508185917542 50.5401805056893,8.66433292382922 50.5405844583449,8.66459233972525 50.5412124428517)))","219621","7321","10321","17642","237263"
"MULTIPOLYGON (((8.69441543851064 50.5911623436054,8.69542478418238 50.5913861159154,8.69617420865569 50.5909823159085,8.69591428058834 50.5903547466357,8.6949049456116 50.5901309778405,8.6941555280073 50.5905347748035,8.69441543851064 50.5911623436054)))","138733","2033","13633","15666","154399"
"MULTIPOLYGON (((8.64710585262137 50.5498729743818,8.64811419586041 50.5500971437651,8.64886326166868 50.5496933848438,8.64860397734594 50.5490654595747,8.64759564476481 50.5488412937139,8.64684658584862 50.5492450495997,8.64710585262137 50.5498729743818)))","100564","7364","14864","22228","122792"
"MULTIPOLYGON (((8.67095031890838 50.6053341133727,8.67195966773182 50.6055580686028,8.67270928597326 50.6051545520925,8.67244954850409 50.6045270833939,8.67144021036781 50.6043031316804,8.67069059901368 50.6047066451489,8.67095031890838 50.6053341133727)))","23691","391","791","1182","24873"
"MULTIPOLYGON (((8.65950409485755 50.6153294894655,8.66051348970983 50.6155535326361,8.66126323553686 50.6151501778702,8.6610035796149 50.6145227829747,8.65999419544693 50.6142987433213,8.65924445651671 50.6147020950463,8.65950409485755 50.6153294894655)))","53055","3955","6055","10010","63065"
"MULTIPOLYGON (((8.7330076941104 50.5980009298782,8.73401746960039 50.5982243888127,8.73476689835073 50.5978203516403,8.73450654476628 50.5971928585828,8.73349677999326 50.5969694031586,8.73274735808779 50.5973734372817,8.7330076941104 50.5980009298782)))","138307","58307","115907","174214","312521"
"MULTIPOLYGON (((8.69729444098493 50.5427694391954,8.69830311304992 50.5429932080203,8.69905201391696 50.5425890191003,8.69879223586152 50.5419610643967,8.69778357447817 50.5417372990892,8.69703468046873 50.5421414849679,8.69729444098493 50.5427694391954)))","543","0","243","243","786"
"MULTIPOLYGON (((8.70418813826105 50.5881990177525,8.70519752501174 50.5884227126583,8.7059469002723 50.588018816925,8.70568688192028 50.5873912293309,8.70467750586867 50.5871675379391,8.70392813747012 50.5875714306274,8.70418813826105 50.5881990177525)))","1302924","94724","285524","380248","1683172"
"MULTIPOLYGON (((8.64416682331191 50.556062649344,8.64517523049963 50.5562868398619,8.64592436777744 50.5558831499439,8.64566509097243 50.5552552725434,8.64465669444301 50.5550310855478,8.64390756406045 50.5554347724305,8.64416682331191 50.556062649344)))","22554","4654","28254","32908","55462"
"MULTIPOLYGON (((8.6345167294994 50.5482139218505,8.6355249404721 50.5484381930352,8.63627401066117 50.5480345158932,8.63601486297763 50.5474065706003,8.6350066626558 50.5471823029395,8.63425759936679 50.5475859770479,8.6345167294994 50.5482139218505)))","9855","0","355","355","10210"
"MULTIPOLYGON (((8.67889773883023 50.5780304953942,8.6799067615985 50.5782543978725,8.68065607286917 50.5778506144179,8.68039635449502 50.5772229315261,8.67938734240968 50.5769990325651,8.67863803801567 50.5774028129786,8.67889773883023 50.5780304953942)))","933400","56000","133100","189100","1122500"
"MULTIPOLYGON (((8.65900561847316 50.5565094651521,8.66001415975383 50.556733536249,8.66076327564552 50.5563297385,8.6605038433711 50.5557018726914,8.65949531275652 50.5554778051153,8.65874620375038 50.5558815998271,8.65900561847316 50.5565094651521)))","1816","0","416","416","2232"
"MULTIPOLYGON (((8.63502689019635 50.5893771385994,8.63603569938773 50.5896013891282,8.63678520986926 50.5891980206687,8.63652590425164 50.5885704047167,8.63551710572397 50.5883461577093,8.63476760215028 50.5887495231326,8.63502689019635 50.5893771385994)))","1429540","5940","11140","17080","1446620"
"MULTIPOLYGON (((8.65946908173129 50.5731470628281,8.66047786700748 50.5733711234878,8.66122716035073 50.5729674485594,8.66096766152933 50.5723397160098,8.65995888692451 50.5721156588699,8.65920960046979 50.5725193307599,8.65946908173129 50.5731470628281)))","846878","84078","129978","214056","1060934"
"MULTIPOLYGON (((8.6380849999338 50.5723857615817,8.63909359021187 50.5726099944049,8.63984291310707 50.5722064739863,8.63958363882181 50.5715787237801,8.63857505920384 50.571354494479,8.63782574321113 50.5717580118621,8.6380849999338 50.5723857615817)))","1966","0","1466","1466","3432"
"MULTIPOLYGON (((8.73711693068899 50.5858020528841,8.73812656512465 50.5860254837795,8.73887585567701 50.5856213231811,8.73861550495406 50.5849937347363,8.73760588123374 50.5847703073514,8.73685659752113 50.5851744649009,8.73711693068899 50.5858020528841)))","19144","2044","6544","8588","27732"
"MULTIPOLYGON (((8.62774060896539 50.569515209636,8.62874906874059 50.5697395267244,8.62949837904491 50.5693360620622,8.62923922266537 50.5687082833456,8.62823077354406 50.5684839697806,8.62748147014847 50.5688874314087,8.62774060896539 50.569515209636)))","74648","4448","8048","12496","87144"
"MULTIPOLYGON (((8.71730328861217 50.5534791112881,8.71831228670517 50.5537027148534,8.71906126650533 50.5532984572994,8.7188012413661 50.5526705992247,8.71779225396834 50.5524469991741,8.71704328101468 50.5528512536836,8.71730328861217 50.5534791112881)))","187971","15771","53571","69342","257313"
"MULTIPOLYGON (((8.61960921455382 50.5830984781023,8.62061780026476 50.5833228550458,8.62136727047302 50.5829195544923,8.62110814805364 50.5822918800293,8.62009957299652 50.5820675066093,8.61935010970505 50.5824708041289,8.61960921455382 50.5830984781023)))","327490","2690","12690","15380","342870"
"MULTIPOLYGON (((8.61846158137175 50.5714416639338,8.61946998898343 50.5716660547863,8.62021933620967 50.5712626743205,8.61996026890908 50.5706349060352,8.61895187194705 50.5704105187069,8.61820253163603 50.5708138961398,8.61846158137175 50.5714416639338)))","671","171","571","742","1413"
"MULTIPOLYGON (((8.68471253614259 50.6186425787771,8.68572219564406 50.6188664178276,8.68647193230346 50.6184628993141,8.68621200258064 50.6178355447944,8.68520235377749 50.6176117092582,8.68445262399897 50.6180152247274,8.68471253614259 50.6186425787771)))","87338","2138","5538","7676","95014"
"MULTIPOLYGON (((8.66474334006725 50.5726081342229,8.66575216291964 50.5728321527038,8.66650144115778 50.5724284341542,8.66624188965866 50.5718007001628,8.66523307748022 50.5715766852012,8.66448380612702 50.5719804007117,8.66474334006725 50.5726081342229)))","115645","31245","39845","71090","186735"
"MULTIPOLYGON (((8.69648141448408 50.5762303982086,8.69749056226853 50.576454160007,8.69823982296638 50.5760502311298,8.69797992901521 50.5754225434974,8.69697079192219 50.5751987852145,8.69622153808906 50.5756027110485,8.69648141448408 50.5762303982086)))","156338","14038","23338","37376","193714"
"MULTIPOLYGON (((8.67035374690666 50.5396406048064,8.67136214255199 50.5398645914675,8.67211105776096 50.5394605806741,8.67185157044997 50.5388325862573,8.67084318547141 50.5386086031167,8.67009427713721 50.5390126108724,8.67035374690666 50.5396406048064)))","570031","30031","54531","84562","654593"
"MULTIPOLYGON (((8.71261111398455 50.5598519103176,8.71362016378041 50.5600755490399,8.71436922021219 50.5596713749958,8.71410921999739 50.5590435652737,8.7131001808963 50.5588199300661,8.71235113131537 50.559224101066,8.71261111398455 50.5598519103176)))","4800","100","600","700","5500"
"MULTIPOLYGON (((8.72576388516802 50.6203290621672,8.72677392140992 50.6205525701432,8.72752360278461 50.6201487568796,8.72726324106348 50.6195214386897,8.72625321554163 50.6192979342235,8.72550354102099 50.6197017444374,8.72576388516802 50.6203290621672)))","1884","0","184","184","2068"
"MULTIPOLYGON (((8.6425255720047 50.5454327490511,8.64353381182967 50.5456569570084,8.64428283815699 50.5452531987274,8.64402361776519 50.5446252355237,8.6430153885944 50.5444010310896,8.64226636916135 50.5448047863361,8.6425255720047 50.5454327490511)))","985","285","685","970","1955"
"MULTIPOLYGON (((8.69173185567414 50.5403945350395,8.69274044577084 50.5406183495469,8.69348933111914 50.5402141842857,8.69322961951009 50.5395862075574,8.69222104009145 50.5393623965681,8.69147216160395 50.539766558789,8.69173185567414 50.5403945350395)))","1151","0","151","151","1302"
"MULTIPOLYGON (((8.67393465408889 50.5638164500558,8.67494342909096 50.5640403982045,8.6756925968381 50.563636544032,8.67543298270616 50.5630087447506,8.67442421838009 50.5627848001207,8.67367505751012 50.5631886512535,8.67393465408889 50.5638164500558)))","1420","120","220","340","1760"
"MULTIPOLYGON (((8.68533186294851 50.5891480233523,8.68634110151855 50.5893718695516,8.68709052056048 50.5889681223093,8.68683069415785 50.5883405319104,8.68582146627742 50.588116689227,8.68507205411012 50.5885204334267,8.68533186294851 50.5891480233523)))","17602","1102","1402","2504","20106"
"MULTIPOLYGON (((8.73458434296127 50.5664298481759,8.73559367598666 50.5666533074139,8.73634276349987 50.5662490187096,8.73608251115025 50.5656212738148,8.735073188833 50.5653978180888,8.73432410815739 50.5658021037457,8.73458434296127 50.5664298481759)))","27592","10992","14492","25484","53076"
"MULTIPOLYGON (((8.64174797851425 50.543548845442,8.64275618449686 50.543773060398,8.64350519202211 50.5433692936518,8.64324598667054 50.5427413149838,8.64223779134118 50.5425171035512,8.64148879071026 50.5429208672632,8.64174797851425 50.543548845442)))","12142","142","442","584","12726"
"MULTIPOLYGON (((8.6981155893504 50.6045200838441,8.69912515979708 50.6047438208938,8.69987472097345 50.6043400946336,8.69961470483404 50.6037126343688,8.6986051450883 50.6034889008328,8.69785559078113 50.6038926240479,8.6981155893504 50.6045200838441)))","421540","5040","26440","31480","453020"
"MULTIPOLYGON (((8.65794634020349 50.6115650454376,8.65895566723582 50.6117891026806,8.65970537540023 50.6113857309825,8.65944574963535 50.6107583050821,8.6584364332854 50.6105342513567,8.6576867320181 50.6109376200143,8.65794634020349 50.6115650454376)))","35813","813","3813","4626","40439"
"MULTIPOLYGON (((8.65857681370038 50.5820698348845,8.65958572008974 50.5822938990996,8.66033511066911 50.5818902986112,8.66007558796831 50.5812626369465,8.65906669225255 50.5810385762507,8.6583173085641 50.5814421737003,8.65857681370038 50.5820698348845)))","23890","1590","5090","6680","30570"
"MULTIPOLYGON (((8.6816836291155 50.6179710123362,8.68269325287788 50.6181948760311,8.68344298771527 50.6177913751116,8.68318309190772 50.6171640135413,8.68217347884192 50.6169401533612,8.68142375088723 50.6173436512367,8.6816836291155 50.6179710123362)))","28841","441","2941","3382","32223"
"MULTIPOLYGON (((8.72098487900725 50.6021779910392,8.72199461181551 50.6024015450216,8.72274410695732 50.6019976296365,8.7224838624374 50.6013701633171,8.72147414034119 50.601146612846,8.72072465205298 50.6015505251832,8.72098487900725 50.6021779910392)))","2435","335","735","1070","3505"
"MULTIPOLYGON (((8.71433209399931 50.6126708836429,8.71534192144449 50.6128944868249,8.71609154110878 50.6124907010008,8.71583132646796 50.6118633150426,8.71482150973461 50.6116397153721,8.71407189693038 50.6120434981484,8.71433209399931 50.6126708836429)))","1284707","108007","168707","276714","1561421"
"MULTIPOLYGON (((8.70437196895979 50.6019175547221,8.70538155549469 50.6021412425056,8.7061310775753 50.6017374495981,8.70587100625665 50.6011099719529,8.70486143042513 50.6008862876826,8.70411191520904 50.6012900775442,8.70437196895979 50.6019175547221)))","238568","2768","59168","61936","300504"
"MULTIPOLYGON (((8.6416865462756 50.5788871844777,8.64269526138139 50.5791113857359,8.64344464763773 50.5787078876843,8.64318531188704 50.5780801914109,8.64217660744522 50.5778559936741,8.64142722809026 50.5782594886892,8.6416865462756 50.5788871844777)))","8610","310","2710","3020","11630"
"MULTIPOLYGON (((8.73916799333647 50.588535774589,8.74017768483163 50.5887591878454,8.74092700100239 50.5883550326453,8.74066661883915 50.5877274672383,8.73965693806127 50.5875040574921,8.73890762872944 50.5879082096428,8.73916799333647 50.588535774589)))","636","0","236","236","872"
"MULTIPOLYGON (((8.61073637336367 50.5771336696405,8.61174479649971 50.5773581202564,8.61249421827651 50.5769548409359,8.61223520999591 50.5763271140319,8.61122679750728 50.5761026669408,8.61047738265196 50.5765059432289,8.61073637336367 50.5771336696405)))","133","133","233","366","499"
"MULTIPOLYGON (((8.62353171309544 50.5748501604756,8.62454021357759 50.5750745092308,8.62528958845806 50.5746711166305,8.62503045594393 50.5740433783091,8.62402196611509 50.5738190330774,8.62327259814718 50.5742224226438,8.62353171309544 50.5748501604756)))","885","0","185","185","1070"
"MULTIPOLYGON (((8.71150108382667 50.6080554486863,8.71251082025417 50.6082790765651,8.71326039545048 50.6078752768797,8.71300022735834 50.6072478523628,8.71199050163977 50.607024227996,8.71124093330455 50.6074280246342,8.71150108382667 50.6080554486863)))","373728","5328","37228","42556","416284"
"MULTIPOLYGON (((8.63551710572397 50.5883461577093,8.63652590425164 50.5885704047167,8.63727540281126 50.5881670247512,8.63701609593598 50.5875394008147,8.63600730807195 50.5873151573289,8.63525781641967 50.5877185342581,8.63551710572397 50.5883461577093)))","616156","18056","59656","77712","693868"
"MULTIPOLYGON (((8.62018317737833 50.588926202317,8.62119185216212 50.5891505722965,8.62194138387628 50.5887473117019,8.62168223388917 50.5881196841623,8.62067356976126 50.5878953177059,8.61992404496467 50.5882985752661,8.62018317737833 50.588926202317)))","1212","0","112","112","1324"
"MULTIPOLYGON (((8.66859644352216 50.5398206003527,8.66960482666121 50.5400446010653,8.67035374690666 50.5396406048064,8.67009427713721 50.5390126108724,8.66908590466408 50.5387886136806,8.66833699129459 50.539192606902,8.66859644352216 50.5398206003527)))","38558","1458","4258","5716","44274"
"MULTIPOLYGON (((8.65779831335527 50.5801868358456,8.65880718586609 50.580410907083,8.6595565576313 50.5800072981304,8.65929704999481 50.5793796209791,8.65828818815665 50.5791555532613,8.65753882328249 50.5795591591753,8.65779831335527 50.5801868358456)))","77720","4020","9120","13140","90860"
"MULTIPOLYGON (((8.6931107180935 50.6256313166143,8.69412055082366 50.6258550851991,8.69487034757517 50.6254515568742,8.69461030472001 50.6248242630105,8.69360048269467 50.6246004979387,8.69285069281982 50.6250040232177,8.6931107180935 50.6256313166143)))","64462","6762","10262","17024","81486"
"MULTIPOLYGON (((8.70409625004427 50.5813387758584,8.7051055369325 50.5815624743147,8.70585483880457 50.5811585271735,8.7055948469278 50.5805308846207,8.70458557073651 50.5803071896788,8.70383627572513 50.5807111337755,8.70409625004427 50.5813387758584)))","764101","11701","46101","57802","821903"
"MULTIPOLYGON (((8.62185760634501 50.5818885679694,8.62286619397143 50.5821129273384,8.62361564726123 50.581709600738,8.62335650600964 50.5810819178029,8.62234792903783 50.5808575619572,8.62159848266312 50.5812608855234,8.62185760634501 50.5818885679694)))","588031","4131","11731","15862","603893"
"MULTIPOLYGON (((8.69071677516866 50.5778022762377,8.69172589615615 50.5780260837606,8.6924751839695 50.5776222100103,8.69221534392663 50.5769945317796,8.6912062336281 50.5767707277727,8.6904569526836 50.5771745984805,8.69071677516866 50.5778022762377)))","381978","26178","53578","79756","461734"
"MULTIPOLYGON (((8.66736837348321 50.5811718674766,8.66837734251096 50.5813958613791,8.66912670790517 50.5809921881802,8.66886709738685 50.5803645241188,8.66785813903699 50.5801405337348,8.66710878052769 50.5805442038938,8.66736837348321 50.5811718674766)))","1429516","285416","318316","603732","2033248"
"MULTIPOLYGON (((8.64251981431507 50.6052900395616,8.64352891787922 50.6055142233946,8.64427858592394 50.6051109196522,8.64401914349853 50.6044834351151,8.64301005060682 50.6042592548017,8.64226038946818 50.6046625555059,8.64251981431507 50.6052900395616)))","192890","17190","37590","54780","247670"
"MULTIPOLYGON (((8.68564133106359 50.5743961845429,8.6866503592994 50.5746200342714,8.68739961963342 50.5742161726903,8.68713984486021 50.5735884644224,8.68613082730966 50.5733646182108,8.68538157384717 50.5737684767502,8.68564133106359 50.5743961845429)))","1429574","127374","287774","415148","1844722"
"MULTIPOLYGON (((8.66102607473124 50.5769133468529,8.66203492775303 50.5771373934713,8.66278425871603 50.5767337354697,8.66252472976914 50.5761060338885,8.66151588742068 50.5758819907895,8.66076656334592 50.5762856457523,8.66102607473124 50.5769133468529)))","675815","76115","155315","231430","907245"
"MULTIPOLYGON (((8.67978745822251 50.5691065749864,8.68079635983727 50.5693304739359,8.68154557388346 50.5689266160616,8.68128587944068 50.5682988622786,8.68027698850655 50.5680749668469,8.67952778133469 50.5684788216804,8.67978745822251 50.5691065749864)))","10026","0","626","626","10652"
"MULTIPOLYGON (((8.6826633153847 50.6159092748899,8.68367291775398 50.6161331315553,8.68442262871095 50.6157296076251,8.6841627304171 50.6151022300734,8.68315313874426 50.6148783769227,8.68240343466895 50.615281897809,8.6826633153847 50.6159092748899)))","7935","235","835","1070","9005"
"MULTIPOLYGON (((8.64430866653608 50.5874502069198,8.64531752782734 50.5876743836368,8.64606700129484 50.5872709309598,8.6458076065698 50.5866433046032,8.64479875594647 50.5864191314068,8.64404928938032 50.5868225810464,8.64430866653608 50.5874502069198)))","829446","44146","91246","135392","964838"
"MULTIPOLYGON (((8.71189781880167 50.6001656353597,8.71290744459119 50.6003892633064,8.71365693442002 50.5999854007075,8.71339679160025 50.5993579132085,8.71238717651747 50.5991342887742,8.71163769354787 50.5995381483266,8.71189781880167 50.6001656353597)))","117380","13480","24880","38360","155740"
"MULTIPOLYGON (((8.65183204974521 50.5857017958547,8.65284095054358 50.5859259128118,8.65359039198703 50.5855223904607,8.65333092573617 50.5848947541908,8.65232203560904 50.5846706407535,8.65157260106167 50.5850741600664,8.65183204974521 50.5857017958547)))","1429507","285407","318307","603714","2033221"
"MULTIPOLYGON (((8.67640559812354 50.618509752242,8.67741518431118 50.6187336581716,8.67816493431634 50.618330200901,8.67790509124766 50.6177028407441,8.67689551575401 50.6174789383298,8.67614577263516 50.6178823925571,8.67640559812354 50.618509752242)))","24567","2367","2967","5334","29901"
"MULTIPOLYGON (((8.67713941225358 50.5782103477628,8.67814842251029 50.5784342643067,8.67889773883023 50.5780304953942,8.67863803801567 50.5774028129786,8.677629038441 50.5771788999521,8.67687972899896 50.5775826658238,8.67713941225358 50.5782103477628)))","1429551","39551","182551","222102","1651653"
"MULTIPOLYGON (((8.71944577227535 50.5630769740401,8.7204549271993 50.5633005564643,8.72120400594642 50.5628963557001,8.72094392292273 50.562268575557,8.71993477869803 50.5620449966465,8.7191857067979 50.5624491943654,8.71944577227535 50.5630769740401)))","6475","0","275","275","6750"
"MULTIPOLYGON (((8.65759701707372 50.5841322936906,8.65860594481059 50.5843563649444,8.65935535923834 50.5839527874625,8.65909583903733 50.5833251417657,8.65808692197424 50.5831010740312,8.65733751443845 50.5835046484743,8.65759701707372 50.5841322936906)))","39437","737","7937","8674","48111"
"MULTIPOLYGON (((8.65108207915725 50.5661526260218,8.65209069137114 50.5663767569152,8.65283992456337 50.5659730917491,8.65258053864917 50.5653452987266,8.6515719371002 50.5651211713543,8.65082271080065 50.5655248334835,8.65108207915725 50.5661526260218)))","1429516","192416","307916","500332","1929848"
"MULTIPOLYGON (((8.71582431570129 50.5742469865584,8.71683360079513 50.5744705935592,8.71758280569414 50.5740665047127,8.71732271864789 50.5734388119112,8.7163134442549 50.573215208424,8.71556424620743 50.5736192942249,8.71582431570129 50.5742469865584)))","280908","103808","146508","250316","531224"
"MULTIPOLYGON (((8.71504412230976 50.5723638940589,8.71605337353006 50.5725875081069,8.7168025596463 50.5721834108089,8.71654248769068 50.5715557025084,8.71553324717026 50.5713320919741,8.71478406790568 50.5717361862268,8.71504412230976 50.5723638940589)))","2763","0","363","363","3126"
"MULTIPOLYGON (((8.64814265493424 50.5723409448813,8.64915133113887 50.572565096901,8.64990063583839 50.5721615007484,8.64964125743753 50.5715337556129,8.64863259189817 50.5713096071143,8.6478832940945 50.5717132002301,8.64814265493424 50.5723409448813)))","7706","5906","13006","18912","26618"
"MULTIPOLYGON (((8.65502792746747 50.5402276691658,8.65603619983266 50.5404517787523,8.65678514840836 50.5400478872699,8.65652581773406 50.5394198892368,8.65551755602796 50.5391957831724,8.65476861433721 50.539599671619,8.65502792746747 50.5402276691658)))","114845","17945","26345","44290","159135"
"MULTIPOLYGON (((8.67048388076791 50.5887034277202,8.67149298532678 50.5889273935061,8.67224242596544 50.5885237541558,8.67198275516101 50.5878961520605,8.67097366128394 50.5876721897922,8.67022422752966 50.5880758261017,8.67048388076791 50.5887034277202)))","1429535","271335","318335","589670","2019205"
"MULTIPOLYGON (((8.72636602929877 50.5908317590789,8.72737564427801 50.5910552744362,8.72812500806966 50.5906512325588,8.72786475003438 50.5900236783722,8.72685514576649 50.5898001665263,8.72610578882268 50.5902042053557,8.72636602929877 50.5908317590789)))","21285","2185","5985","8170","29455"
"MULTIPOLYGON (((8.68366308675108 50.596187020644,8.68467241266366 50.5964108773826,8.68542191017526 50.5960071961105,8.68516207489724 50.5953796611427,8.68415275967556 50.5951558079199,8.68340326904109 50.5955594861492,8.68366308675108 50.596187020644)))","1429534","216634","318334","534968","1964502"
"MULTIPOLYGON (((8.68288364870402 50.594304401659,8.68389294072319 50.5945282654382,8.68464241942491 50.5941245757064,8.68438259923033 50.593497025238,8.68337331790109 50.5932731649748,8.68262384607663 50.593676851664,8.68288364870402 50.594304401659)))","560987","29987","107187","137174","698161"
"MULTIPOLYGON (((8.66332457821971 50.5403604154806,8.66433292382922 50.5405844583449,8.66508185917542 50.5401805056893,8.66482244203263 50.5395525132063,8.66381410708647 50.5393284738631,8.66306517861983 50.5397324234819,8.66332457821971 50.5403604154806)))","43389","2189","2389","4578","47967"
"MULTIPOLYGON (((8.68961011929083 50.6083330062982,8.69061967181166 50.608556810205,8.69136928907142 50.6081531766459,8.69110934693488 50.6075257422246,8.69009980511176 50.6073019418323,8.68935019472761 50.6077055723469,8.68961011929083 50.6083330062982)))","74073","1073","7973","9046","83119"
"MULTIPOLYGON (((8.74170817771193 50.590237697839,8.74271791555102 50.5904610899426,8.74346724539757 50.5900569286431,8.74320683056761 50.5894293782899,8.74219710344763 50.5892059896961,8.74144778043864 50.5896101479458,8.74170817771193 50.590237697839)))","3040","0","240","240","3280"
"MULTIPOLYGON (((8.64779739301447 50.5448940123383,8.64880567043603 50.5451181781565,8.64955468171316 50.5447143762719,8.64929540867817 50.5440864116044,8.64828714191334 50.5438622493089,8.64753813752688 50.5442660481583,8.64779739301447 50.5448940123383)))","126187","11087","19087","30174","156361"
"MULTIPOLYGON (((8.69892817002165 50.571072138417,8.69993726434951 50.5712958826377,8.7006864654058 50.5708918962671,8.70042656527228 50.5702641687192,8.69941748163558 50.570040428014,8.69866828744137 50.5704444113414,8.69892817002165 50.571072138417)))","21220","1020","2620","3640","24860"
"MULTIPOLYGON (((8.62978571930872 50.5722505787212,8.63079423616371 50.5724748782798,8.63154357219859 50.5720714190529,8.63128438447064 50.571443663302,8.63027587827141 50.5712193672663,8.62952654914449 50.5716228234587,8.62978571930872 50.5722505787212)))","72487","4387","7087","11474","83961"
"MULTIPOLYGON (((8.69735228355017 50.5849738567151,8.69836156505316 50.5851976079357,8.69911091792909 50.5847937389251,8.6988509824363 50.5841661217378,8.69784171162788 50.5839423740321,8.69709236561782 50.5843462399989,8.69735228355017 50.5849738567151)))","278481","23081","27281","50362","328843"
"MULTIPOLYGON (((8.62517060009711 50.5854755900065,8.62617926804986 50.5856999213111,8.62692875399958 50.5852965971133,8.62666956508306 50.5846689446458,8.62566090778769 50.584444616864,8.62491142875158 50.584847938027,8.62517060009711 50.5854755900065)))","705070","9570","30870","40440","745510"
"MULTIPOLYGON (((8.64378835904863 50.6061416999441,8.64479748584163 50.6063658732323,8.64554716079175 50.6059625664515,8.64528770204357 50.6053350894209,8.64427858592394 50.6051109196522,8.64352891787922 50.6055142233946,8.64378835904863 50.6061416999441)))","37486","3386","6786","10172","47658"
"MULTIPOLYGON (((8.72033031851316 50.5541498973599,8.7213393522273 50.5543734763007,8.72208833379248 50.5539692011627,8.72182827479899 50.553341350129,8.72081925178185 50.5531177747025,8.72007027706132 50.5535220467955,8.72033031851316 50.5541498973599)))","1501","0","201","201","1702"
"MULTIPOLYGON (((8.70710994204709 50.5996748659999,8.70811951966664 50.599898532677,8.70886901279313 50.5994947022193,8.70860892143792 50.5988672081306,8.70759935452251 50.5986435449665,8.70684986825829 50.5990473723782,8.70710994204709 50.5996748659999)))","3504","104","304","408","3912"
"MULTIPOLYGON (((8.71056222070022 50.5571169860141,8.71157121347191 50.5573406423295,8.71232024427614 50.5569364628781,8.71206027545713 50.5563086301553,8.71105129337832 50.5560849773551,8.71030226942576 50.5564891537626,8.71056222070022 50.5571169860141)))","1792","192","492","684","2476"
"MULTIPOLYGON (((8.6887776460488 50.5642597779525,8.68978655493956 50.564483606577,8.69053570108038 50.5640796445464,8.69027593146317 50.5634518569328,8.68926703325622 50.5632280318254,8.68851789398284 50.5636319908145,8.6887776460488 50.5642597779525)))","43549","5949","10149","16098","59647"
"MULTIPOLYGON (((8.71267822476315 50.6020480654371,8.71368788445301 50.6022716863264,8.71443739308106 50.6018678321813,8.7141772351603 50.601240360194,8.71316758617814 50.601016742817,8.71241808440918 50.6014205939151,8.71267822476315 50.6020480654371)))","87906","5806","16806","22612","110518"
"MULTIPOLYGON (((8.68326324531651 50.6040765833928,8.68427268179368 50.6043004401081,8.68502226466889 50.6038968217688,8.6847624041881 50.6032693497576,8.68375297840405 50.6030454965577,8.68300340240779 50.6034491118537,8.68326324531651 50.6040765833928)))","31073","873","1673","2546","33619"
"MULTIPOLYGON (((8.7038975148797 50.5852847371043,8.70490685704574 50.5855084355433,8.70565620157689 50.5851045198554,8.70539619708058 50.5844769087733,8.70438686561259 50.5842532138485,8.70363752794301 50.5846571264916,8.7038975148797 50.5852847371043)))","148825","14525","17325","31850","180675"
"MULTIPOLYGON (((8.66821149162311 50.6075755208944,8.66922084929014 50.6077994972299,8.66997049644637 50.6073960182769,8.66971077904613 50.6067685660301,8.6687014320655 50.6065445932113,8.66795179179884 50.6069480691227,8.66821149162311 50.6075755208944)))","83759","2559","9359","11918","95677"
"MULTIPOLYGON (((8.72939490988322 50.5915022804957,8.7304045605084 50.5917257711974,8.7311539260533 50.5913217117252,8.73089363412718 50.5906941645998,8.72988399421514 50.5904706774092,8.7291346355162 50.590874733833,8.72939490988322 50.5915022804957)))","128434","13034","22534","35568","164002"
"MULTIPOLYGON (((8.74259032997887 50.5813133457664,8.74359994645462 50.5815367344517,8.74434917904432 50.5811324987769,8.74408878832319 50.5805048774664,8.74307918256424 50.5802814922913,8.74232995680975 50.5806857249167,8.74259032997887 50.5813133457664)))","15739","1939","4339","6278","22017"
"MULTIPOLYGON (((8.70496817081564 50.5900817481215,8.70597759145478 50.5903054359788,8.70672698551173 50.5899015487003,8.70646695206789 50.5892739766098,8.70545754212884 50.5890502922664,8.70470815493371 50.5894541764997,8.70496817081564 50.5900817481215)))","9269","269","1769","2038","11307"
"MULTIPOLYGON (((8.63693434803596 50.56072685612,8.63794276022769 50.5609511028762,8.63869196019971 50.5605475025752,8.63843274107916 50.5599196585529,8.63742433954333 50.5596954153196,8.63667514647227 50.5600990125859,8.63693434803596 50.56072685612)))","22454","654","1754","2408","24862"
"MULTIPOLYGON (((8.73027859239323 50.5825784730934,8.73128812168347 50.5828019603593,8.73203738996767 50.5823978265005,8.7317771221181 50.5817702084238,8.73076760353869 50.5815467246695,8.73001834209813 50.5819508554803,8.73027859239323 50.5825784730934)))","63026","14326","26826","41152","104178"
"MULTIPOLYGON (((8.70620875588041 50.6262542559899,8.70721871008518 50.6264779189087,8.70796849013385 50.6260742971788,8.70770830910972 50.6254470155778,8.70669836561674 50.6252233561705,8.7059485924362 50.6256269748528,8.70620875588041 50.6262542559899)))","1034061","88761","118161","206922","1240983"
"MULTIPOLYGON (((8.69450638450646 50.5980214845043,8.69551583005288 50.5982452532666,8.69626532793913 50.5978415046792,8.69600537340878 50.5972139903738,8.69499593855946 50.596990225126,8.69424644754351 50.5973939706691,8.69450638450646 50.5980214845043)))","305055","655","2055","2710","307765"
"MULTIPOLYGON (((8.66107774014946 50.5415722038122,8.66208608390814 50.5417962642478,8.66283503619541 50.5413923376242,8.6625756378429 50.5407643536018,8.6615673047468 50.5405402966877,8.66081835934078 50.5409442202746,8.66107774014946 50.5415722038122)))","332321","12021","25021","37042","369363"
"MULTIPOLYGON (((8.66699115597509 50.5713969701119,8.66799998067448 50.5716209710133,8.66874924195268 50.5712172264221,8.66848967164838 50.5705894839688,8.66748085762373 50.5703654865865,8.66673160322875 50.5707692281385,8.66699115597509 50.5713969701119)))","100137","11237","32937","44174","144311"
"MULTIPOLYGON (((8.72754169511046 50.5848224994418,8.72855123335854 50.5850460078121,8.72930053061085 50.584641911493,8.72904028276933 50.5840143098513,8.72803075523135 50.5837908049926,8.7272814648249 50.584194898264,8.72754169511046 50.5848224994418)))","9230","830","2430","3260","12490"
"MULTIPOLYGON (((8.64915135823301 50.5526087819928,8.65015975851155 50.5528329338448,8.65090885001404 50.5524291803523,8.6506495343468 50.5518012780437,8.64964114472803 50.5515771297138,8.64889206011684 50.5519808801705,8.64915135823301 50.5526087819928)))","944","0","144","144","1088"
"MULTIPOLYGON (((8.68549230276131 50.6205246099013,8.68650199617994 50.6207484419001,8.68725175166142 50.6203449318474,8.68699180684373 50.6197175928407,8.68598212412441 50.6194937643561,8.68523237552362 50.6198972713642,8.68549230276131 50.6205246099013)))","63228","2528","10828","13356","76584"
"MULTIPOLYGON (((8.72080851345537 50.5707905113423,8.72181779138365 50.5710140796529,8.72256695032242 50.5706099272309,8.72230682448544 50.5699822095444,8.72129755725949 50.569758644747,8.72054840516829 50.570162794123,8.72080851345537 50.5707905113423)))","977","0","377","377","1354"
"MULTIPOLYGON (((8.69175016551515 50.6179236891427,8.6927598750799 50.6181474718701,8.69350959148449 50.6177438951566,8.69324959144839 50.6171165387611,8.69223989258539 50.6168927595474,8.69149018305684 50.6172963332156,8.69175016551515 50.6179236891427)))","3960","0","360","360","4320"
"MULTIPOLYGON (((8.6748914311781 50.5794215848312,8.67590043960275 50.5796455189581,8.67664977289636 50.5792417760887,8.67639009088586 50.5786141021333,8.67538109314249 50.5783901715242,8.67463176672846 50.5787939113528,8.6748914311781 50.5794215848312)))","1348573","43773","253073","296846","1645419"
"MULTIPOLYGON (((8.66658960968462 50.5792888612397,8.66759854483425 50.5795128621683,8.66834789141899 50.5791091805072,8.66808829596916 50.5784815009572,8.66707937149644 50.5782575035471,8.66633003179679 50.5786611821686,8.66658960968462 50.5792888612397)))","1368005","131505","237005","368510","1736515"
"MULTIPOLYGON (((8.72459727132794 50.608675895583,8.72560712904215 50.6088994177964,8.72635668742628 50.6084955247189,8.72609638124382 50.6078681124768,8.72508653424554 50.6076445937739,8.72433698271388 50.6080484838026,8.72459727132794 50.608675895583)))","998","0","198","198","1196"
"MULTIPOLYGON (((8.62246734406548 50.5700524808362,8.62347576615819 50.5702768400699,8.62422509147242 50.5698734190225,8.62396598778174 50.5692456417751,8.62295757634034 50.5690212860654,8.62220825793841 50.5694247040793,8.62246734406548 50.5700524808362)))","9222","722","1922","2644","11866"
"MULTIPOLYGON (((8.72284809389386 50.5911927262324,8.72385768393306 50.5914162697546,8.72460705790577 50.5910122569699,8.72434683498918 50.5903847037106,8.72333725565963 50.5901611637002,8.72258788853716 50.5905651734374,8.72284809389386 50.5911927262324)))","800331","70031","89831","159862","960193"
"MULTIPOLYGON (((8.6928916475826 50.55205782385,8.69390041578517 50.5522816243311,8.69464942392216 50.5518775388715,8.69438965699436 50.5512496559721,8.69338089947399 50.5510258590083,8.69263189819933 50.5514299414266,8.6928916475826 50.55205782385)))","1130","0","230","230","1360"
"MULTIPOLYGON (((8.72743844087939 50.5956284979831,8.72844813435768 50.5958520027289,8.72919754766575 50.5954479892508,8.72893726064762 50.5948204740755,8.72792757788271 50.5945969728407,8.72717817142268 50.5950009832704,8.72743844087939 50.5956284979831)))","47159","5859","42959","48818","95977"
"MULTIPOLYGON (((8.71788545484415 50.5593102185222,8.71889454204424 50.5595338150338,8.71964358324192 50.5591295973695,8.71938353039234 50.5585017862384,8.71837445388957 50.5582781932409,8.71762541953916 50.5586824078604,8.71788545484415 50.5593102185222)))","1833","0","133","133","1966"
"MULTIPOLYGON (((8.62932939723214 50.555613981022,8.63033767021207 50.5558382909194,8.63108682876841 50.5554347088237,8.63082770744003 50.554806819864,8.62981944511057 50.5545825134906,8.62907029345916 50.5549860925529,8.62932939723214 50.555613981022)))","79594","694","3194","3888","83482"
"MULTIPOLYGON (((8.69082565859887 50.5669946941305,8.69183462453477 50.5672185051755,8.69258379633313 50.5668145485595,8.69232399532905 50.5661867839405,8.69131504007884 50.5659629764121,8.69056587514712 50.5663669299862,8.69082565859887 50.5669946941305)))","41571","4371","12171","16542","58113"
"MULTIPOLYGON (((8.69765921629304 50.5702206565674,8.69866828744137 50.5704444113414,8.69941748163558 50.570040428014,8.69915759781881 50.5694126929558,8.69814853736071 50.5691889416976,8.69739935002925 50.5695929219819,8.69765921629304 50.5702206565674)))","65886","6486","12386","18872","84758"
"MULTIPOLYGON (((8.65817427400853 50.5899603416094,8.65918329086375 50.5901844058522,8.65993276677739 50.5897808683071,8.65967321894324 50.5891532695583,8.65866421276389 50.5889292088344,8.65791474374296 50.5893327433403,8.65817427400853 50.5899603416094)))","1429599","6699","193299","199998","1629597"
"MULTIPOLYGON (((8.65973156107917 50.5937258227846,8.66074064571243 50.5939498729732,8.66149015926518 50.5935463523574,8.66123058129238 50.5929187845928,8.66022150733692 50.5926947379227,8.6594720006766 50.5930982554988,8.65973156107917 50.5937258227846)))","517592","56692","113092","169784","687376"
"MULTIPOLYGON (((8.6644544869788 50.5696934452382,8.66546326528853 50.5699174672209,8.66621251279959 50.5695137287079,8.6659529751165 50.5688859712511,8.6649442074797 50.5686619527878,8.66419496685317 50.569065688262,8.6644544869788 50.5696934452382)))","105134","17834","28034","45868","151002"
"MULTIPOLYGON (((8.68036651006201 50.5749360484549,8.68137550078172 50.5751599403812,8.68212477627462 50.5747561224248,8.68186505417281 50.5741284155834,8.68085607413586 50.5739045271745,8.68010680551806 50.5743083420897,8.68036651006201 50.5749360484549)))","353677","17677","64577","82254","435931"
"MULTIPOLYGON (((8.72030858897709 50.5894904943669,8.72131813265317 50.5897140590281,8.72206749292474 50.5893100523382,8.72180730266878 50.5886824840343,8.72079776970048 50.5884589228853,8.72004841628051 50.5888629265281,8.72030858897709 50.5894904943669)))","36083","8783","16383","25166","61249"
"MULTIPOLYGON (((8.71240004724608 50.5814688880113,8.71340940724746 50.5816925196065,8.71415869567595 50.5812885112446,8.713898617248 50.5806608743331,8.71288926794788 50.5804372462513,8.71213998637463 50.5808412515677,8.71240004724608 50.5814688880113)))","12995","195","495","690","13685"
"MULTIPOLYGON (((8.71306209268503 50.611819884392,8.71407189693038 50.6120434981484,8.71482150973461 50.6116397153721,8.71456131143283 50.611012321887,8.71355151789838 50.6107887116423,8.71280191195493 50.611192491371,8.71306209268503 50.611819884392)))","110287","3987","16087","20074","130361"
"MULTIPOLYGON (((8.70282701202078 50.5804874247602,8.70383627572513 50.5807111337755,8.70458557073651 50.5803071896788,8.70432559518224 50.5796795396112,8.70331634217393 50.5794558341106,8.70256705402393 50.5798597751629,8.70282701202078 50.5804874247602)))","316236","1036","6336","7372","323608"
"MULTIPOLYGON (((8.67099699186434 50.5700059405662,8.67200583092374 50.570229909827,8.67275507019888 50.5698261246545,8.67249546353441 50.5691983732608,8.67148663515138 50.5689744075187,8.67073740275657 50.5693781896516,8.67099699186434 50.5700059405662)))","44109","3509","36109","39618","83727"
"MULTIPOLYGON (((8.66554667498028 50.556822087633,8.66655527700648 50.5570461060316,8.66730438468272 50.5566422616327,8.66704488345165 50.5560144018733,8.66603629209503 50.5557903869947,8.66528719130005 50.5561942283555,8.66554667498028 50.556822087633)))","18709","3009","5109","8118","26827"
"MULTIPOLYGON (((8.73633594629151 50.5839192734239,8.73734554684157 50.584142711382,8.7380948186151 50.5837385423358,8.73783448299878 50.5831109383804,8.73682489316311 50.582887503933,8.73607562822948 50.5832916699304,8.73633594629151 50.5839192734239)))","20365","565","1765","2330","22695"
"MULTIPOLYGON (((8.6264730335853 50.568663103795,8.62748147014847 50.5688874314087,8.62823077354406 50.5684839697806,8.62797163346717 50.5678561835727,8.62696320755698 50.5676318594827,8.62621391107079 50.5680353180769,8.6264730335853 50.568663103795)))","3498","298","398","696","4194"
"MULTIPOLYGON (((8.6731786503949 50.5442603882541,8.67418713689579 50.544484350358,8.674936096552 50.5440803534441,8.67467656283363 50.5434523974646,8.67366808700239 50.5432284388806,8.67291913421998 50.5436324327562,8.6731786503949 50.5442603882541)))","1619","119","519","638","2257"
"MULTIPOLYGON (((8.65806032469625 50.6007635058021,8.65906949661616 50.6009875665534,8.6598190886372 50.6005841119273,8.65955950184356 50.59995659959,8.65855034060272 50.599732542357,8.65780075547657 50.6001359939431,8.65806032469625 50.6007635058021)))","239659","2059","12259","14318","253977"
"MULTIPOLYGON (((8.72352487073 50.6038799975646,8.72453464991753 50.6041035303983,8.72528415876456 50.6036996089166,8.72502388157191 50.6030721576498,8.72401411309823 50.6028486283272,8.72326461110349 50.6032525467604,8.72352487073 50.6038799975646)))","1094","0","394","394","1488"
"MULTIPOLYGON (((8.68214528627818 50.5570861840683,8.68315403473306 50.5573100689256,8.68390311581907 50.5569061021447,8.68364344157993 50.5562782535469,8.68263470380327 50.5560543722078,8.68188562958766 50.5564583359484,8.68214528627818 50.5570861840683)))","17770","1170","1870","3040","20810"
"MULTIPOLYGON (((8.70183277431272 50.6002151855795,8.70284231445273 50.6004388944956,8.70359182280362 50.6000351076796,8.70333178414867 50.5994076149929,8.70232225471018 50.5991839095904,8.7015727532252 50.5995876933611,8.70183277431272 50.6002151855795)))","64667","1367","4867","6234","70901"
"MULTIPOLYGON (((8.66166557815912 50.6072623775893,8.66267487500149 50.6074864066917,8.66342453039363 50.607082974421,8.66316488204966 50.6064555160886,8.66215559589019 50.6062314905038,8.66140594739192 50.6066349197337,8.66166557815912 50.6072623775893)))","547","347","547","894","1441"
"MULTIPOLYGON (((8.61834154721904 50.5822464166583,8.61935010970505 50.5824708041289,8.62009957299652 50.5820675066093,8.61984046688463 50.5814398246529,8.61883191505148 50.5812154407061,8.61808245867747 50.5816187351919,8.61834154721904 50.5822464166583)))","44174","1574","4274","5848","50022"
"MULTIPOLYGON (((8.66858907773435 50.6173455824546,8.66959857988199 50.6175695517344,8.67034833126128 50.6171661441973,8.67008857360183 50.6165387704228,8.66907908214382 50.6163148046592,8.66832933765577 50.6167182091539,8.66858907773435 50.6173455824546)))","31063","5963","11563","17526","48589"
"MULTIPOLYGON (((8.70114433639259 50.6051912703477,8.70215394254057 50.6054149827513,8.70290350551344 50.6050112388975,8.70264345547112 50.6043837856859,8.70163386002586 50.6041600767956,8.7008843039203 50.6045638176038,8.70114433639259 50.6051912703477)))","1429573","285473","318373","603846","2033419"
"MULTIPOLYGON (((8.65693263456459 50.5714434382565,8.65794137344171 50.5716675199929,8.65869065300719 50.5712638511411,8.65843118680583 50.5706361035908,8.65742245859824 50.5704120253744,8.65667318592261 50.5708156911884,8.65693263456459 50.5714434382565)))","1346910","80910","245410","326320","1673230"
"MULTIPOLYGON (((8.72177609164596 50.5863957214672,8.72278560319882 50.5866192755919,8.72353492765785 50.5862152344066,8.72327473371418 50.5855876421438,8.72226523286891 50.5853640915313,8.72151591525989 50.5857681296695,8.72177609164596 50.5863957214672)))","211949","41049","74449","115498","327447"
"MULTIPOLYGON (((8.63603946993916 50.5696504813911,8.63704800314075 50.5698747317515,8.63779730031466 50.5694712059003,8.63753805738384 50.568843432724,8.63652953484047 50.5686191858861,8.63578024456982 50.5690227087021,8.63603946993916 50.5696504813911)))","1057","0","357","357","1414"
"MULTIPOLYGON (((8.70536552757457 50.5821901088827,8.70637483764663 50.5824137967791,8.7071241463787 50.5820098465932,8.70686413817879 50.5813822115557,8.70585483880457 50.5811585271735,8.7051055369325 50.5815624743147,8.70536552757457 50.5821901088827)))","715792","20592","91692","112284","828076"
"MULTIPOLYGON (((8.72753265123452 50.6024877923743,8.72854244465424 50.6027112935242,8.72929193137156 50.6023073314453,8.72903161781994 50.6016798712652,8.72802183511573 50.6014563736259,8.72727235524777 50.6018603326561,8.72753265123452 50.6024877923743)))","338","0","238","238","576"
"MULTIPOLYGON (((8.7304758583781 50.5786320405054,8.73148533236648 50.5788555278059,8.73223455799763 50.5784513625048,8.73197430279778 50.577823712951,8.73096483951914 50.5776002291622,8.7302156207307 50.5780043914156,8.7304758583781 50.5786320405054)))","62686","22186","28586","50772","113458"
"MULTIPOLYGON (((8.65243684225495 50.5738652339168,8.65344557740437 50.5740893508088,8.65419489086729 50.5736857340416,8.65393546228763 50.5730580034199,8.65292673780615 50.5728338900483,8.65217743123654 50.573237503778,8.65243684225495 50.5738652339168)))","148223","17923","26623","44546","192769"
"MULTIPOLYGON (((8.68970061343781 50.6151904340601,8.69071026587457 50.6154142344079,8.69145995658525 50.6150106522801,8.69119998798242 50.6143832728493,8.69019034624555 50.6141594760155,8.68944066241171 50.6145630550985,8.68970061343781 50.6151904340601)))","619","0","119","119","738"
"MULTIPOLYGON (((8.69639030206046 50.5693691566555,8.69739935002925 50.5695929219819,8.69814853736071 50.5691889416976,8.69788866986007 50.5685611991297,8.69687963258058 50.5683374373192,8.69613045211256 50.5687414145607,8.69639030206046 50.5693691566555)))","707787","100987","179087","280074","987861"
"MULTIPOLYGON (((8.7081810574068 50.6044709727732,8.70919071353366 50.604694628852,8.70994025620391 50.6042908268057,8.70968013588486 50.6036633717271,8.7086704904641 50.603439719161,8.70792095465641 50.6038435181609,8.7081810574068 50.6044709727732)))","22296","1196","3496","4692","26988"
"MULTIPOLYGON (((8.73535801305802 50.5859827539571,8.73636763503701 50.5862061989366,8.73711693068899 50.5858020528841,8.73685659752113 50.5851744649009,8.73584698625662 50.584951023432,8.7350976974456 50.5853551664358,8.73535801305802 50.5859827539571)))","13548","2348","3048","5396","18944"
"MULTIPOLYGON (((8.68401301565178 50.5460955907991,8.68502162166522 50.5463194650714,8.68577058175178 50.5459154008964,8.68551092895796 50.5452874654889,8.68450233362029 50.5450635947353,8.68375338040077 50.5454676558705,8.68401301565178 50.5460955907991)))","1464","164","264","428","1892"
"MULTIPOLYGON (((8.74180922557853 50.5794304677074,8.74281880817279 50.5796538634561,8.74356802198869 50.5792496193351,8.7433076463751 50.5786219825146,8.74229807449665 50.5783985902762,8.74154886751613 50.578802831348,8.74180922557853 50.5794304677074)))","2550","0","350","350","2900"
"MULTIPOLYGON (((8.67324469088755 50.5687945765878,8.67425353178441 50.5690185282688,8.67500275409443 50.5686147170558,8.67474312862912 50.5679869572017,8.67373429840942 50.5677630090392,8.67298508297802 50.5681668172125,8.67324469088755 50.5687945765878)))","190344","23944","318344","342288","532632"
"MULTIPOLYGON (((8.72225485510558 50.603029003352,8.72326461110349 50.6032525467604,8.72401411309823 50.6028486283272,8.72375385224227 50.6022211695337,8.72274410695732 50.6019976296365,8.72199461181551 50.6024015450216,8.72225485510558 50.603029003352)))","1896","0","796","796","2692"
"MULTIPOLYGON (((8.72383638287471 50.5714611916361,8.72484569643669 50.5716847353083,8.72559485713607 50.5712805652975,8.72533469742791 50.570652854661,8.72432539457008 50.5704293145016,8.72357624071639 50.5708334814661,8.72383638287471 50.5714611916361)))","328385","102285","153185","255470","583855"
"MULTIPOLYGON (((8.71541605744152 50.5998051374256,8.71642570819919 50.6000287372079,8.71717518786291 50.5996248455137,8.71691500991223 50.5989973570844,8.71590536986301 50.5987737608142,8.71515589705615 50.5991776494613,8.71541605744152 50.5998051374256)))","3392","492","2692","3184","6576"
"MULTIPOLYGON (((8.70974177961172 50.60823559186,8.71075150354919 50.6084592338226,8.71150108382667 50.6080554486863,8.71124093330455 50.6074280246342,8.71023122007515 50.6072043861838,8.7094816466599 50.6076081682732,8.70974177961172 50.60823559186)))","555406","42306","78306","120612","676018"
"MULTIPOLYGON (((8.70174110266974 50.593356124522,8.70275054291684 50.5935798369976,8.70349997785302 50.5931759987661,8.70323996567767 50.592548451104,8.70223053612999 50.5923247421423,8.70148110805838 50.5927285773288,8.70174110266974 50.593356124522)))","1317317","3417","26117","29534","1346851"
"MULTIPOLYGON (((8.61065371438624 50.570274023597,8.6116620378448 50.5704984776289,8.61241138621996 50.5700951468425,8.61215240421649 50.5694673650562,8.6111440914032 50.5692429145495,8.61039474994821 50.569646242304,8.61065371438624 50.570274023597)))","2338","238","1038","1276","3614"
"MULTIPOLYGON (((8.66520829006851 50.5892422767535,8.66621735705094 50.5894662847379,8.6669668128162 50.5890626890186,8.66670719471126 50.5884350883551,8.66569813840814 50.588211083889,8.66494868953077 50.5886146765681,8.66520829006851 50.5892422767535)))","1058485","45985","107285","153270","1211755"
"MULTIPOLYGON (((8.67284385216907 50.5766869082362,8.67385280352144 50.5769108599383,8.67460211113032 50.5765071116489,8.67434246050659 50.5758794146978,8.67333351983361 50.5756554665138,8.67258421910512 50.5760592117629,8.67284385216907 50.5766869082362)))","550693","17193","30393","47586","598279"
"MULTIPOLYGON (((8.73682489316311 50.582887503933,8.73783448299878 50.5831109383804,8.73858374283347 50.5827067578377,8.73832340599323 50.5820791458964,8.73731382687186 50.5818557149598,8.73656457387655 50.5822598924537,8.73682489316311 50.582887503933)))","7882","0","782","782","8664"
"MULTIPOLYGON (((8.63641228738665 50.5794249032823,8.63742096484114 50.579649146706,8.63817036614681 50.5792456922762,8.63791108309312 50.5786179974587,8.63690241630001 50.578393757557,8.63615302189933 50.5787972089509,8.63641228738665 50.5794249032823)))","10311","411","1511","1922","12233"
"MULTIPOLYGON (((8.63742433954333 50.5596954153196,8.63843274107916 50.5599196585529,8.63918192913867 50.5595160467497,8.63892270876208 50.5588881947481,8.63791431788217 50.5586639550379,8.63716513672305 50.5590675638063,8.63742433954333 50.5596954153196)))","402745","8845","23445","32290","435035"
"MULTIPOLYGON (((8.71247990627734 50.6059929878144,8.71348962128698 50.6062166086691,8.71423917259856 50.6058127859806,8.71397900204062 50.6051853454845,8.71296929773978 50.6049617281418,8.71221975328819 50.6053655477833,8.71247990627734 50.6059929878144)))","1429579","9879","30879","40758","1470337"
"MULTIPOLYGON (((8.72548176117146 50.5997544036802,8.72649149750388 50.5999779224699,8.72724095857932 50.5995739549888,8.72698067647235 50.5989464717662,8.72597095085357 50.5987229564875,8.72522149662827 50.5991269209203,8.72548176117146 50.5997544036802)))","7434","434","4234","4668","12102"
"MULTIPOLYGON (((8.69557653725681 50.6028176509376,8.69658606129927 50.6030414091169,8.69733560873655 50.6026376889468,8.69707562526098 50.6020102136423,8.69606611191765 50.6017864589771,8.6953165713509 50.6021901761024,8.69557653725681 50.6028176509376)))","77009","2409","5509","7918","84927"
"MULTIPOLYGON (((8.66569813840814 50.588211083889,8.66670719471126 50.5884350883551,8.66745663854907 50.5880314811325,8.66719701919645 50.5874038724839,8.66618797357251 50.5871798715359,8.66543853662211 50.5875834757185,8.66569813840814 50.588211083889)))","1157192","70392","125992","196384","1353576"
"MULTIPOLYGON (((8.72029771596841 50.6071543033154,8.72130751481885 50.6073778607684,8.72205706458726 50.6069739883375,8.72179680865036 50.6063465615019,8.72078702051315 50.60612300756,8.72003747759979 50.6065268769428,8.72029771596841 50.6071543033154)))","1315","0","215","215","1530"
"MULTIPOLYGON (((8.73154035744547 50.6010953931121,8.73255016508678 50.6013188625774,8.73329962966775 50.6009148599018,8.7330392797611 50.6002873908104,8.73202948283697 50.6000639248554,8.73128002510241 50.6004679244817,8.73154035744547 50.6010953931121)))","21019","1019","1819","2838","23857"
"MULTIPOLYGON (((8.62995483134087 50.5859695242813,8.6309635476448 50.5861938169465,8.63171303049087 50.5857904606308,8.63145379012262 50.5851628146853,8.63044508447874 50.5849385255424,8.62969560854318 50.5853418788227,8.62995483134087 50.5859695242813)))","204135","2335","16935","19270","223405"
"MULTIPOLYGON (((8.69517797819728 50.6107067725794,8.69618761285098 50.6109305307112,8.69693724566562 50.6105268734689,8.69667723695436 50.6098994611402,8.69566761300196 50.609675706522,8.69491798705966 50.610079360719,8.69517797819728 50.6107067725794)))","7333","0","1533","1533","8866"
"MULTIPOLYGON (((8.69733560873655 50.6026376889468,8.69834514528111 50.6028614330479,8.69909468765 50.6024576983304,8.69883468660511 50.6018302225569,8.69782516076052 50.6016064819698,8.69707562526098 50.6020102136423,8.69733560873655 50.6026376889468)))","876832","8632","39332","47964","924796"
"MULTIPOLYGON (((8.61764764897897 50.5872221691739,8.61865627730575 50.5874465602114,8.61940579518409 50.5870433056854,8.61914667781695 50.5864156631558,8.61813806014423 50.5861912756418,8.61738854918475 50.5865945271339,8.61764764897897 50.5872221691739)))","239334","1434","2434","3868","243202"
"MULTIPOLYGON (((8.69487034757517 50.6254515568742,8.69588019281806 50.6256753113744,8.69662998449995 50.625271768498,8.6963699240636 50.6246444741675,8.69536008952641 50.6244207231802,8.69461030472001 50.6248242630105,8.69487034757517 50.6254515568742)))","125147","31947","37847","69794","194941"
"MULTIPOLYGON (((8.70507487826216 50.5792755840156,8.70608414375659 50.579499275443,8.70683342176489 50.579095305304,8.70657342741929 50.5784676467822,8.7055641726217 50.5782439588691,8.70481490147299 50.5786479259636,8.70507487826216 50.5792755840156)))","1429513","60213","132313","192526","1622039"
"MULTIPOLYGON (((8.66353766375056 50.5962805985202,8.66454681802282 50.5965046170647,8.66529635224881 50.5961010873285,8.66503672531225 50.5954735420883,8.66402758172055 50.5952495270617,8.66327805438494 50.5956530537576,8.66353766375056 50.5962805985202)))","1345171","25571","57371","82942","1428113"
"MULTIPOLYGON (((8.71081322199742 50.6130311630195,8.7118230244631 50.6132547943732,8.71257265429444 50.612851037649,8.71231247479774 50.6122236526186,8.7113026830422 50.6120000247767,8.71055306007334 50.6124037784536,8.71081322199742 50.6130311630195)))","163497","1997","13597","15594","179091"
"MULTIPOLYGON (((8.72052805525227 50.5502020175087,8.72153703372017 50.5504255964616,8.72228597266593 50.5500212898865,8.72202592630016 50.5493934074032,8.72101695852815 50.5491698319647,8.72026802642612 50.5495741354952,8.72052805525227 50.5502020175087)))","105337","3637","9437","13074","118411"
"MULTIPOLYGON (((8.66703071268156 50.6135812651206,8.66804014700449 50.6138052484835,8.66878986072762 50.6134018240179,8.66853013323643 50.6127744192313,8.66752070960117 50.612550439385,8.66677100276955 50.6129538608088,8.66703071268156 50.6135812651206)))","2074","174","674","848","2922"
"MULTIPOLYGON (((8.68716149248706 50.6134880362237,8.68817109849746 50.6137118577024,8.68892077545374 50.613308281664,8.68866083952158 50.6126808871913,8.68765124420924 50.612457069227,8.68690157413117 50.612860642221,8.68716149248706 50.6134880362237)))","4575","0","1675","1675","6250"
"MULTIPOLYGON (((8.68861182211875 50.6280522689666,8.68962165122451 50.6282760727462,8.6903714820008 50.6278725965364,8.69011147679136 50.6272453195927,8.68910165838885 50.6270215193266,8.68835183449268 50.6274249924908,8.68861182211875 50.6280522689666)))","55828","1628","3928","5556","61384"
"MULTIPOLYGON (((8.67041879099881 50.5641761763067,8.67142754097637 50.5644001525747,8.67217671880805 50.5639963274806,8.67191713978277 50.5633685291577,8.67090840047953 50.5631445564088,8.67015922952739 50.5635483784638,8.67041879099881 50.5641761763067)))","4341","141","741","882","5223"
"MULTIPOLYGON (((8.69802427880645 50.597661496231,8.69903374935395 50.5978852368398,8.69978323710511 50.5974814591594,8.699523247441 50.5968539439149,8.69851378759233 50.5966302068202,8.69776430670905 50.5970339814559,8.69802427880645 50.597661496231)))","49692","992","1592","2584","52276"
"MULTIPOLYGON (((8.65252362554909 50.5807252773812,8.65353246045494 50.5809493907985,8.65428184731092 50.5805458254706,8.65402239236654 50.5799181497633,8.65301356813077 50.579694039866,8.65226418816943 50.580097602156,8.65252362554909 50.5807252773812)))","5939","839","1539","2378","8317"
"MULTIPOLYGON (((8.67181823705317 50.6140737072533,8.67282771966359 50.6142976519099,8.67357743018211 50.6138941953052,8.67331765120185 50.6132667970867,8.67230817928168 50.6130428559462,8.67155847565163 50.6134463095083,8.67181823705317 50.6140737072533)))","2859","159","1359","1518","4377"
"MULTIPOLYGON (((8.7000897156628 50.5827307240443,8.70109898826897 50.5829544541621,8.70184831221334 50.5825505476078,8.70158835668809 50.5819229139799,8.70057909477722 50.5816991873768,8.69982977769646 50.582103090887,8.7000897156628 50.5827307240443)))","485058","8758","27658","36416","521474"
"MULTIPOLYGON (((8.6764934042618 50.5478479810053,8.67750197095667 50.5480719150233,8.67825096314576 50.5476679204903,8.67799138176774 50.5470399949784,8.67698282574534 50.5468160644798,8.67623384042858 50.5472200559738,8.6764934042618 50.5478479810053)))","104104","3004","12804","15808","119912"
"MULTIPOLYGON (((8.68174550036744 50.564980025542,8.68275435926001 50.5652039104204,8.68350352561451 50.564800006549,8.68324382620437 50.5641722208399,8.68223497799223 50.5639483394793,8.68148581850993 50.5643522403101,8.68174550036744 50.564980025542)))","2486","486","1386","1872","4358"
"MULTIPOLYGON (((8.74288261028765 50.5842279873301,8.74389227136458 50.5844513724606,8.74464153466891 50.5840471567282,8.74438113006079 50.5834195589149,8.74337147970169 50.5831961772943,8.742622223233 50.5836003899771,8.74288261028765 50.5842279873301)))","72459","3259","10359","13618","86077"
"MULTIPOLYGON (((8.71345867602757 50.6039304489785,8.71446836961965 50.6041540628091,8.71521789704755 50.603750217118,8.71495772402456 50.6031227606435,8.71394804114117 50.6028991503249,8.7131985205722 50.6033029929689,8.71345867602757 50.6039304489785)))","36190","1790","4390","6180","42370"
"MULTIPOLYGON (((8.65405274503058 50.602153121619,8.65506190254557 50.6023772140222,8.65581151656474 50.6019737999928,8.65555196617126 50.6013462965998,8.65454281933375 50.6011222077154,8.6537932122124 50.6015256187052,8.65405274503058 50.602153121619)))","28021","5221","5721","10942","38963"
"MULTIPOLYGON (((8.6192751498576 50.5556576366651,8.62028333685036 50.5558820273009,8.62103251350181 50.5554785209161,8.62077349624903 50.554850626928,8.61976531990155 50.5546262398174,8.61901615016168 50.5550297431699,8.6192751498576 50.5556576366651)))","259701","1801","6901","8702","268403"
"MULTIPOLYGON (((8.723722571145 50.5999348237384,8.72473229500421 50.6001583566134,8.72548176117146 50.5997544036802,8.72522149662827 50.5991269209203,8.72421178348183 50.5989033915565,8.72346232416594 50.5993073414416,8.723722571145 50.5999348237384)))","3983","183","2983","3166","7149"
"MULTIPOLYGON (((8.71853837474207 50.6073345896581,8.7195481611115 50.6075581611971,8.72029771596841 50.6071543033154,8.72003747759979 50.6065268769428,8.71902770194269 50.6063033089151,8.71827815394202 50.6067071637488,8.71853837474207 50.6073345896581)))","7561","261","1061","1322","8883"
"MULTIPOLYGON (((8.65561004743878 50.6059180306292,8.65661927275509 50.6061421089719,8.65736892443045 50.6057387118752,8.65710934389207 50.6051112394758,8.65610012925514 50.6048871646514,8.65535048447735 50.6052905587082,8.65561004743878 50.6059180306292)))","21601","4901","6301","11202","32803"
"MULTIPOLYGON (((8.70090110729116 50.5492724430731,8.7019099040582 50.5494961802707,8.70265886810957 50.5490920136687,8.70239902853755 50.5484641129113,8.70139024245597 50.5482403792303,8.70064128526109 50.5486445427902,8.70090110729116 50.5492724430731)))","83705","9405","42105","51510","135215"
"MULTIPOLYGON (((8.61751779378018 50.5558367238365,8.61852596821054 50.5560611285145,8.6192751498576 50.5556576366651,8.61901615016168 50.5550297431699,8.61800798637575 50.5548053420173,8.61725881164144 50.5552088308347,8.61751779378018 50.5558367238365)))","145393","1093","1693","2786","148179"
"MULTIPOLYGON (((8.72061073403367 50.5747372588516,8.72162006724102 50.5749608271387,8.72236926882429 50.5745567061603,8.72210913035182 50.573929019941,8.7210998078479 50.5737054551669,8.72035061311312 50.5741095730991,8.72061073403367 50.5747372588516)))","3234","434","5234","5668","8902"
"MULTIPOLYGON (((8.69087961270773 50.6091842366369,8.69188918843716 50.6094080299795,8.6926388125718 50.6090043933759,8.69237885410221 50.6083769664743,8.69136928907142 50.6081531766459,8.69061967181166 50.608556810205,8.69087961270773 50.6091842366369)))","733211","111","1311","1422","734633"
"MULTIPOLYGON (((8.68906752830262 50.5671748110955,8.69007648174276 50.5673986362061,8.69082565859887 50.5669946941305,8.69056587514712 50.5663669299862,8.68955693239181 50.5661431083925,8.68880776240354 50.5665470474263,8.68906752830262 50.5671748110955)))","18571","3671","5771","9442","28013"
"MULTIPOLYGON (((8.69775045498262 50.5770818396556,8.69875962595114 50.5773055908991,8.69950889351303 50.5769016589783,8.69924898324251 50.5762739788578,8.69823982296638 50.5760502311298,8.69749056226853 50.576454160007,8.69775045498262 50.5770818396556)))","142666","4666","14866","19532","162198"
"MULTIPOLYGON (((8.6974767927595 50.5564963446752,8.69848566432671 50.556720106489,8.69923471182861 50.5563160203585,8.69897488090328 50.5556881754565,8.69796602002199 50.5554644171593,8.69721697938027 50.5558685002476,8.6974767927595 50.5564963446752)))","9263","863","2963","3826","13089"
"MULTIPOLYGON (((8.69620813098359 50.5556447278865,8.69721697938027 50.5558685002476,8.69796602002199 50.5554644171593,8.69770620540634 50.5548365647518,8.69669736769469 50.5546127959075,8.6959483339138 50.5550168759539,8.69620813098359 50.5556447278865)))","81204","10604","48204","58808","140012"
"MULTIPOLYGON (((8.72851980218777 50.5827590910602,8.72952931901568 50.5829825924072,8.73027859239323 50.5825784730934,8.73001834209813 50.5819508554803,8.72900883598019 50.5817273576449,8.72825956944746 50.582131473911,8.72851980218777 50.5827590910602)))","1222","122","422","544","1766"
"MULTIPOLYGON (((8.62169010072412 50.568169135095,8.62269848895155 50.5683935013279,8.62344779544101 50.5679900718094,8.62318870679071 50.5673622790915,8.62218032921363 50.5671379163828,8.62143102963661 50.5675413428679,8.62169010072412 50.568169135095)))","7174","1174","1474","2648","9822"
"MULTIPOLYGON (((8.63897966177542 50.5634624161051,8.63998813102871 50.5636866453303,8.64073735671439 50.5632830504615,8.64047810624678 50.5626552294028,8.63946964765135 50.5624310037001,8.6387204288658 50.5628345955337,8.63897966177542 50.5634624161051)))","32033","3533","4033","7566","39599"
"MULTIPOLYGON (((8.6703953162897 50.5818438245745,8.67140432103983 50.5820677938669,8.67215368827569 50.5816641030856,8.67189404387846 50.5810364460522,8.670885049808 50.5808124802778,8.67013568945519 50.5812161680189,8.6703953162897 50.5818438245745)))","1429516","202516","318316","520832","1950348"
"MULTIPOLYGON (((8.70692557705181 50.5859558077849,8.70793495489103 50.5861794815869,8.70868430120901 50.5857755483093,8.7084242628282 50.585147944275,8.7074148956888 50.5849242739869,8.70666555623051 50.5853282042192,8.70692557705181 50.5859558077849)))","18751","751","2751","3502","22253"
"MULTIPOLYGON (((8.68030358409607 50.627919527057,8.6813133398855 50.6281433977365,8.68206318402695 50.6277399827784,8.68180326549351 50.6271127001854,8.68079352040296 50.6268888330202,8.68004368314708 50.6272922449339,8.68030358409607 50.627919527057)))","79593","1293","3993","5286","84879"
"MULTIPOLYGON (((8.70847194592145 50.6073845157395,8.7094816466599 50.6076081682732,8.71023122007515 50.6072043861838,8.70997108588915 50.6065769546074,8.70896139585786 50.6063533055861,8.70821182930555 50.6067570846289,8.70847194592145 50.6073845157395)))","1429521","34021","193921","227942","1657463"
"MULTIPOLYGON (((8.6612890289888 50.5974911180445,8.66229818140754 50.5977151541741,8.66304773260199 50.5973116504875,8.66278812448567 50.5966841137114,8.66177898274665 50.5964600811,8.66102943844437 50.5968635817465,8.6612890289888 50.5974911180445)))","1429546","23146","128446","151592","1581138"
"MULTIPOLYGON (((8.68835961436382 50.5898195373235,8.68936888863815 50.5900433588955,8.69011830949507 50.5896395940657,8.68985844920498 50.589012010707,8.68884918562203 50.5887881926506,8.68809977163789 50.5891919544374,8.68835961436382 50.5898195373235)))","254279","27079","35479","62558","316837"
"MULTIPOLYGON (((8.71286376772751 50.6157642714964,8.71387362730856 50.6159878852127,8.71462328280818 50.6155841338957,8.71436307186527 50.6149567719103,8.71335322299623 50.6147331617054,8.71260357435825 50.6151369099746,8.71286376772751 50.6157642714964)))","1400","100","2700","2800","4200"
"MULTIPOLYGON (((8.64500076753155 50.5824739569526,8.64600956293905 50.5826981301247,8.64675898181697 50.5822946344666,8.6464995983876 50.5816669686735,8.64549081364686 50.5814427990222,8.64474140166885 50.5818462916432,8.64500076753155 50.5824739569526)))","595901","25701","79501","105202","701103"
"MULTIPOLYGON (((8.64407646886287 50.6090548354352,8.64508564023341 50.6092790052165,8.64583534594857 50.608875718412,8.64557587338759 50.608248264865,8.64456671269143 50.608024098603,8.64381701388201 50.6084273823688,8.64407646886287 50.6090548354352)))","1817","4717","9817","14534","16351"
"MULTIPOLYGON (((8.6860212108113 50.5841711053736,8.68703038342893 50.5843949480628,8.68777974787518 50.5839911578578,8.68751993283078 50.5833635280061,8.68651077090167 50.5831396888331,8.68576141332856 50.5835434759957,8.6860212108113 50.5841711053736)))","1429520","203220","318320","521540","1951060"
"MULTIPOLYGON (((8.68457235193478 50.5695982461089,8.68558130174436 50.5698221063837,8.68633051256003 50.5694182163872,8.68607076669493 50.5687904691573,8.68506182756859 50.5685666123997,8.68431262362419 50.5689704993549,8.68457235193478 50.5695982461089)))","121574","19874","88274","108148","229722"
"MULTIPOLYGON (((8.6500450918076 50.6035425433965,8.65105423490704 50.6037666674506,8.65180387091773 50.6033632940186,8.65154435692832 50.6027357995718,8.65053522450468 50.6025116790368,8.64978559539474 50.6029150494296,8.6500450918076 50.6035425433965)))","9370","170","1170","1340","10710"
"MULTIPOLYGON (((8.66255778827443 50.5983426829634,8.66356696390799 50.5985667085438,8.6643165219939 50.5981632018169,8.66405689755488 50.5975356725499,8.66304773260199 50.5973116504875,8.66229818140754 50.5977151541741,8.66255778827443 50.5983426829634)))","249003","9403","44603","54006","303009"
"MULTIPOLYGON (((8.69764262255937 50.5878881151054,8.69865194864297 50.5881118627969,8.69940133224988 50.5877080137427,8.69914138290709 50.5870804200413,8.6981320675191 50.5868566758645,8.69738269077842 50.5872605218746,8.69764262255937 50.5878881151054)))","225390","34190","59990","94180","319570"
"MULTIPOLYGON (((8.6807247725002 50.602373887691,8.6817341625597 50.6025977655241,8.68248373167637 50.6021941532712,8.68222390385343 50.6015666662282,8.68121452448526 50.6013427919108,8.68046496224882 50.6017464011208,8.6807247725002 50.602373887691)))","23073","1273","2573","3846","26919"
"MULTIPOLYGON (((8.65139861393727 50.5513975130511,8.65240701608519 50.5516216473312,8.65315609065351 50.5512178678027,8.65289675618443 50.5505899570302,8.65188836469708 50.550365826272,8.65113929701834 50.5507696027645,8.65139861393727 50.5513975130511)))","1267","0","3367","3367","4634"
"MULTIPOLYGON (((8.74161258532346 50.5833769942715,8.742622223233 50.5836003899771,8.74337147970169 50.5831961772943,8.74311109142469 50.5825685719553,8.74210146423207 50.5823451797599,8.74135221459968 50.5827493893933,8.74161258532346 50.5833769942715)))","31855","2255","5855","8110","39965"
"MULTIPOLYGON (((8.68052468245564 50.6063184015489,8.68153412780104 50.6065422793701,8.68228373960499 50.606138698586,8.6820238991825 50.6055112430239,8.6810144645295 50.6052873687183,8.68026485960674 50.6056909464592,8.68052468245564 50.6063184015489)))","11103","0","1503","1503","12606"
"MULTIPOLYGON (((8.71669766964424 50.5829909869885,8.71770708848144 50.5832145833792,8.71845638553646 50.5828105543809,8.7181962569017 50.5821829320383,8.71718684876841 50.5819593391606,8.71643755856609 50.5823633651126,8.71669766964424 50.5829909869885)))","732","0","132","132","864"
"MULTIPOLYGON (((8.70285756902252 50.5451440708598,8.70386632304801 50.5453677939909,8.7046152394191 50.5449635814089,8.70435539491047 50.544335648738,8.70334665157023 50.5441119291236,8.70259774205351 50.5445161386635,8.70285756902252 50.5451440708598)))","2030","0","130","130","2160"
"MULTIPOLYGON (((8.65477176730027 50.579514572932,8.65578060407197 50.5797386687699,8.65652997397669 50.5793350773973,8.65627050021692 50.578707393225,8.65526167411612 50.578483300907,8.65451231110432 50.5788868892414,8.65477176730027 50.579514572932)))","6527","427","3027","3454","9981"
"MULTIPOLYGON (((8.64906478686311 50.6056042136333,8.65007395131435 50.6058283447253,8.65082361118488 50.6054249943067,8.65056409970252 50.6047975158352,8.64955494592722 50.6045733882621,8.64880529295849 50.6049767356417,8.64906478686311 50.6056042136333)))","109974","15174","17174","32348","142322"
"MULTIPOLYGON (((8.67722863731525 50.5850704137676,8.67823774738133 50.5852943267998,8.67898713709381 50.5848906093119,8.67872740986109 50.5842629818331,8.67771831047916 50.5840390723179,8.67696892764589 50.5844427867645,8.67722863731525 50.5850704137676)))","1429564","231764","318364","550128","1979692"
"MULTIPOLYGON (((8.6556971836324 50.612775090835,8.65670650880194 50.612999165666,8.65745623393648 50.6125958200224,8.65719662700271 50.6119684025882,8.6561873125147 50.6117443312751,8.65543759427901 50.6121476738783,8.6556971836324 50.612775090835)))","179870","8270","12170","20440","200310"
"MULTIPOLYGON (((8.64119647193083 50.5799183557942,8.64220519770061 50.5801425605738,8.64295459587682 50.5797390740264,8.64269526138139 50.5791113857359,8.6416865462756 50.5788871844777,8.64093715500136 50.5792906679886,8.64119647193083 50.5799183557942)))","4630","130","930","1060","5690"
"MULTIPOLYGON (((8.65912780892986 50.6055593645066,8.66013705932987 50.6057834147125,8.66088670093371 50.605379988523,8.66062708524246 50.6047525151682,8.65961784552353 50.6045284684802,8.65886821081485 50.6049318916293,8.65912780892986 50.6055593645066)))","160587","5187","14887","20074","180661"
"MULTIPOLYGON (((8.70593239714535 50.6056823092175,8.70694205148558 50.6059059828909,8.70769161117432 50.6055022068947,8.70743150965868 50.6048747602714,8.70642186602382 50.6046510901108,8.70567231319934 50.6050548630607,8.70593239714535 50.6056823092175)))","704324","26624","68524","95148","799472"
"MULTIPOLYGON (((8.62047019535976 50.5918398936767,8.62147891468582 50.5920642601718,8.62222847715661 50.5916610195574,8.62196931338356 50.5910334154825,8.62096060471442 50.5908090525103,8.62021104916155 50.5912122900901,8.62047019535976 50.5918398936767)))","10519","0","1119","1119","11638"
"MULTIPOLYGON (((8.73008130434014 50.5865246854011,8.73109088893827 50.5867481726303,8.73184019988034 50.5863440702152,8.73157991937984 50.5857164836189,8.73057034549366 50.585492999901,8.72982104139613 50.585897099268,8.73008130434014 50.5865246854011)))","82145","16345","26945","43290","125435"
"MULTIPOLYGON (((8.6230414468995 50.5758812683868,8.62404995803505 50.5761056206656,8.62479934483059 50.5757022395706,8.62454021357759 50.5750745092308,8.62353171309544 50.5748501604756,8.62278233321296 50.5752535385367,8.6230414468995 50.5758812683868)))","2234","0","134","134","2368"
"MULTIPOLYGON (((8.7032093635366 50.5902619189209,8.70421877168563 50.5904856208547,8.70496817081564 50.5900817481215,8.70470815493371 50.5894541764997,8.70369875748385 50.5892304780799,8.70294936521686 50.589634347768,8.7032093635366 50.5902619189209)))","76386","2786","5086","7872","84258"
"MULTIPOLYGON (((8.71119688550767 50.6228014616836,8.71220683257019 50.6230250858915,8.71295656661175 50.6226214005453,8.71269634672674 50.6219940940394,8.71168641037753 50.6217704733427,8.7109366832001 50.6221741556408,8.71119688550767 50.6228014616836)))","21643","3143","3643","6786","28429"
"MULTIPOLYGON (((8.63935286324088 50.5732377366295,8.64036147672802 50.5734619589216,8.64111080652504 50.5730584354672,8.6408515159332 50.5724306927564,8.63984291310707 50.5722064739863,8.63909359021187 50.5726099944049,8.63935286324088 50.5732377366295)))","1539","0","239","239","1778"
"MULTIPOLYGON (((8.70498291431642 50.5724144806191,8.70599207997243 50.572638175589,8.70674128461137 50.5722341540472,8.70648131673607 50.5716064405797,8.7054721617747 50.5713827491246,8.70472296399412 50.5717867676222,8.70498291431642 50.5724144806191)))","4497","297","797","1094","5591"
"MULTIPOLYGON (((8.72598982217415 50.5633863469481,8.72699903764711 50.5636098765921,8.72774810798408 50.5632056291588,8.72748795600549 50.5625778551277,8.72647875123529 50.5623543289967,8.72572968774102 50.5627585733838,8.72598982217415 50.5633863469481)))","450","0","150","150","600"
"MULTIPOLYGON (((8.62900822386054 50.5703672974602,8.63001670684777 50.5705916040226,8.63076602406017 50.5701881363261,8.63050685137734 50.5695603651014,8.62949837904491 50.5693360620622,8.62874906874059 50.5697395267244,8.62900822386054 50.5703672974602)))","109701","5201","11601","16802","126503"
"MULTIPOLYGON (((8.64350027371402 50.6032284505471,8.64450935593337 50.6034526273407,8.64525900012088 50.603049300584,8.64499955518417 50.6024218000719,8.64399048363714 50.6021976267981,8.64324084635463 50.6026009505166,8.64350027371402 50.6032284505471)))","2043","0","343","343","2386"
"MULTIPOLYGON (((8.66391452550881 50.606052072312,8.66492382420466 50.6062760838268,8.6656734626232 50.6058726255035,8.66541379545391 50.6052451587065,8.66440450744179 50.6050211507091,8.66365487591534 50.6054246059914,8.66391452550881 50.606052072312)))","8570","570","1070","1640","10210"
"MULTIPOLYGON (((8.69352723687585 50.6000839447916,8.69453670381666 50.6003077205829,8.69528622557551 50.5999039949997,8.69502627352234 50.5992764966698,8.69401681727876 50.599052724393,8.69326730239123 50.5994564469318,8.69352723687585 50.6000839447916)))","1429517","32817","169217","202034","1631551"
"MULTIPOLYGON (((8.70713834353257 50.5643405012785,8.70814741115611 50.5645641821993,8.70889652544212 50.5641600832206,8.70863656524934 50.5635323063649,8.70762750831914 50.5633086289592,8.70687840088847 50.5637127248941,8.70713834353257 50.5643405012785)))","124480","13780","35680","49460","173940"
"MULTIPOLYGON (((8.62770635084818 50.5871795235562,8.62871506524858 50.5874038337983,8.62946456502345 50.5870005035303,8.62920534348577 50.5863728660556,8.62819663974461 50.5861485593359,8.627447146882 50.5865518865687,8.62770635084818 50.5871795235562)))","94788","1088","5488","6576","101364"
"MULTIPOLYGON (((8.7161034780486 50.5948283978302,8.71711306278579 50.5950519941336,8.71786248783479 50.5946480594861,8.71760232129129 50.5940205315823,8.7165927472614 50.5937969387914,8.71584332906782 50.5942008703919,8.7161034780486 50.5948283978302)))","10542","3342","30942","34284","44826"
"MULTIPOLYGON (((8.66442950352555 50.5873594607056,8.66543853662211 50.5875834757185,8.66618797357251 50.5871798715359,8.66592837053843 50.5865522553805,8.66491934812016 50.586328243886,8.66416991805784 50.5867318450287,8.66442950352555 50.5873594607056)))","148662","14862","37062","51924","200586"
"MULTIPOLYGON (((8.71222759531 50.5500731160243,8.71323650076615 50.5502967618005,8.71398545317627 50.5498925164231,8.71372549328116 50.5492646283132,8.7127165985166 50.5490409860524,8.71196765295566 50.5494452283862,8.71222759531 50.5500731160243)))","15294","2594","7794","10388","25682"
"MULTIPOLYGON (((8.71425157652678 50.5881489338661,8.71526104888474 50.5883725478213,8.71601040561811 50.5879685763163,8.71575028313834 50.5873409939023,8.71474082148466 50.58711738346,8.71399147160661 50.5875213519188,8.71425157652678 50.5881489338661)))","653770","34870","80270","115140","768910"
"MULTIPOLYGON (((8.64635513182944 50.5901848261521,8.64736405022278 50.5904089853105,8.64811354941526 50.5900055380633,8.64785412331401 50.5893779346954,8.64684521559047 50.5891537790572,8.64609572329856 50.5895572232666,8.64635513182944 50.5901848261521)))","2910","310","410","720","3630"
"MULTIPOLYGON (((8.71114383430126 50.5629477342101,8.71215291618177 50.5631713834765,8.71290200839382 50.5627672439201,8.71264201187307 50.5621394581417,8.71163294068749 50.5619158123899,8.71088385532787 50.562319948902,8.71114383430126 50.5629477342101)))","1642","342","642","984","2626"
"MULTIPOLYGON (((8.64165580686745 50.5965498687427,8.6426647767277 50.5967740630836,8.64341435249325 50.5963706994142,8.64315495149375 50.5957431444415,8.64214599230284 50.595518953621,8.64139642344219 50.5959223142528,8.64165580686745 50.5965498687427)))","1131","131","231","362","1493"
"MULTIPOLYGON (((8.65604007658074 50.5803663449589,8.65704893655837 50.5805904302566,8.65779831335527 50.5801868358456,8.65753882328249 50.5795591591753,8.65652997397669 50.5793350773973,8.65578060407197 50.5797386687699,8.65604007658074 50.5803663449589)))","38377","2077","4477","6554","44931"
"MULTIPOLYGON (((8.63759492749053 50.5734170091991,8.63860352842878 50.5736412455445,8.63935286324088 50.5732377366295,8.63909359021187 50.5726099944049,8.6380849999338 50.5723857615817,8.6373356720247 50.5727892674611,8.63759492749053 50.5734170091991)))","1882","182","682","864","2746"
"MULTIPOLYGON (((8.72430567982483 50.6057623189449,8.72531549291685 50.6059858447137,8.72606502055953 50.6055819316838,8.72580472825826 50.6049544959338,8.72479492588112 50.6047309736757,8.72404540509055 50.605134883657,8.72430567982483 50.6057623189449)))","15539","539","839","1378","16917"
"MULTIPOLYGON (((8.67696101479104 50.5644882698996,8.67796982548817 50.5647121934456,8.67871899506614 50.5643083216938,8.67845934707182 50.5636805294363,8.67745054705244 50.5634566094087,8.67670138434974 50.5638604781204,8.67696101479104 50.5644882698996)))","898209","38009","278309","316318","1214527"
"MULTIPOLYGON (((8.71249275483504 50.5883292627921,8.7135022147128 50.5885528908258,8.71425157652678 50.5881489338661,8.71399147160661 50.5875213519188,8.71298202243226 50.5872977273982,8.71223266747479 50.5877016813119,8.71249275483504 50.5883292627921)))","1230670","164870","276670","441540","1672210"
"MULTIPOLYGON (((8.64188870840371 50.5749416326436,8.64289736830887 50.5751658338712,8.64364671190751 50.5747623043444,8.64338738870065 50.5741345766264,8.6423787394583 50.5739103789204,8.64162940276016 50.5743139054108,8.64188870840371 50.5749416326436)))","1105","305","1705","2010","3115"
"MULTIPOLYGON (((8.65344797615787 50.6139850580679,8.65445729946122 50.6142091504868,8.65520704156412 50.6138058308982,8.65494745346323 50.613178421931,8.65393814084063 50.6129543330301,8.65318840563829 50.6133576495785,8.65344797615787 50.6139850580679)))","30715","715","3615","4330","35045"
"MULTIPOLYGON (((8.70348485510463 50.6108381123744,8.7044945629725 50.6110618036116,8.70524418236843 50.6106580851273,8.70498408702964 50.6100306784522,8.70397438986741 50.6098069907277,8.70322477733841 50.6102107061657,8.70348485510463 50.6108381123744)))","365674","11874","28674","40548","406222"
"MULTIPOLYGON (((8.67128612912749 50.5729206519589,8.67229501273362 50.5731446177138,8.6730442827342 50.5727408525028,8.67278466224804 50.5721131245768,8.6717757893193 50.5718891623403,8.67102652619943 50.5722929245115,8.67128612912749 50.5729206519589)))","257178","34678","82978","117656","374834"
"MULTIPOLYGON (((8.73652610995493 50.5976397447672,8.73753591036972 50.597863175527,8.73828532891981 50.5974591092585,8.73802494021276 50.59683161528,8.73701515051668 50.5966081880302,8.73626573880905 50.597012251249,8.73652610995493 50.5976397447672)))","84800","6000","12600","18600","103400"
"MULTIPOLYGON (((8.72802183511573 50.6014563736259,8.72903161781994 50.6016798712652,8.7297810925937 50.6012758976867,8.72952077781457 50.6006484295177,8.72851100582585 50.600424935389,8.7277615379009 50.6008289059187,8.72802183511573 50.6014563736259)))","1387","187","587","774","2161"
"MULTIPOLYGON (((8.70010569000271 50.5650618874162,8.7011147077006 50.5652856246113,8.70186384226242 50.5648815837949,8.70160395226632 50.5642538088264,8.70059494525836 50.5640300751471,8.69984581755666 50.5644341129205,8.70010569000271 50.5650618874162)))","9050","1350","2050","3400","12450"
"MULTIPOLYGON (((8.63177950495156 50.550456448566,8.63278772467981 50.5506807408431,8.63353682369212 50.5502771012382,8.63327769607403 50.5496491723898,8.63226948699594 50.5494248836368,8.63152039488593 50.5498285202083,8.63177950495156 50.550456448566)))","894","0","194","194","1088"
"MULTIPOLYGON (((8.6923844648357 50.5707611705708,8.69339349850805 50.5709849675488,8.69414270788982 50.5705810278453,8.69388287673301 50.5699532942065,8.69287385374831 50.5697295007449,8.69212465123289 50.5701334374059,8.6923844648357 50.5707611705708)))","1429505","136705","318305","455010","1884515"
"MULTIPOLYGON (((8.65289884073224 50.5904985898764,8.6539078199731 50.5907226963086,8.65465731098268 50.5903192023936,8.65439781585523 50.589691605085,8.65338884728765 50.5894675021723,8.65263936317434 50.5898709930487,8.65289884073224 50.5904985898764)))","20265","1965","20865","22830","43095"
"MULTIPOLYGON (((8.73202948283697 50.6000639248554,8.7330392797611 50.6002873908104,8.73378873239828 50.5998833766357,8.73352838126548 50.5992558995553,8.73251859505845 50.5990324371106,8.73176914926717 50.5994364482361,8.73202948283697 50.6000639248554)))","1320","120","320","440","1760"
"MULTIPOLYGON (((8.7001652495962 50.6072535989771,8.70117487714982 50.6074773184073,8.70192446400266 50.6070735975585,8.70166441643362 50.6064461603252,8.70065479958284 50.6062224444083,8.69990521959838 50.6066261622114,8.7001652495962 50.6072535989771)))","1239944","5144","158544","163688","1403632"
"MULTIPOLYGON (((8.63952386461573 50.5869568327591,8.64053267758889 50.5871810481305,8.64128215419388 50.5867776275752,8.64102281092138 50.5861499946852,8.64001400861349 50.585925782835,8.63926453891292 50.5863292003536,8.63952386461573 50.5869568327591)))","829208","28908","90708","119616","948824"
"MULTIPOLYGON (((8.6937089947049 50.613799853789,8.69471866146297 50.6140236224618,8.69546833010029 50.6136199997308,8.69520832510575 50.6129926113724,8.69419866904919 50.6127688462132,8.69344900728579 50.6131724658989,8.6937089947049 50.613799853789)))","707","0","307","307","1014"
"MULTIPOLYGON (((8.65232203560904 50.5846706407535,8.65333092573617 50.5848947541908,8.65408035525583 50.5844912203357,8.653820887753 50.5838635760816,8.65281200829711 50.5836394661642,8.65206258567297 50.5840429969811,8.65232203560904 50.5846706407535)))","444222","80822","100222","181044","625266"
"MULTIPOLYGON (((8.71480924575142 50.6292978381743,8.71581931779712 50.6295214305978,8.71656911513884 50.6291177675692,8.71630883357194 50.628490515166,8.7152987722434 50.6282669262529,8.71454898176473 50.6286705862326,8.71480924575142 50.6292978381743)))","85089","23589","26189","49778","134867"
"MULTIPOLYGON (((8.70637291722381 50.5447830633586,8.70738169619604 50.5450067583641,8.70813060243329 50.5446025167083,8.7078707228464 50.5439745830895,8.70686195456111 50.5437508916003,8.70611305517587 50.5441551302136,8.70637291722381 50.5447830633586)))","52236","7236","13836","21072","73308"
"MULTIPOLYGON (((8.66861302080874 50.5996867133525,8.66962226793258 50.5999106896937,8.67037182971351 50.5995071477941,8.67011213748301 50.5988796325947,8.66910290104341 50.5986556597707,8.66835334615017 50.5990591986291,8.66861302080874 50.5996867133525)))","22245","1645","2645","4290","26535"
"MULTIPOLYGON (((8.64283831923489 50.5905433165202,8.64384721253027 50.5907675037988,8.64459672176826 50.5903640856375,8.64433733080802 50.5897364832349,8.64332844818076 50.5895122994768,8.64257894584571 50.5899157146008,8.64283831923489 50.5905433165202)))","2347","0","547","547","2894"
"MULTIPOLYGON (((8.6756925968381 50.563636544032,8.67670138434974 50.5638604781204,8.67745054705244 50.5634566094087,8.67719091536765 50.5628288096485,8.67618213853287 50.5626048790787,8.67543298270616 50.5630087447506,8.6756925968381 50.563636544032)))","23833","1533","3333","4866","28699"
"MULTIPOLYGON (((8.68491242943422 50.614698694638,8.68592203362579 50.6149225337101,8.68667172758327 50.6145189837255,8.68641181046941 50.6138915977131,8.6854022169751 50.6136677621555,8.68465252989751 50.6140713090959,8.68491242943422 50.614698694638)))","4136","2136","2736","4872","9008"
"MULTIPOLYGON (((8.62201279531536 50.5534156776836,8.62302097357652 50.5536400472267,8.62377012141569 50.553236503301,8.62351108408444 50.5526085928646,8.62250291646926 50.5523842268465,8.62175377553944 50.5527877677398,8.62201279531536 50.5534156776836)))","145368","1668","3068","4736","150104"
"MULTIPOLYGON (((8.70047169100428 50.5925048542906,8.70148110805838 50.5927285773288,8.70223053612999 50.5923247421423,8.70197054028229 50.5916971869624,8.70096113392667 50.5914734674383,8.70021171272034 50.5918772995801,8.70047169100428 50.5925048542906)))","11715","0","615","615","12330"
"MULTIPOLYGON (((8.62892377171762 50.5635066873918,8.62993215501662 50.5637309973874,8.63068139884859 50.5633274782407,8.63042225247493 50.5626996521324,8.62941387982861 50.5624753456605,8.62866464290338 50.5628788617733,8.62892377171762 50.5635066873918)))","69602","3902","10002","13904","83506"
"MULTIPOLYGON (((8.67544793976962 50.6029129192305,8.67645729226829 50.6031368392832,8.67720687654354 50.6027332706702,8.67694710143634 50.6021057850469,8.67593775962637 50.6018818685105,8.67518818223497 50.6022854340812,8.67544793976962 50.6029129192305)))","606121","10021","68421","78442","684563"
"MULTIPOLYGON (((8.68422270532373 50.6196734287993,8.68523237552362 50.6198972713642,8.68598212412441 50.6194937643561,8.68572219564406 50.6188664178276,8.68471253614259 50.6186425787771,8.68396279442313 50.6190460827407,8.68422270532373 50.6196734287993)))","100410","2410","8510","10920","111330"
"MULTIPOLYGON (((8.66549725656364 50.5921561957436,8.66650636811408 50.5923802002163,8.6672558546234 50.5919766244638,8.66699622269407 50.5913490472791,8.66598712182395 50.5911250463245,8.66523764220296 50.5915286190366,8.66549725656364 50.5921561957436)))","73472","8172","10272","18444","91916"
"MULTIPOLYGON (((8.71623227641114 50.548679728226,8.71724119610575 50.5489033423534,8.71799012644137 50.5484990564055,8.71773013023623 50.5478711593743,8.71672122123481 50.5476475487619,8.71597229774546 50.5480518316657,8.71623227641114 50.548679728226)))","41562","5562","12162","17724","59286"
"MULTIPOLYGON (((8.66805885560678 50.5761947297066,8.66906775872578 50.5764187200794,8.66981706953831 50.576015003913,8.66955747034845 50.5753873004135,8.66854857790624 50.5751633135593,8.66779927397717 50.5755670266861,8.66805885560678 50.5761947297066)))","694012","124112","318312","442424","1136436"
"MULTIPOLYGON (((8.67239697208769 50.6198995334152,8.67340654390892 50.6201234710147,8.67415631595786 50.6197200543496,8.67389650929653 50.6190927031279,8.67288694816769 50.6188687690439,8.67213718300794 50.6192721826662,8.67239697208769 50.6198995334152)))","17358","43558","85958","129516","146874"
"MULTIPOLYGON (((8.67800779647433 50.5869532637888,8.67901694042464 50.5871771697871,8.67976634894464 50.5867734607596,8.67950660663544 50.5861458487752,8.67849747337032 50.5859219462938,8.6777480717293 50.5863256522798,8.67800779647433 50.5869532637888)))","209651","32351","48951","81302","290953"
"MULTIPOLYGON (((8.63866047248002 50.5782145315245,8.63966915182452 50.5784387573717,8.6404185361962 50.578035276897,8.64015923432024 50.5774075736112,8.63915056563791 50.5771833512857,8.63840118816949 50.5775868287243,8.63866047248002 50.5782145315245)))","1429577","285477","318377","603854","2033431"
"MULTIPOLYGON (((8.64641421633805 50.5548515711244,8.6474226254028 50.5550757440705,8.64817174574995 50.5546720281151,8.64791245013892 50.5540441422493,8.64690405173321 50.5538199728256,8.6461549382796 50.5542236857453,8.64641421633805 50.5548515711244)))","758347","54147","113347","167494","925841"
"MULTIPOLYGON (((8.65062185578217 50.6093689731086,8.65163108804099 50.6095930901421,8.65238078557612 50.6091897566587,8.65212124395107 50.6085623091813,8.65111202237013 50.6083381956663,8.65036233173652 50.6087415261103,8.65062185578217 50.6093689731086)))","603622","41622","50522","92144","695766"
"MULTIPOLYGON (((8.69595798180194 50.6125889771375,8.69696765036552 50.6128127282157,8.697717301993 50.6124090794316,8.69745727818482 50.6117816826148,8.69644762032356 50.6115579350501,8.69569797556827 50.6119615807888,8.69595798180194 50.6125889771375)))","31679","879","4279","5158","36837"
"MULTIPOLYGON (((8.72012164705729 50.5757690430555,8.72113099096815 50.5759926148555,8.72188020448447 50.575588505374,8.72162006724102 50.5749608271387,8.72061073403367 50.5747372588516,8.71986152736635 50.5751413652869,8.72012164705729 50.5757690430555)))","1637","137","15137","15274","16911"
"MULTIPOLYGON (((8.7077838859899 50.6123602196423,8.70879365276041 50.6125838756538,8.70954328080938 50.6121801365267,8.70928313522365 50.6115527444351,8.70827337916148 50.6113290919358,8.70752375797683 50.611732828016,8.7077838859899 50.6123602196423)))","43613","3213","6213","9426","53039"
"MULTIPOLYGON (((8.6903714820008 50.6278725965364,8.69138132362459 50.6280963862319,8.69213114933471 50.6276928954704,8.69187112654225 50.6270656180591,8.69086129562257 50.6268418318769,8.69011147679136 50.6272453195927,8.6903714820008 50.6278725965364)))","26085","6285","12985","19270","45355"
"MULTIPOLYGON (((8.68524183344198 50.5822882017446,8.6862509721777 50.5825120514705,8.68700031782171 50.582108252807,8.68674051785677 50.5814806074599,8.68573138980854 50.5812567612505,8.68498205103783 50.5816605568718,8.68524183344198 50.5822882017446)))","64443","7143","104843","111986","176429"
"MULTIPOLYGON (((8.62885584188591 50.598834043562,8.62986473448666 50.5990583398423,8.63061435728837 50.5986550894875,8.63035508057564 50.5980275458885,8.62934619863828 50.5978032531298,8.62859658275038 50.5982065004486,8.62885584188591 50.598834043562)))","77992","3192","9792","12984","90976"
"MULTIPOLYGON (((8.71201643994292 50.571693002648,8.71302565551578 50.5719166413292,8.71377483985813 50.5715125616188,8.71351480177418 50.5708848462723,8.71250559689942 50.5706612111052,8.71175641941061 50.5710652877706,8.71201643994292 50.571693002648)))","1012","0","1412","1412","2424"
"MULTIPOLYGON (((8.62561155980618 50.5599188398471,8.62661986283264 50.5601431778864,8.62736907403197 50.5597396563376,8.62710997529671 50.5591117997827,8.62610168292007 50.5588874652676,8.625352478629 50.5592909837831,8.62561155980618 50.5599188398471)))","517","0","217","217","734"
"MULTIPOLYGON (((8.65918045445145 50.5702324232372,8.66018919518727 50.5704564873958,8.66093845780147 50.5700527925024,8.66067897279181 50.5694250364886,8.65967024272631 50.56920097585,8.65892098700029 50.5696046677052,8.65918045445145 50.5702324232372)))","493711","61911","104811","166722","660433"
"MULTIPOLYGON (((8.72312940352725 50.6117696840623,8.72413929338954 50.6119932168074,8.72488888761064 50.6115893582329,8.72462858511546 50.6109619699621,8.72361870596925 50.6107384407275,8.72286911860225 50.6111422962533,8.72312940352725 50.6117696840623)))","631764","48964","108564","157528","789292"
"MULTIPOLYGON (((8.72058913987787 50.6100678036938,8.72159898335005 50.6102913575931,8.7223485638623 50.609887505116,8.72208829404708 50.6092601017881,8.72107846128917 50.6090365513997,8.72032888763234 50.6094404008284,8.72058913987787 50.6100678036938)))","9892","0","492","492","10384"
"MULTIPOLYGON (((8.68640119760099 50.5939447211363,8.68741051464159 50.5941685567707,8.688159983229 50.5937648379483,8.68790012790103 50.5931372865345,8.68689082155211 50.5929134544156,8.68614135983956 50.593317170195,8.68640119760099 50.5939447211363)))","132029","6629","9229","15858","147887"
"MULTIPOLYGON (((8.69822337457732 50.5937162901666,8.69923278983378 50.5939400307952,8.6999822349101 50.5935362216553,8.69972225786308 50.5929086749316,8.69871285330433 50.5926849378173,8.69796341509501 50.5930887439126,8.69822337457732 50.5937162901666)))","86705","10105","21705","31810","118515"
"MULTIPOLYGON (((8.68014546227827 50.596546583857,8.68115476316242 50.5967704687402,8.68190427078434 50.5963668165594,8.68164447064274 50.5957392825378,8.68063518044783 50.5955154011707,8.67988567970539 50.5959190503091,8.68014546227827 50.596546583857)))","1429597","12797","287097","299894","1729491"
"MULTIPOLYGON (((8.65773768565843 50.5556575181976,8.65874620375038 50.5558815998271,8.65949531275652 50.5554778051153,8.6592358967846 50.5548499318113,8.6582273893578 50.5546258537029,8.65747828723789 50.5550296453775,8.65773768565843 50.5556575181976)))","107971","15071","106271","121342","229313"
"MULTIPOLYGON (((8.66458053030549 50.6187351013492,8.66559001806763 50.6189591022949,8.66633979147529 50.6185557353628,8.66608007022682 50.617928370527,8.66507059315265 50.6177043730979,8.66432082663914 50.6181077369881,8.66458053030549 50.6187351013492)))","180153","1353","6953","8306","188459"
"MULTIPOLYGON (((8.68065607286917 50.5778506144179,8.68166510814717 50.5780745028302,8.68241441436713 50.5776707048334,8.68215467843375 50.5770430214658,8.68114565383948 50.5768191365707,8.68039635449502 50.5772229315261,8.68065607286917 50.5778506144179)))","1429594","96994","318394","415388","1844982"
"MULTIPOLYGON (((8.65675823876691 50.5577207887502,8.65776677818936 50.5579448774215,8.65851591102555 50.5575411057098,8.65825649755211 50.5569132483639,8.65724796879494 50.5566891632135,8.65649884284607 50.5570929318882,8.65675823876691 50.5577207887502)))","1986","0","286","286","2272"
"MULTIPOLYGON (((8.71925907111368 50.5493505459883,8.72026802642612 50.5495741354952,8.72101695852815 50.5491698319647,8.72075692847342 50.5485419419719,8.71974798385592 50.5483183559796,8.71899905859835 50.5487226564656,8.71925907111368 50.5493505459883)))","319681","2981","8481","11462","331143"
"MULTIPOLYGON (((8.63600730807195 50.5873151573289,8.63701609593598 50.5875394008147,8.63776558257398 50.5871360093435,8.63750627444123 50.5865083774228,8.63649749724076 50.5862841374584,8.63574801750957 50.5866875258934,8.63600730807195 50.5873151573289)))","467092","3692","94092","97784","564876"
"MULTIPOLYGON (((8.72782436867577 50.6054015157865,8.72883420671533 50.6056250133807,8.72958372417026 50.6052210712525,8.72932339673602 50.6045936345793,8.72831356941304 50.6043701404955,8.72756405880783 50.6047740795747,8.72782436867577 50.6054015157865)))","14726","126","626","752","15478"
"MULTIPOLYGON (((8.63375881618073 50.5885252620685,8.63476760215028 50.5887495231326,8.63551710572397 50.5883461577093,8.63525781641967 50.5877185342581,8.63424904111288 50.5874942767156,8.63349954444774 50.5878976391028,8.63375881618073 50.5885252620685)))","1429551","15451","42851","58302","1487853"
"MULTIPOLYGON (((8.71757124617774 50.5917339622529,8.71858079879327 50.5919575480193,8.71933018802658 50.5915535788734,8.71907001779067 50.5909260270081,8.71806047588219 50.590702444754,8.71731109350269 50.591106410853,8.71757124617774 50.5917339622529)))","393065","19865","150165","170030","563095"
"MULTIPOLYGON (((8.62975197646188 50.5899143207977,8.63076074797092 50.5901386134961,8.63151027348937 50.5897352886635,8.63125102058748 50.5891076741682,8.63024225973957 50.5888833849919,8.62949274113253 50.5892867067889,8.62975197646188 50.5899143207977)))","6569","0","169","169","6738"
"MULTIPOLYGON (((8.69990678008603 50.5690086981303,8.70091585303165 50.5692324353199,8.70166503023317 50.5688284259531,8.7014051276281 50.5682006824402,8.70039606537347 50.5679769487662,8.69964689503301 50.5683809550897,8.69990678008603 50.5690086981303)))","144539","14039","25539","39578","184117"
"MULTIPOLYGON (((8.65785898363602 50.6047078308729,8.65886821081485 50.6049318916293,8.65961784552353 50.6045284684802,8.65935824615769 50.6039009876149,8.65834902965905 50.6036769303766,8.6575994018462 50.6040803504856,8.65785898363602 50.6047078308729)))","57504","3204","9204","12408","69912"
"MULTIPOLYGON (((8.71690741728266 50.5613742106556,8.71791652587758 50.5615978141956,8.71866559093009 50.5611936195218,8.71840554053948 50.560565824353,8.71739644264199 50.5603422243272,8.71664738443778 50.5607464159561,8.71690741728266 50.5613742106556)))","2516","0","316","316","2832"
"MULTIPOLYGON (((8.64604011182798 50.5450736198233,8.64704837671917 50.5452977996883,8.64779739301447 50.5448940123383,8.64753813752688 50.5442660481583,8.64652988329159 50.5440418718162,8.64578087388813 50.5444456561313,8.64604011182798 50.5450736198233)))","8553","253","653","906","9459"
"MULTIPOLYGON (((8.70859197267891 50.5789149979754,8.70960126314009 50.5791386612551,8.71035053100089 50.5787346620292,8.71009050154342 50.5781070025688,8.70908122178075 50.5778833428031,8.70833196077719 50.578287338984,8.70859197267891 50.5789149979754)))","810107","266807","318307","585114","1395221"
"MULTIPOLYGON (((8.69610009410285 50.5664541715976,8.69710909751534 50.5666779404435,8.69785825413173 50.5662739402058,8.6975984004727 50.565646174165,8.69658940774845 50.5654224088352,8.69584025799511 50.5658264060303,8.69610009410285 50.5664541715976)))","78492","13992","21192","35184","113676"
"MULTIPOLYGON (((8.65736892443045 50.6057387118752,8.65837816228951 50.6059627761497,8.65912780892986 50.6055593645066,8.65886821081485 50.6049318916293,8.65785898363602 50.6047078308729,8.65710934389207 50.6051112394758,8.65736892443045 50.6057387118752)))","53153","2553","6753","9306","62459"
"MULTIPOLYGON (((8.66177898274665 50.5964600811,8.66278812448567 50.5966841137114,8.66353766375056 50.5962805985202,8.66327805438494 50.5956530537576,8.66226892332565 50.5954290246642,8.66151939095237 50.5958325368154,8.66177898274665 50.5964600811)))","963358","27258","76958","104216","1067574"
"MULTIPOLYGON (((8.66344977481065 50.5894218358796,8.66445882926396 50.5896458579292,8.66520829006851 50.5892422767535,8.66494868953077 50.5886146765681,8.66393964575586 50.5883906580369,8.66319019184045 50.5887942361727,8.66344977481065 50.5894218358796)))","1429511","142711","318311","461022","1890533"
"MULTIPOLYGON (((8.67553702948836 50.6097706130175,8.6765464818643 50.6099945295354,8.67729613958465 50.6095910123606,8.67703633804403 50.6089635817106,8.67602689635898 50.6087396687085,8.67527724552378 50.6091431828407,8.67553702948836 50.6097706130175)))","104908","1408","5508","6916","111824"
"MULTIPOLYGON (((8.65641578874255 50.5901397863047,8.65742479306143 50.5903638646111,8.65817427400853 50.5899603416094,8.65791474374296 50.5893327433403,8.65690575009905 50.589108668553,8.65615627604585 50.5895121885157,8.65641578874255 50.5901397863047)))","1429544","10344","269644","279988","1709532"
"MULTIPOLYGON (((8.70798248280881 50.6084157064012,8.70899219425451 50.6086393624473,8.70974177961172 50.60823559186,8.7094816466599 50.6076081682732,8.70847194592145 50.6073845157395,8.7077223674277 50.6077882832802,8.70798248280881 50.6084157064012)))","504753","7853","96953","104806","609559"
"MULTIPOLYGON (((8.65387884066559 50.5884363949786,8.65488779855993 50.5886604943719,8.65563726571857 50.5882569774479,8.65537776808772 50.5876293641695,8.65436882086651 50.5874052682956,8.65361936060313 50.5878087821809,8.65387884066559 50.5884363949786)))","566202","31802","52502","84304","650506"
"MULTIPOLYGON (((8.68897715873784 50.5603128414332,8.6899860124003 50.5605366700528,8.69073511590604 50.5601326765696,8.69047535888297 50.5595048575083,8.68946651590321 50.559281032406,8.68871741926398 50.5596850228478,8.68897715873784 50.5603128414332)))","19165","13365","202665","216030","235195"
"MULTIPOLYGON (((8.65901398108182 50.6163602161125,8.66002338661845 50.6165842628004,8.66077314438107 50.6161809195417,8.66051348970983 50.6155535326361,8.65950409485755 50.6153294894655,8.65875434399228 50.6157328296832,8.65901398108182 50.6163602161125)))","143012","7012","10212","17224","160236"
"MULTIPOLYGON (((8.72135931871449 50.6296083363627,8.72236945144007 50.6298318759263,8.7231192403705 50.6294281661884,8.72285888971673 50.6288009199367,8.72184876771181 50.6285773838828,8.72109898564014 50.6289810905709,8.72135931871449 50.6296083363627)))","3187","187","287","474","3661"
"MULTIPOLYGON (((8.6809040095219 50.6160889135272,8.6819135993698 50.6163127842709,8.6826633153847 50.6159092748899,8.68240343466895 50.615281897809,8.68139385551665 50.6150580305803,8.6806441463846 50.6154615369175,8.6809040095219 50.6160889135272)))","4838","438","1438","1876","6714"
"MULTIPOLYGON (((8.62929554717165 50.5732817706903,8.63030407468248 50.573506073772,8.63105342263267 50.5731026260495,8.63079423616371 50.5724748782798,8.62978571930872 50.5722505787212,8.62903637826699 50.5726540234091,8.62929554717165 50.5732817706903)))","93832","5132","10932","16064","109896"
"MULTIPOLYGON (((8.71807191161518 50.5730347115677,8.71908119847915 50.5732583009799,8.71983038636479 50.5728541860937,8.71957028053672 50.572226484841,8.71856100437435 50.5720028989421,8.71781182333855 50.5724070107826,8.71807191161518 50.5730347115677)))","188212","63012","93612","156624","344836"
"MULTIPOLYGON (((8.69905201391696 50.5425890191003,8.7000606984609 50.542812773865,8.70080959426678 50.5424085704087,8.70054979867243 50.5417806152294,8.699541124811 50.5415568639819,8.69879223586152 50.5419610643967,8.69905201391696 50.5425890191003)))","211","0","111","111","322"
"MULTIPOLYGON (((8.64932424126192 50.5663321317015,8.65033284094102 50.5665562766492,8.65108207915725 50.5661526260218,8.65082271080065 50.5655248334835,8.64981412178563 50.5653006920571,8.64906489046325 50.5657043396478,8.64932424126192 50.5663321317015)))","244568","39868","51068","90936","335504"
"MULTIPOLYGON (((8.72217156521464 50.5785032648555,8.72318096617599 50.5787268190394,8.72393020532266 50.578322714962,8.72367003665994 50.5776950597473,8.72266064640401 50.577471509076,8.72191141410552 50.5778756101068,8.72217156521464 50.5785032648555)))","992","0","192","192","1184"
"MULTIPOLYGON (((8.66943953254057 50.56623935766,8.67044830386691 50.5664633409661,8.67119750553916 50.5660595388719,8.67093792900459 50.5654317565109,8.66992916835265 50.5652077767239,8.66917997356102 50.5656115757788,8.66943953254057 50.56623935766)))","67806","2906","6106","9012","76818"
"MULTIPOLYGON (((8.6449446311581 50.5579462491435,8.64595307220039 50.5581704326563,8.64670222828585 50.5577667512038,8.64644293643402 50.5571388892742,8.64543450605094 50.5569147092837,8.6446853568606 50.5573183877006,8.6449446311581 50.5579462491435)))","310095","1095","4495","5590","315685"
"MULTIPOLYGON (((8.67769667377752 50.6017022049298,8.6787060281087 50.6019261073936,8.67945559539826 50.6015225127301,8.67919580147461 50.6008950186452,8.67818645783295 50.6006711196975,8.67743689742553 50.6010747113186,8.67769667377752 50.6017022049298)))","528782","5382","63182","68564","597346"
"MULTIPOLYGON (((8.72237961345882 50.5568848175311,8.72338870418808 50.5571083788726,8.72413771136755 50.5567041091386,8.72387762097404 50.5560762811086,8.72286854094369 50.5558527232809,8.72211954060803 50.5562569899696,8.72237961345882 50.5568848175311)))","11347","1747","1947","3694","15041"
"MULTIPOLYGON (((8.69541160152883 50.5714325368855,8.69642067087639 50.5716563092438,8.69716988206157 50.5712523519563,8.69691001703484 50.5706246253534,8.69590095837671 50.570400856511,8.69515175405598 50.5708048107557,8.69541160152883 50.5714325368855)))","292028","13528","140328","153856","445884"
"MULTIPOLYGON (((8.67415751045277 50.5421964700331,8.67516597561443 50.5424204250972,8.67591491144366 50.5420164051894,8.6756553752386 50.541388433256,8.67464692074648 50.5411644817119,8.67389799178998 50.5415684985813,8.67415751045277 50.5421964700331)))","107876","3076","10576","13652","121528"
"MULTIPOLYGON (((8.67406734978315 50.6128633289762,8.67507683423213 50.6130872560417,8.67582652776325 50.6126837733829,8.67556672995878 50.6120563667013,8.67455725620092 50.6118324431517,8.67380756955653 50.6122359227678,8.67406734978315 50.6128633289762)))","19514","314","2214","2528","22042"
"MULTIPOLYGON (((8.70596139606991 50.5703509981493,8.70697054033664 50.5705746860896,8.70771972111762 50.5701706415523,8.70745975077468 50.569542912119,8.70645061720248 50.5693192276936,8.70570144327879 50.5697232691867,8.70596139606991 50.5703509981493)))","1371","0","471","471","1842"
"MULTIPOLYGON (((8.71560213485291 50.6135218647924,8.71661198549786 50.6137454573991,8.71736161202157 50.613341668527,8.71710138104101 50.6127142900962,8.71609154110878 50.6124907010008,8.71534192144449 50.6128944868249,8.71560213485291 50.6135218647924)))","345579","62579","69079","131658","477237"
"MULTIPOLYGON (((8.7391740953726 50.5708665169835,8.74018353174759 50.5710899374632,8.74093265853946 50.5706856480616,8.74067234212105 50.5700579412287,8.73966291645791 50.5698345242601,8.73891379650147 50.5702388106134,8.7391740953726 50.5708665169835)))","1300","0","100","100","1400"
"MULTIPOLYGON (((8.69805726971434 50.5623270036725,8.69906623037418 50.5625507584537,8.6998153392904 50.5621467122258,8.699555480686 50.5615189142593,8.69854653071418 50.5612951629942,8.69779742865887 50.5616992061795,8.69805726971434 50.5623270036725)))","6857","757","4057","4814","11671"
"MULTIPOLYGON (((8.67575953878743 50.5881643211944,8.67676868090654 50.588388244778,8.67751810640538 50.5879845617964,8.67725838290454 50.5873569582727,8.67624925146982 50.5871330382061,8.67549983285172 50.5875367181464,8.67575953878743 50.5881643211944)))","1429585","115885","318385","434270","1863855"
"MULTIPOLYGON (((8.67366634932366 50.6207508142454,8.6746759443693 50.6209747412832,8.67542572330681 50.6205713215749,8.67516590031024 50.619943977872,8.67415631595786 50.6197200543496,8.67340654390892 50.6201234710147,8.67366634932366 50.6207508142454)))","13711","18811","18911","37722","51433"
"MULTIPOLYGON (((8.64880541885619 50.5850293957822,8.6498142839011 50.5852535373396,8.65056372347476 50.5848500325689,8.65030429110571 50.5842223892785,8.6492954367303 50.5839982512413,8.64854600405456 50.5844017529743,8.64880541885619 50.5850293957822)))","1354499","103299","175099","278398","1632897"
"MULTIPOLYGON (((8.64837273112709 50.6105789038645,8.64938196151222 50.6108030384842,8.65013167600885 50.610399731055,8.64987215321719 50.6097722920453,8.64886293350914 50.6095481609443,8.64811322591578 50.6099514653343,8.64837273112709 50.6105789038645)))","720382","49482","140982","190464","910846"
"MULTIPOLYGON (((8.61756429663726 50.5803633567841,8.6185728252464 50.580587751257,8.61932226970458 50.5801844452647,8.61906317863617 50.579556747833,8.61805466067896 50.579332356884,8.61730522313835 50.5797356598428,8.61756429663726 50.5803633567841)))","139","0","239","239","378"
"MULTIPOLYGON (((8.73946618427612 50.5737815543777,8.74047566523706 50.5740049713098,8.74122482273537 50.5736007018496,8.74096449243704 50.5729730185058,8.73995502218896 50.5727496050846,8.7392058715265 50.5731538714963,8.73946618427612 50.5737815543777)))","1586","0","1186","1186","2772"
"MULTIPOLYGON (((8.71181817092135 50.5756395930286,8.71282744176526 50.5758632316921,8.71357666875413 50.5754591834289,8.71331661804476 50.5748314995475,8.71230735790004 50.5746078643978,8.71155813776562 50.5750119096159,8.71181817092135 50.5756395930286)))","932613","268913","318313","587226","1519839"
"MULTIPOLYGON (((8.65361811241529 50.5678564398612,8.65462677102675 50.5680805496862,8.65537601800236 50.5676768784457,8.65511659947526 50.5670491004176,8.65410795153055 50.5668249941134,8.65335871144631 50.5672286623165,8.65361811241529 50.5678564398612)))","1423432","128732","229732","358464","1781896"
"MULTIPOLYGON (((8.72784230519402 50.5700680031878,8.72885163297415 50.5702915151941,8.72960077156377 50.5698873046022,8.72934057553056 50.5692595850508,8.72833125845617 50.5690360765569,8.72758212670933 50.569440284102,8.72784230519402 50.5700680031878)))","232765","106565","150765","257330","490095"
"MULTIPOLYGON (((8.62439310110838 50.5835926185893,8.62540173518078 50.583816956901,8.6261512022987 50.5834136242317,8.62589202843059 50.5827859562854,8.62488340501462 50.5825616214967,8.62413394481043 50.5829649511314,8.62439310110838 50.5835926185893)))","278815","4315","15215","19530","298345"
"MULTIPOLYGON (((8.66004640983701 50.5789760005237,8.66105528420564 50.5792000541808,8.66180463901441 50.578796419184,8.66154511256534 50.5781687335689,8.66053624887017 50.5779446834311,8.6597869009507 50.5783483153892,8.66004640983701 50.5789760005237)))","274879","66579","110179","176758","451637"
"MULTIPOLYGON (((8.66656516231166 50.5969526295365,8.6675743523274 50.5971766234634,8.66832388840157 50.5967730761416,8.66806422757162 50.5961455379339,8.66705504823822 50.5959215475246,8.66630551905257 50.5963250918056,8.66656516231166 50.5969526295365)))","80403","2503","8303","10806","91209"
"MULTIPOLYGON (((8.70683342176489 50.579095305304,8.70784269974361 50.5793189826578,8.70859197267891 50.5789149979754,8.70833196077719 50.578287338984,8.70732269349617 50.5780636651445,8.70657342741929 50.5784676467822,8.70683342176489 50.579095305304)))","1429545","66545","98845","165390","1594935"
"MULTIPOLYGON (((8.70085377399386 50.6022776790877,8.7018633355372 50.6025013950309,8.70261286776489 50.6020976312185,8.70235283158242 50.6014701545084,8.70134328074076 50.6012464420788,8.70059375538 50.6016502028458,8.70085377399386 50.6022776790877)))","1212766","34566","83866","118432","1331198"
"MULTIPOLYGON (((8.65961784552353 50.6045284684802,8.66062708524246 50.6047525151682,8.66137671491437 50.6043490774729,8.66111709797283 50.60372159613,8.66010786893494 50.60349755296,8.65935824615769 50.6039009876149,8.65961784552353 50.6045284684802)))","30088","1088","1188","2276","32364"
"MULTIPOLYGON (((8.65396578429157 50.5952950827123,8.65497484198638 50.5955191786141,8.6557243825681 50.5951157131358,8.65546485855859 50.5944881547948,8.65445581153909 50.5942640624121,8.65370627785393 50.5946675248513,8.65396578429157 50.5952950827123)))","22371","6971","7771","14742","37113"
"MULTIPOLYGON (((8.6926388125718 50.6090043933759,8.69364840081026 50.6092281726396,8.69439801987955 50.6088245214876,8.69413804383678 50.6081970941167,8.69312846629778 50.6079733183671,8.69237885410221 50.6083769664743,8.6926388125718 50.6090043933759)))","13843","143","343","486","14329"
"MULTIPOLYGON (((8.7131001808963 50.5588199300661,8.71410921999739 50.5590435652737,8.71485826450296 50.558639379734,8.71459826305721 50.558011562031,8.71358923465082 50.5577879303382,8.71284019699559 50.5581921128336,8.7131001808963 50.5588199300661)))","16204","1204","2904","4108","20312"
"MULTIPOLYGON (((8.71825844178152 50.5867566097126,8.7192679283884 50.5869801919969,8.72001726301942 50.5865761799023,8.71975710419131 50.5859485885702,8.71874762829034 50.5857250097983,8.71799830051169 50.5861290188463,8.71825844178152 50.5867566097126)))","405766","54066","112766","166832","572598"
"MULTIPOLYGON (((8.66304773260199 50.5973116504875,8.66405689755488 50.5975356725499,8.66480644371073 50.5971321543183,8.66454681802282 50.5965046170647,8.66353766375056 50.5962805985202,8.66278812448567 50.5966841137114,8.66304773260199 50.5973116504875)))","438392","4492","16092","20584","458976"
"MULTIPOLYGON (((8.60742477236027 50.5735460368983,8.60843311517627 50.5737705155507,8.60918250427509 50.5733672338204,8.60892354363516 50.5727394764694,8.60791521146376 50.5725150013424,8.60716582928785 50.572918280041,8.60742477236027 50.5735460368983)))","603","103","503","606","1209"
"MULTIPOLYGON (((8.66096431662579 50.5523827081341,8.66197281524255 50.5526067651479,8.6627218834752 50.5522029214009,8.66246244620772 50.5515750236775,8.66145395825679 50.5513509701846,8.6607048969076 50.5517548108943,8.66096431662579 50.5523827081341)))","2275","575","775","1350","3625"
"MULTIPOLYGON (((8.67809711836273 50.59381251619,8.67910636214886 50.5940364186666,8.67985584407943 50.5936327610674,8.67959607534368 50.5930052040338,8.67858684224489 50.5927813050737,8.67783736719465 50.5931849596308,8.67809711836273 50.59381251619)))","1078943","7643","62243","69886","1148829"
"MULTIPOLYGON (((8.68388304994289 50.5745761677877,8.68489206567516 50.5748000315825,8.68564133106359 50.5743961845429,8.68538157384717 50.5737684767502,8.68437256879935 50.5735446164724,8.68362331028363 50.5739484604704,8.68388304994289 50.5745761677877)))","1209185","99385","217885","317270","1526455"
"MULTIPOLYGON (((8.68217347884192 50.6169401533612,8.68318309190772 50.6171640135413,8.68393281480478 50.6167605011164,8.68367291775398 50.6161331315553,8.6826633153847 50.6159092748899,8.6819135993698 50.6163127842709,8.68217347884192 50.6169401533612)))","9137","537","637","1174","10311"
"MULTIPOLYGON (((8.68924832078257 50.580896804729,8.69025747383729 50.5811206228002,8.69100679743709 50.58071678355,8.69074696111193 50.5800891292713,8.68973781874637 50.5798653147162,8.68898850201695 50.5802691509238,8.68924832078257 50.580896804729)))","211105","7905","16405","24310","235415"
"MULTIPOLYGON (((8.69038992316458 50.6102152771345,8.69139950959272 50.6104390739914,8.69214914566668 50.6100354488916,8.69188918843716 50.6094080299795,8.69087961270773 50.6091842366369,8.69012998350919 50.6095878586922,8.69038992316458 50.6102152771345)))","24506","0","106","106","24612"
"MULTIPOLYGON (((8.65828818815665 50.5791555532613,8.65929704999481 50.5793796209791,8.66004640983701 50.5789760005237,8.6597869009507 50.5783483153892,8.65877804978519 50.5781242511909,8.65802869683349 50.5785278686077,8.65828818815665 50.5791555532613)))","204129","19429","56129","75558","279687"
"MULTIPOLYGON (((8.73349677999326 50.5969694031586,8.73450654476628 50.5971928585828,8.73525596157356 50.5967888099118,8.73499560676362 50.5961613088659,8.7339858527075 50.5959378569519,8.73323644274453 50.5963419025737,8.73349677999326 50.5969694031586)))","194714","32014","110514","142528","337242"
"MULTIPOLYGON (((8.69677167951565 50.579144998258,8.69778087186904 50.5793687565321,8.69853016329046 50.5789648476099,8.69827025549349 50.5783371834573,8.69726107383256 50.5781134286985,8.69651178927625 50.5785173345772,8.69677167951565 50.579144998258)))","36843","643","4843","5486","42329"
"MULTIPOLYGON (((8.72432539457008 50.5704293145016,8.72533469742791 50.570652854661,8.72608384619502 50.5702486731541,8.72582368525924 50.5696209545343,8.72481439310545 50.5693974178878,8.72406525118351 50.5698015963483,8.72432539457008 50.5704293145016)))","183048","61448","95948","157396","340444"
"MULTIPOLYGON (((8.69626532793913 50.5978415046792,8.69727478598701 50.5980652593649,8.69802427880645 50.597661496231,8.69776430670905 50.5970339814559,8.69675485935912 50.5968102302844,8.69600537340878 50.5972139903738,8.69626532793913 50.5978415046792)))","86702","2002","8802","10804","97506"
"MULTIPOLYGON (((8.65664412397938 50.5685287447447,8.65765281831971 50.5687528299778,8.65840206715692 50.5683491411604,8.65814261476443 50.5677213701479,8.65713393109263 50.5674972884352,8.6563846891449 50.5679009742148,8.65664412397938 50.5685287447447)))","909010","67310","241710","309020","1218030"
"MULTIPOLYGON (((8.66191797600218 50.5679898482023,8.66292670792211 50.5682138912631,8.66367594166339 50.5678101588275,8.66341643659898 50.5671823863695,8.66240771535011 50.5669583468284,8.66165848849474 50.5673620762257,8.66191797600218 50.5679898482023)))","234897","13197","26297","39494","274391"
"MULTIPOLYGON (((8.66287206606247 50.5835936891925,8.66388103139289 50.5838177182589,8.6646304307155 50.5834140971498,8.66437085781947 50.5827864500138,8.66336190316539 50.5825624244662,8.66261251073113 50.5829660425359,8.66287206606247 50.5835936891925)))","1429552","18152","318352","336504","1766056"
"MULTIPOLYGON (((8.66763322080159 50.6017487620404,8.66864248929405 50.6019727454159,8.66939207493913 50.6015692265255,8.66913238520307 50.6009417273009,8.66812312739496 50.6007177474425,8.66737354863869 50.6011212632917,8.66763322080159 50.6017487620404)))","40354","1954","3054","5008","45362"
"MULTIPOLYGON (((8.63404641960036 50.5914390419072,8.63505525011932 50.5916632994789,8.63580478444542 50.5912599540317,8.63554548134377 50.5906323540491,8.63453666148864 50.5904080999988,8.63378713407142 50.5908114424098,8.63404641960036 50.5914390419072)))","470169","4669","30069","34738","504907"
"MULTIPOLYGON (((8.64623936158275 50.6009876035387,8.6472484350096 50.6012117592292,8.64799805031604 50.6008083949138,8.64773858529298 50.6001808779464,8.64672952253915 50.5999567257755,8.64597991413548 50.6003600870525,8.64623936158275 50.6009876035387)))","5289","0","189","189","5478"
"MULTIPOLYGON (((8.66881375171544 50.595741979108,8.66982294357671 50.5959659554489,8.67057246267726 50.5955623820781,8.67031278302984 50.5949348354073,8.6693036018517 50.5947108625837,8.66855408963797 50.5951144329136,8.66881375171544 50.595741979108)))","57574","1474","3274","4748","62322"
"MULTIPOLYGON (((8.65013167600885 50.610399731055,8.65114091894558 50.6106238516071,8.65189062841261 50.6102205296309,8.65163108804099 50.6095930901421,8.65062185578217 50.6093689731086,8.64987215321719 50.6097722920453,8.65013167600885 50.610399731055)))","1429557","285457","318357","603814","2033371"
"MULTIPOLYGON (((8.72040208753578 50.5963502465992,8.72141173112411 50.5965738076802,8.72216116479486 50.5961698523912,8.72190094802453 50.5955423390688,8.72089131514618 50.5953187814995,8.72014188832828 50.595722733741,8.72040208753578 50.5963502465992)))","6797","1297","20397","21694","28491"
"MULTIPOLYGON (((8.71523005327488 50.5860858135689,8.71623950422436 50.5863094204983,8.71698883708558 50.5859054259954,8.71672871214324 50.5852778276095,8.71571927189793 50.585054224193,8.71496994589095 50.5854582156496,8.71523005327488 50.5860858135689)))","51286","3686","22786","26472","77758"
"MULTIPOLYGON (((8.62295757634034 50.5690212860654,8.62396598778174 50.5692456417751,8.62471530118299 50.5688422092231,8.62445619623118 50.5682144239951,8.62344779544101 50.5679900718094,8.62269848895155 50.5683935013279,8.62295757634034 50.5690212860654)))","11307","2007","3207","5214","16521"
"MULTIPOLYGON (((8.72089131514618 50.5953187814995,8.72190094802453 50.5955423390688,8.72265036975517 50.5951383722803,8.72239015175521 50.5945108509702,8.72138052958672 50.5942872969127,8.72063111470843 50.5946912606537,8.72089131514618 50.5953187814995)))","8639","1239","18639","19878","28517"
"MULTIPOLYGON (((8.71525434730439 50.5507440287345,8.71626328838565 50.5509676498919,8.71701224256823 50.5505633869322,8.71675224882237 50.5499355058593,8.71574331843448 50.549711888217,8.7149943710992 50.5501161481326,8.71525434730439 50.5507440287345)))","22393","2993","3893","6886","29279"
"MULTIPOLYGON (((8.72919754766575 50.5954479892508,8.730207253612 50.5956714799117,8.73095666182573 50.5952674518864,8.7306963572465 50.5946399362487,8.7296866620145 50.5944164490987,8.72893726064762 50.5948204740755,8.72919754766575 50.5954479892508)))","504707","12507","89107","101614","606321"
"MULTIPOLYGON (((8.62708188963864 50.5568246576634,8.62809016071575 50.5570489851301,8.62883933618554 50.5566454290727,8.62858023367168 50.5560175485819,8.62757197324422 50.5557932246395,8.62682280468109 50.5561967776636,8.62708188963864 50.5568246576634)))","35296","896","3296","4192","39488"
"MULTIPOLYGON (((8.68935743517569 50.5700897304023,8.69036643316911 50.5703135519973,8.69111564074295 50.5699096298773,8.69085584345527 50.5692818892043,8.68984685614774 50.5690580711259,8.68909765544212 50.5694619902039,8.68935743517569 50.5700897304023)))","1429505","233305","314905","548210","1977715"
"MULTIPOLYGON (((8.71569520103889 50.6203792545309,8.7167051516572 50.6206028435392,8.71745485163246 50.6201991060832,8.71719459412886 50.6195717826674,8.71618465422545 50.61934819717,8.71543496111088 50.6197519315776,8.71569520103889 50.6203792545309)))","4482","782","1282","2064","6546"
"MULTIPOLYGON (((8.6595565576313 50.5800072981304,8.66056544267345 50.5802313553068,8.66131480940549 50.5798277318126,8.66105528420564 50.5792000541808,8.66004640983701 50.5789760005237,8.65929704999481 50.5793796209791,8.6595565576313 50.5800072981304)))","414174","38774","95874","134648","548822"
"MULTIPOLYGON (((8.70830119746315 50.5760003263776,8.70931044334904 50.5762239931887,8.71005968048993 50.5758199740113,8.7097996648882 50.5751922910677,8.70879042969981 50.5749686277709,8.70804119941576 50.5753726439035,8.70830119746315 50.5760003263776)))","388662","42762","169762","212524","601186"
"MULTIPOLYGON (((8.671038967933 50.6121914985125,8.67204841663318 50.6124154502113,8.67279810832659 50.6120119851433,8.67253834443133 50.6113845714189,8.6715289064204 50.6111606232362,8.67077922161562 50.611564085262,8.671038967933 50.6121914985125)))","23716","1916","5116","7032","30748"
"MULTIPOLYGON (((8.6939609768954 50.5568569075005,8.69496982348985 50.557080697442,8.69571888111402 50.556676640389,8.69545908528121 50.5560487964363,8.69445024937096 50.5558250100116,8.6937011986094 50.5562290640229,8.6939609768954 50.5568569075005)))","5837","3437","7537","10974","16811"
"MULTIPOLYGON (((8.66772153799851 50.6086064290833,8.66873090635204 50.6088304089356,8.66948056544283 50.6084269414881,8.66922084929014 50.6077994972299,8.66821149162311 50.6075755208944,8.6674618394224 50.6079789853003,8.66772153799851 50.6086064290833)))","21389","1189","1589","2778","24167"
"MULTIPOLYGON (((8.64788251555889 50.6116096272882,8.64889175662115 50.6118337654268,8.64964148304967 50.6114304695051,8.64938196151222 50.6108030384842,8.64837273112709 50.6105789038645,8.64762301160237 50.6109821967469,8.64788251555889 50.6116096272882)))","498628","24128","44928","69056","567684"
"MULTIPOLYGON (((8.60439981552299 50.5728725518152,8.60540812253322 50.5730970550303,8.60615750969612 50.5726937908697,8.60589858292412 50.5720660265256,8.60489028655668 50.5718415268363,8.60414090631858 50.5722447879655,8.60439981552299 50.5728725518152)))","8379","179","979","1158","9537"
"MULTIPOLYGON (((8.69214914566668 50.6100354488916,8.6931587446047 50.6102592316693,8.69390837561356 50.6098555920209,8.69364840081026 50.6092281726396,8.6926388125718 50.6090043933759,8.69188918843716 50.6094080299795,8.69214914566668 50.6100354488916)))","17765","165","365","530","18295"
"MULTIPOLYGON (((8.66814718248715 50.5830548272465,8.66915618539491 50.5832788141216,8.66990556959927 50.582875149385,8.66964594401124 50.5822475008134,8.6686369517824 50.5820235174566,8.66788757446281 50.5824271791531,8.66814718248715 50.5830548272465)))","1429502","214402","318302","532704","1962206"
"MULTIPOLYGON (((8.68043510508416 50.5994602927344,8.68144445055403 50.5996841740933,8.6821939889221 50.5992805418762,8.68193417494052 50.5986530313429,8.68092484016092 50.5984291534999,8.68017530867275 50.5988327826743,8.68043510508416 50.5994602927344)))","1429508","13108","60608","73716","1503224"
"MULTIPOLYGON (((8.70851351001088 50.5543819521259,8.70952244576199 50.5546056260302,8.71027145093832 50.5542014411709,8.71001151351122 50.5535735854507,8.70900258845113 50.5533499150618,8.70825359012725 50.5537540968777,8.70851351001088 50.5543819521259)))","823","0","223","223","1046"
"MULTIPOLYGON (((8.64871899687585 50.5781698257219,8.64972776215814 50.5783939707535,8.65047712832827 50.5779904145388,8.65021772231962 50.5773627163298,8.6492089677047 50.5771385748188,8.64845960843117 50.5775421279962,8.64871899687585 50.5781698257219)))","37175","2575","12975","15550","52725"
"MULTIPOLYGON (((8.69002780723939 50.5827797351541,8.69103699417478 50.5830035461872,8.69178633657423 50.5825997153946,8.69152648516808 50.5819720766117,8.69051730892285 50.5817482690945,8.68976797339366 50.5821520968443,8.69002780723939 50.5827797351541)))","356441","16141","30541","46682","403123"
"MULTIPOLYGON (((8.69160503910369 50.5688779555855,8.6926140389069 50.5691017595976,8.69336322949663 50.5686978114379,8.6931034134168 50.5680700623083,8.69209442430025 50.5678462618127,8.691345240577 50.5682502069303,8.69160503910369 50.5688779555855)))","46412","4912","12812","17724","64136"
"MULTIPOLYGON (((8.68023500733677 50.6034049639793,8.68124440808763 50.6036288453282,8.68199398913942 50.6032252445791,8.6817341625597 50.6025977655241,8.6807247725002 50.602373887691,8.67997519832921 50.6027774853972,8.68023500733677 50.6034049639793)))","4410","210","710","920","5330"
"MULTIPOLYGON (((8.71571927189793 50.585054224193,8.71672871214324 50.5852778276095,8.7174780330688 50.584873821608,8.71721790689546 50.5842462152364,8.71620847735421 50.5840226153328,8.71545916328238 50.584426618288,8.71571927189793 50.585054224193)))","19108","2408","8608","11016","30124"
"MULTIPOLYGON (((8.70077800356277 50.5777530687589,8.70178721020508 50.5779767953749,8.70253647956266 50.5775728458677,8.70227653541585 50.5769451727884,8.70126733946767 50.5767214496874,8.70051807697228 50.5771253961508,8.70077800356277 50.5777530687589)))","196760","10660","23060","33720","230480"
"MULTIPOLYGON (((8.71024463714187 50.5895410639902,8.71125409524029 50.5897647096152,8.71200347406936 50.5893607787004,8.71174338794188 50.5887332052064,8.71073394054608 50.5885095630946,8.70998456857524 50.5889134909636,8.71024463714187 50.5895410639902)))","1131062","48762","237662","286424","1417486"
"MULTIPOLYGON (((8.62652269032285 50.5931859697158,8.62753148124871 50.5934102870363,8.62828104754064 50.5930070112668,8.62802181599257 50.5923794212122,8.62701303572717 50.5921551074138,8.62626347634947 50.592558380148,8.62652269032285 50.5931859697158)))","6169","0","269","269","6438"
"MULTIPOLYGON (((8.6800559348428 50.5896875547919,8.68106513587999 50.5899114432024,8.68181457008638 50.5895077395931,8.68155479637755 50.5888801506155,8.68054560602747 50.5886562657215,8.67979617869925 50.5890599662888,8.6800559348428 50.5896875547919)))","444366","92266","318366","410632","854998"
"MULTIPOLYGON (((8.69843884524383 50.5721038293389,8.69944795026285 50.5723275770752,8.70019716324694 50.5719236022029,8.69993726434951 50.5712958826377,8.69892817002165 50.571072138417,8.69817896390019 50.571476110246,8.69843884524383 50.5721038293389)))","41030","1730","4030","5760","46790"
"MULTIPOLYGON (((8.6986965205701 50.610346945729,8.69970618023264 50.6105706756992,8.7004558029074 50.6101669893592,8.70019575904977 50.6095395760947,8.69918611009028 50.6093158496378,8.69843649428548 50.6097195329322,8.6986965205701 50.610346945729)))","1429582","285482","318382","603864","2033446"
"MULTIPOLYGON (((8.72175508320536 50.6217206652368,8.72276510520339 50.6219442049057,8.72351480871579 50.6215404322483,8.72325448337328 50.6209131229713,8.72224447209368 50.6206895868125,8.72149477543826 50.6210933564207,8.72175508320536 50.6217206652368)))","3542","0","1642","1642","5184"
"MULTIPOLYGON (((8.67840812208132 50.5790619387387,8.67941715553255 50.5792858447344,8.68016647872969 50.5788820727807,8.6799067615985 50.5782543978725,8.67889773883023 50.5780304953942,8.67814842251029 50.5784342643067,8.67840812208132 50.5790619387387)))","1172235","35435","118635","154070","1326305"
"MULTIPOLYGON (((8.70770566969832 50.5878385874763,8.70871508142388 50.5880622542293,8.7094644465358 50.5876583294059,8.7092043930627 50.5870307408749,8.70819499203791 50.5868070776355,8.70744563378555 50.5872109994135,8.70770566969832 50.5878385874763)))","41728","3428","6728","10156","51884"
"MULTIPOLYGON (((8.68718074105357 50.5958273429584,8.68819009198738 50.5960511715506,8.68893957938277 50.5956474611871,8.68867970896974 50.5950199252747,8.68767036872854 50.5947961001979,8.68692088820787 50.5951998075181,8.68718074105357 50.5958273429584)))","456366","25766","58766","84532","540898"
"MULTIPOLYGON (((8.72703428190215 50.6211798803407,8.72804434134355 50.6214033777343,8.72879402957156 50.6209995614207,8.72853365150499 50.6203722507636,8.72752360278461 50.6201487568796,8.72677392140992 50.6205525701432,8.72703428190215 50.6211798803407)))","4461","0","161","161","4622"
"MULTIPOLYGON (((8.70938566760861 50.5631281958896,8.71039473701488 50.5633518592259,8.71114383430126 50.5629477342101,8.71088385532787 50.562319948902,8.70987479661569 50.5620962890806,8.70912570618292 50.5625004110524,8.70938566760861 50.5631281958896)))","54835","3935","13535","17470","72305"
"MULTIPOLYGON (((8.6658601407035 50.5420644522013,8.66686853266486 50.5422884740067,8.6676174817681 50.5418845152768,8.6673580320319 50.5412565377788,8.66634965073574 50.5410325194943,8.66560070851071 50.541436475187,8.6658601407035 50.5420644522013)))","193358","3958","27558","31516","224874"
"MULTIPOLYGON (((8.69138747288825 50.5904909774103,8.69239678286318 50.5907147743526,8.69314620553054 50.5903109919346,8.69288631135225 50.5896834156179,8.69187701207048 50.5894596221909,8.69112759627401 50.5898634015654,8.69138747288825 50.5904909774103)))","159594","994","8894","9888","169482"
"MULTIPOLYGON (((8.66289744153036 50.5659268259725,8.66390615210819 50.5661508619937,8.66465536201052 50.5657471065564,8.66439585445028 50.5651193181363,8.66338715454338 50.5648952856348,8.6626379515259 50.5652990380338,8.66289744153036 50.5659268259725)))","94050","2650","4550","7200","101250"
"MULTIPOLYGON (((8.70380565916061 50.5784242239775,8.70481490147299 50.5786479259636,8.7055641726217 50.5782439588691,8.70530419459782 50.5776162928329,8.70429496298134 50.5773925943614,8.70354569869296 50.5777965584116,8.70380565916061 50.5784242239775)))","580283","110483","150683","261166","841449"
"MULTIPOLYGON (((8.68148354751473 50.6219146761247,8.68249322658876 50.6221385397986,8.68324300413238 50.6217350703524,8.68298309571852 50.6211077402767,8.68197342734217 50.6208838801173,8.68122365668216 50.6212873465193,8.68148354751473 50.6219146761247)))","19093","1093","5593","6686","25779"
"MULTIPOLYGON (((8.69298239246588 50.5589206440467,8.693991260429 50.5591444410221,8.69474034189745 50.5587404069633,8.69448054853927 50.5581125789708,8.69347169126052 50.5578887855122,8.6927226166557 50.5582928165294,8.69298239246588 50.5589206440467)))","10734","2834","8334","11168","21902"
"MULTIPOLYGON (((8.69356250090963 50.5647510636128,8.69457145796653 50.5649748535589,8.69532060085614 50.5645708594062,8.69506077982462 50.5639430783497,8.69405183345419 50.5637192919201,8.69330269742894 50.5641232830307,8.69356250090963 50.5647510636128)))","62013","7613","16513","24126","86139"
"MULTIPOLYGON (((8.69229376354992 50.5638994825357,8.69330269742894 50.5641232830307,8.69405183345419 50.5637192919201,8.69379202873546 50.5630915033566,8.69278310554198 50.5628677063784,8.69203397638179 50.563271694447,8.69229376354992 50.5638994825357)))","31107","6807","12407","19214","50321"
"MULTIPOLYGON (((8.72120400594642 50.5628963557001,8.72221317333465 50.5631199240516,8.72296224699893 50.5627157087465,8.72270214642935 50.5620879281354,8.72169298974122 50.5618643632974,8.72094392292273 50.562268575557,8.72120400594642 50.5628963557001)))","1738","0","138","138","1876"
"MULTIPOLYGON (((8.68324300413238 50.6217350703524,8.6842526957293 50.621958919946,8.68500246821368 50.6215554359494,8.68474254221888 50.6209281054037,8.68373286132048 50.6207042593245,8.68298309571852 50.6211077402767,8.68324300413238 50.6217350703524)))","166002","4002","10302","14304","180306"
"MULTIPOLYGON (((8.70554957479489 50.5959098267277,8.70655908462067 50.596133507511,8.70730854014663 50.5957296601433,8.70704847898438 50.595102135038,8.70603897986078 50.5948784577681,8.70528953119737 50.5952823020902,8.70554957479489 50.5959098267277)))","212793","48493","318393","366886","579679"
"MULTIPOLYGON (((8.67244292378844 50.5845783590819,8.67345198562036 50.5848023107971,8.67420137854751 50.5843986254367,8.67394170276062 50.5837709914017,8.67293265161025 50.5835470432041,8.67218326556534 50.5839507255238,8.67244292378844 50.5845783590819)))","1429533","285433","318333","603766","2033299"
"MULTIPOLYGON (((8.68308357366775 50.5903591953998,8.68409281041748 50.5905830591861,8.68484224644687 50.5901793379901,8.6845824388503 50.5895517560502,8.6835732127894 50.5893278957801,8.68282378363634 50.5897316139337,8.68308357366775 50.5903591953998)))","402465","30965","80165","111130","513595"
"MULTIPOLYGON (((8.63330143263627 50.5718922307951,8.63430997460185 50.572116502252,8.63505930061856 50.5717130139471,8.63480007776424 50.5710852572203,8.63379154645614 50.5708609892861,8.63304222734498 50.571264474556,8.63330143263627 50.5718922307951)))","195","195","695","890","1085"
"MULTIPOLYGON (((8.72589581665103 50.5565233721347,8.72690493229682 50.5567469053326,8.72765392930601 50.5563426065188,8.72739380382811 50.5557147775529,8.72638469888292 50.5554912478684,8.72563570871516 50.5558955436365,8.72589581665103 50.5565233721347)))","17081","5081","5581","10662","27743"
"MULTIPOLYGON (((8.66498252600532 50.610847615907,8.66599190319672 50.6110716168652,8.66674159120108 50.6106681869769,8.66648189512181 50.6100407591719,8.66547252861613 50.6098167617307,8.66472284750412 50.6102201885776,8.66498252600532 50.610847615907)))","28794","1294","2294","3588","32382"
"MULTIPOLYGON (((8.72882019855947 50.5680041304473,8.72982950492818 50.5682276354288,8.730578619653 50.5678234018459,8.73031842116747 50.5671956663285,8.72930912550436 50.5669721648595,8.7285600176213 50.5673763953956,8.72882019855947 50.5680041304473)))","695","195","595","790","1485"
"MULTIPOLYGON (((8.68497185119126 50.5617048448721,8.6859806905425 50.5619287051348,8.68672981607897 50.5615247522281,8.6864700953949 50.5608969420996,8.68546126672471 50.5606730853545,8.68471214805768 50.5610770352204,8.68497185119126 50.5617048448721)))","2522","722","3822","4544","7066"
"MULTIPOLYGON (((8.72048477664252 50.6208698061712,8.72149477543826 50.6210933564207,8.72224447209368 50.6206895868125,8.72198416309588 50.6200622700041,8.72097417501768 50.6198387232649,8.72022448521985 50.620242489824,8.72048477664252 50.6208698061712)))","6945","145","2945","3090","10035"
"MULTIPOLYGON (((8.71836309701622 50.5759495521173,8.71937242845719 50.5761731379937,8.72012164705729 50.5757690430555,8.71986152736635 50.5751413652869,8.71885220662807 50.5749177829237,8.71810299487816 50.5753218748159,8.71836309701622 50.5759495521173)))","1086","286","486","772","1858"
"MULTIPOLYGON (((8.67008262197722 50.5965934941331,8.67109183704854 50.5968174599226,8.67184136303525 50.5964138835106,8.67158166706457 50.5957863443503,8.67057246267726 50.5955623820781,8.66982294357671 50.5959659554489,8.67008262197722 50.5965934941331)))","1429564","147964","318364","466328","1895892"
"MULTIPOLYGON (((8.7310512188835 50.6021268418806,8.73206103724207 50.6023503148561,8.7328105137671 50.6019463236798,8.73255016508678 50.6013188625774,8.73154035744547 50.6010953931121,8.73079088776737 50.6014993812392,8.7310512188835 50.6021268418806)))","16491","291","1091","1382","17873"
"MULTIPOLYGON (((8.62082925326547 50.5594248893914,8.62183750796618 50.5596492660405,8.62258672225659 50.5592457765974,8.6223276749351 50.5586179135378,8.62131943088161 50.5583935404134,8.62057022350248 50.558797026824,8.62082925326547 50.5594248893914)))","92708","3308","14308","17616","110324"
"MULTIPOLYGON (((8.71924793918664 50.5670241305354,8.72025714937604 50.5672477129413,8.72100627075839 50.5668435436187,8.72074617510358 50.5662157949359,8.71973697561459 50.5659922160436,8.71898786108011 50.5663963823206,8.71924793918664 50.5670241305354)))","1803","0","1903","1903","3706"
"MULTIPOLYGON (((8.64234817710964 50.5915743140729,8.64335708107317 50.5917985048722,8.64410660223518 50.5913950982164,8.64384721253027 50.5907675037988,8.64283831923489 50.5905433165202,8.64208880497637 50.5909467201386,8.64234817710964 50.5915743140729)))","955","155","255","410","1365"
"MULTIPOLYGON (((8.68183516278111 50.5718414261647,8.68284412145283 50.5720653075388,8.68359336117028 50.5716614550823,8.68333363534263 50.5710337242928,8.68232468735346 50.570809846436,8.68157545450951 50.5712136958514,8.68183516278111 50.5718414261647)))","261014","43114","110414","153528","414542"
"MULTIPOLYGON (((8.70945083261855 50.6053220759414,8.71046051194269 50.6055457214503,8.71121006147478 50.6051419163573,8.71094992482099 50.6045144688021,8.70994025620391 50.6042908268057,8.70919071353366 50.604694628852,8.70945083261855 50.6053220759414)))","335153","12953","141753","154706","489859"
"MULTIPOLYGON (((8.6836832144036 50.5785222550387,8.68469228538118 50.5787461188344,8.6854415934226 50.5783423032538,8.68518182361292 50.5777146269193,8.68417276332086 50.5774907666404,8.68342346215307 50.5778945791793,8.6836832144036 50.5785222550387)))","75103","5403","6903","12306","87409"
"MULTIPOLYGON (((8.70057909477722 50.5816991873768,8.70158835668809 50.5819229139799,8.70233766870075 50.581518995926,8.70207771193959 50.5808913543133,8.70106846072394 50.5806676312251,8.70031915557437 50.5810715462348,8.70057909477722 50.5816991873768)))","1429540","7940","41140","49080","1478620"
"MULTIPOLYGON (((8.64854620391805 50.5644487400642,8.64955476973425 50.5646728920229,8.65030398914043 50.5642692329303,8.65004463583654 50.5636414249157,8.64903608068345 50.5634172764786,8.64828686817129 50.5638209325347,8.64854620391805 50.5644487400642)))","860014","36114","63814","99928","959942"
"MULTIPOLYGON (((8.70391252784919 50.5676163457751,8.70492161507174 50.5678400513108,8.70567077020994 50.5674360013641,8.70541083126754 50.5668082489253,8.70440175473761 50.5665845469048,8.70365260645756 50.5669885938079,8.70391252784919 50.5676163457751)))","8985","985","1385","2370","11355"
"MULTIPOLYGON (((8.68591156047554 50.5949759683681,8.68692088820787 50.5951998075181,8.68767036872854 50.5947961001979,8.68741051464159 50.5941685567707,8.68640119760099 50.5939447211363,8.68565172395569 50.5943484254134,8.68591156047554 50.5949759683681)))","94186","8186","15886","24072","118258"
"MULTIPOLYGON (((8.61932226970458 50.5801844452647,8.62033081088489 50.5804088256878,8.62108025034391 50.5800055051555,8.62082114170634 50.5793778072339,8.61981261117878 50.5791534303344,8.61906317863617 50.579556747833,8.61932226970458 50.5801844452647)))","304316","25216","96316","121532","425848"
"MULTIPOLYGON (((8.72714678093409 50.5927143892271,8.72815642980523 50.5929378975238,8.72890581238418 50.5925338640967,8.72864553924443 50.5919063254212,8.72763590108561 50.5916828206358,8.72688652535436 50.5920868510147,8.72714678093409 50.5927143892271)))","219376","62276","79176","141452","360828"
"MULTIPOLYGON (((8.68049790579331 50.5464558848246,8.68150648681485 50.5466797872109,8.68225545699787 50.5462757521084,8.68199583929003 50.545647817659,8.68098726894257 50.5454239187917,8.68023830562898 50.5458279508549,8.68049790579331 50.5464558848246)))","3908","0","308","308","4216"
"MULTIPOLYGON (((8.69474034189745 50.5587404069633,8.69574922234951 50.5589641898746,8.69649829875812 50.5585601412767,8.69623848785232 50.5579323128094,8.69522961808545 50.5577085334148,8.69448054853927 50.5581125789708,8.69474034189745 50.5587404069633)))","81170","10070","35770","45840","127010"
"MULTIPOLYGON (((8.65958276913839 50.5623397146557,8.66059139946855 50.5625637787666,8.66134057679682 50.5621600209431,8.66108111690869 50.5615322020465,8.66007249724664 50.5613081414559,8.65932332680472 50.5617118962417,8.65958276913839 50.5623397146557)))","373125","92625","94225","186850","559975"
"MULTIPOLYGON (((8.65116871929044 50.5730133763496,8.65217743123654 50.573237503778,8.65292673780615 50.5728338900483,8.65266732553581 50.5722061519276,8.65165862425676 50.5719820280199,8.65090932458114 50.5723856387123,8.65116871929044 50.5730133763496)))","414131","47331","308131","355462","769593"
"MULTIPOLYGON (((8.72568885281042 50.5781421364463,8.7266982787041 50.5783656624735,8.72744750767459 50.5779615293081,8.72718730390569 50.5773338731627,8.72617788871912 50.5771103506478,8.72542866659442 50.5775144807661,8.72568885281042 50.5781421364463)))","284888","20988","318388","339376","624264"
"MULTIPOLYGON (((8.64476879961452 50.6040801198654,8.64577790506089 50.6043042861146,8.64652755615273 50.6039009563194,8.64626809489401 50.6032734633136,8.64525900012088 50.603049300584,8.64450935593337 50.6034526273407,8.64476879961452 50.6040801198654)))","8316","216","316","532","8848"
"MULTIPOLYGON (((8.67767502613467 50.6193610103376,8.67868463554398 50.6195849057044,8.67943439243475 50.6191814453902,8.67917453303071 50.6185540927527,8.67816493431634 50.618330200901,8.67741518431118 50.6187336581716,8.67767502613467 50.6193610103376)))","8907","1307","1607","2914","11821"
"MULTIPOLYGON (((8.67451315600523 50.5696462801411,8.6755220200922 50.5698702212787,8.67627124928014 50.5694664070256,8.67601160750331 50.568838654675,8.67500275409443 50.5686147170558,8.67425353178441 50.5690185282688,8.67451315600523 50.5696462801411)))","315951","24651","89051","113702","429653"
"MULTIPOLYGON (((8.61408607682628 50.5630558510715,8.61509432576925 50.5632802804266,8.61584359077401 50.5628768691045,8.61558459991943 50.5622490314594,8.61457636162129 50.5620246056296,8.61382710353299 50.5624280139197,8.61408607682628 50.5630558510715)))","4508","408","608","1016","5524"
"MULTIPOLYGON (((8.66838827227341 50.6212891204957,8.66939782971756 50.6215130897642,8.67014762380369 50.6211097137053,8.66988785355363 50.6204823714204,8.66887830680018 50.6202584056679,8.66812851960621 50.6206617786843,8.66838827227341 50.6212891204957)))","9094","0","794","794","9888"
"MULTIPOLYGON (((8.74141592306898 50.5873233005413,8.74242561629984 50.5875466962018,8.74317491542618 50.5871425149585,8.74291451448456 50.5865149411044,8.74190483197173 50.5862915489539,8.74115553968261 50.5866957271476,8.74141592306898 50.5873233005413)))","2296","0","396","396","2692"
"MULTIPOLYGON (((8.67413498736776 50.5598696709338,8.67514370715823 50.5600936190667,8.6758928322693 50.5596897334362,8.67563323071382 50.5590619027123,8.67462452159827 50.5588379580984,8.67387540336342 50.5592418406894,8.67413498736776 50.5598696709338)))","6644","1144","3744","4888","11532"
"MULTIPOLYGON (((8.67862964955528 50.557446262121,8.67963837300667 50.557670175098,8.68038746418916 50.5572662373936,8.68012782504758 50.5566383897521,8.67911911227268 50.5564144802936,8.67837002796298 50.5568184149582,8.67862964955528 50.557446262121)))","423","123","723","846","1269"
"MULTIPOLYGON (((8.65846293925641 50.5928741947637,8.6594720006766 50.5930982554988,8.66022150733692 50.5926947379227,8.6599619456841 50.592067162651,8.65895289494082 50.5918431054347,8.65820339517356 50.5922466199714,8.65846293925641 50.5928741947637)))","900231","15631","318331","333962","1234193"
"MULTIPOLYGON (((8.64474268733401 50.5618927759307,8.6457511835534 50.5621169594811,8.6465003822755 50.5617133094973,8.64624107788234 50.5610854789989,8.64523259232331 50.5608612989706,8.64448340049721 50.5612649459186,8.64474268733401 50.5618927759307)))","118321","4821","15721","20542","138863"
"MULTIPOLYGON (((8.71717518786291 50.5996248455137,8.71818485110193 50.5998484312132,8.71893432568089 50.5994445249714,8.7186741301653 50.5988170360774,8.71766447763555 50.5985934538899,8.71691500991223 50.5989973570844,8.71717518786291 50.5996248455137)))","13584","884","1284","2168","15752"
"MULTIPOLYGON (((8.69940133224988 50.5877080137427,8.7004106708282 50.58793174736,8.70116004936712 50.5875278837611,8.70090008246281 50.5869002895895,8.69989075458099 50.5866765594868,8.69914138290709 50.5870804200413,8.69940133224988 50.5877080137427)))","364080","18480","49080","67560","431640"
"MULTIPOLYGON (((8.72000631682166 50.6042406889571,8.72101607105419 50.6044642499622,8.72176559008127 50.6040603575779,8.72150534802126 50.6034329072367,8.72049560450089 50.603209349743,8.71974609232848 50.6036132390793,8.72000631682166 50.6042406889571)))","4752","352","1252","1604","6356"
"MULTIPOLYGON (((8.6833036969999 50.5687466285329,8.68431262362419 50.5689704993549,8.68506182756859 50.5685666123997,8.68480209801685 50.5679388576638,8.68379318207491 50.5677149903592,8.68304398500247 50.5681188742732,8.6833036969999 50.5687466285329)))","8142","1142","1942","3084","11226"
"MULTIPOLYGON (((8.66100022243538 50.5945774327519,8.66200933028169 50.5948014723933,8.66275885072618 50.5943979487376,8.66249925643278 50.5937703884805,8.66149015926518 50.5935463523574,8.66074064571243 50.5939498729732,8.66100022243538 50.5945774327519)))","1429513","56413","219213","275626","1705139"
"MULTIPOLYGON (((8.69582696158228 50.5458657426781,8.69683566569255 50.5460895220552,8.6975846023139 50.5456853676204,8.69732482796589 50.5450574368499,8.69631613453744 50.5448336609902,8.69556720477527 50.5452378123837,8.69582696158228 50.5458657426781)))","1569","0","169","169","1738"
"MULTIPOLYGON (((8.63056325989222 50.5741338135601,8.63157181061682 50.5743581061138,8.63232116547482 50.5739546553565,8.63206196270055 50.5733269150804,8.63105342263267 50.5731026260495,8.63030407468248 50.573506073772,8.63056325989222 50.5741338135601)))","76384","5884","7684","13568","89952"
"MULTIPOLYGON (((8.68275313375896 50.6227658618827,8.68376283605449 50.6229897149906,8.68451262048107 50.6225862425,8.6842526957293 50.621958919946,8.68324300413238 50.6217350703524,8.68249322658876 50.6221385397986,8.68275313375896 50.6227658618827)))","18890","2190","3290","5480","24370"
"MULTIPOLYGON (((8.67348852854449 50.6070369271834,8.67449792379878 50.6072608613011,8.6752475558128 50.6068573387064,8.6749877856867 50.6062298850363,8.67397840112139 50.6060059544349,8.67322877599331 50.6064094739873,8.67348852854449 50.6070369271834)))","336949","6149","18249","24398","361347"
"MULTIPOLYGON (((8.68873996372796 50.5995924470835,8.6897493824538 50.5998162615878,8.6904989074671 50.5994125681421,8.69023900688022 50.5987850632359,8.68922959884895 50.5985612522466,8.68848008071009 50.5989649426486,8.68873996372796 50.5995924470835)))","1399483","15483","70383","85866","1485349"
"MULTIPOLYGON (((8.6770958388759 50.6135350855374,8.67810535906992 50.6137589879671,8.67885505443423 50.6133554877167,8.67859522271983 50.6127280880799,8.67758571321866 50.6125041891657,8.6768360247392 50.6129076863729,8.6770958388759 50.6135350855374)))","7632","532","2932","3464","11096"
"MULTIPOLYGON (((8.68373286132048 50.6207042593245,8.68474254221888 50.6209281054037,8.68549230276131 50.6205246099013,8.68523237552362 50.6198972713642,8.68422270532373 50.6196734287993,8.68347295166314 50.6200769212572,8.68373286132048 50.6207042593245)))","108239","2339","8639","10978","119217"
"MULTIPOLYGON (((8.72188020448447 50.575588505374,8.72288956086348 50.5758120630973,8.72363876929455 50.5754079390725,8.72337861449895 50.5747802603708,8.72236926882429 50.5745567061603,8.72162006724102 50.5749608271387,8.72188020448447 50.575588505374)))","355","0","1655","1655","2010"
"MULTIPOLYGON (((8.71894554202184 50.581778891542,8.71995496262835 50.5820024703418,8.72070424266481 50.5815984153011,8.72044409524392 50.580970784507,8.71943468534217 50.5807472092198,8.71868541215665 50.5811512612142,8.71894554202184 50.581778891542)))","1085","0","185","185","1270"
"MULTIPOLYGON (((8.66145395825679 50.5513509701846,8.66246244620772 50.5515750236775,8.66321150252625 50.5511711684315,8.66295206401103 50.5505432627298,8.66194358672585 50.5503192127577,8.66119453729024 50.5507230649665,8.66145395825679 50.5513509701846)))","1014","0","114","114","1128"
"MULTIPOLYGON (((8.71611540895521 50.5771617672614,8.7171247386263 50.577385370727,8.7178739742415 50.5769813018295,8.71761387333383 50.5763536325122,8.71660455436461 50.5761300325599,8.71585532560132 50.5765340984117,8.71611540895521 50.5771617672614)))","16479","5079","9679","14758","31237"
"MULTIPOLYGON (((8.7292061699119 50.5777808935469,8.7302156207307 50.5780043914156,8.73096483951914 50.5776002291622,8.73070460064549 50.5769725720876,8.72969516053548 50.5767490777308,8.72894594859046 50.5771532369367,8.7292061699119 50.5777808935469)))","3599","6699","10199","16898","20497"
"MULTIPOLYGON (((8.7053362224498 50.6175155657692,8.70634604276302 50.6177392393416,8.70709573053232 50.6173355577298,8.70683559112153 50.6167082055927,8.70582578151697 50.6164845355325,8.70507610061467 50.6168882140973,8.7053362224498 50.6175155657692)))","5189","489","1489","1978","7167"
"MULTIPOLYGON (((8.63257561484763 50.5945317506826,8.63358447735844 50.5947560188186,8.63433404745335 50.5943527078912,8.63407474812711 50.593725131864,8.63306589628034 50.5935008672494,8.63231633309589 50.5939041751406,8.63257561484763 50.5945317506826)))","1157854","11654","81454","93108","1250962"
"MULTIPOLYGON (((8.65546308344074 50.5745375599982,8.65647185432692 50.5747616522951,8.65722116965355 50.5743580179496,8.65696170720271 50.5737302943454,8.65595294698631 50.5735062055687,8.65520363855111 50.5739098368762,8.65546308344074 50.5745375599982)))","108547","26247","42347","68594","177141"
"MULTIPOLYGON (((8.63972616984091 50.5830117528181,8.64073492760305 50.5832359681617,8.64148436154025 50.5828325161279,8.64122503081194 50.5822048517871,8.64021628371396 50.5819806399648,8.63946685668024 50.5823840889621,8.63972616984091 50.5830117528181)))","7182","482","1382","1864","9046"
"MULTIPOLYGON (((8.70212337048313 50.6031288637524,8.70313295522575 50.6033525691293,8.70388249431971 50.6029488022713,8.7036224418049 50.602321333082,8.70261286776489 50.6020976312185,8.7018633355372 50.6025013950309,8.70212337048313 50.6031288637524)))","1429540","30540","59040","89580","1519120"
"MULTIPOLYGON (((8.69323702519658 50.5971701913454,8.69424644754351 50.5973939706691,8.69499593855946 50.596990225126,8.69473600035762 50.5963627033033,8.69372658870689 50.5961389274943,8.6929771045619 50.5965426699933,8.69323702519658 50.5971701913454)))","44124","1724","3824","5548","49672"
"MULTIPOLYGON (((8.7202368834459 50.5472861464983,8.72124581736846 50.5475097289759,8.72199472562296 50.5471054024583,8.72173469311167 50.5464774965075,8.720725769884 50.5462539175445,8.71997686847283 50.5466582410176,8.7202368834459 50.5472861464983)))","1001762","16062","29062","45124","1046886"
"MULTIPOLYGON (((8.6752475558128 50.6068573387064,8.67625696359259 50.6070812587506,8.67700659055629 50.6066777216086,8.67674680285556 50.606050267465,8.67573740576563 50.6058263509369,8.6749877856867 50.6062298850363,8.6752475558128 50.6068573387064)))","589349","2549","6449","8998","598347"
"MULTIPOLYGON (((8.6769173598037 50.5998197085949,8.67792668023639 50.6000436180987,8.67867622871028 50.5996400149738,8.67841644986934 50.5990125053874,8.67740714012522 50.5987885993999,8.6766575985336 50.5991921994826,8.6769173598037 50.5998197085949)))","1429528","2828","20328","23156","1452684"
"MULTIPOLYGON (((8.67918725094147 50.5809449310521,8.68019631827115 50.5811688300158,8.68094566027206 50.5807650665218,8.68068592806634 50.5801374071055,8.67967687142062 50.5799135116589,8.67892753629677 50.5803172721115,8.67918725094147 50.5809449310521)))","1429555","285455","318355","603810","2033365"
"MULTIPOLYGON (((8.65863775915344 50.6065902410388,8.65964702023468 50.6068142947626,8.66039667377066 50.6064108800792,8.66013705932987 50.6057834147125,8.65912780892986 50.6055593645066,8.65837816228951 50.6059627761497,8.65863775915344 50.6065902410388)))","147403","5703","13303","19006","166409"
"MULTIPOLYGON (((8.62116394896259 50.5868644136037,8.62217260243468 50.587088776537,8.62292211031114 50.5866854929283,8.62266295779911 50.5860578494209,8.62165431498274 50.5858334900107,8.62090481402281 50.5862367705849,8.62116394896259 50.5868644136037)))","416658","2258","13758","16016","432674"
"MULTIPOLYGON (((8.69900328320456 50.5955988979204,8.70001273235455 50.5958226315011,8.7007621962331 50.5954188308176,8.70050220409495 50.5947912995985,8.69949276564367 50.594567569532,8.69874330863198 50.5949713671707,8.69900328320456 50.5955988979204)))","19069","0","569","569","19638"
"MULTIPOLYGON (((8.69840604261921 50.6074335717668,8.69941565767186 50.6076573052775,8.7001652495962 50.6072535989771,8.69990521959838 50.6066261622114,8.69889561524769 50.6064024322142,8.69814603019295 50.6068061354692,8.69840604261921 50.6074335717668)))","491090","8890","67290","76180","567270"
"MULTIPOLYGON (((8.64990063583839 50.5721615007484,8.65090932458114 50.5723856387123,8.65165862425676 50.5719820280199,8.65139922829513 50.5713542824007,8.6503905502185 50.5711301479576,8.64964125743753 50.5715337556129,8.64990063583839 50.5721615007484)))","163670","15670","39870","55540","219210"
"MULTIPOLYGON (((8.69350959148449 50.6177438951566,8.69451931356058 50.6179676638021,8.69526902489777 50.6175640725385,8.6950090072842 50.616936715675,8.69399929591076 50.616712950543,8.69324959144839 50.6171165387611,8.69350959148449 50.6177438951566)))","2695","0","595","595","3290"
"MULTIPOLYGON (((8.66131480940549 50.5798277318126,8.66232370697722 50.5800517749278,8.66307306867462 50.5796481368919,8.66281352591175 50.5790204587799,8.66180463901441 50.578796419184,8.66105528420564 50.5792000541808,8.66131480940549 50.5798277318126)))","1429573","285473","318373","603846","2033419"
"MULTIPOLYGON (((8.73184019988034 50.5863440702152,8.73284979694057 50.5865675433616,8.73359910278739 50.5861634264006,8.73333880473076 50.5855358393417,8.73232921838331 50.5853123697063,8.73157991937984 50.5857164836189,8.73184019988034 50.5863440702152)))","10738","1238","2438","3676","14414"
"MULTIPOLYGON (((8.60799760309348 50.5793743866297,8.60900603494422 50.579598858342,8.6097554855391 50.5791956165743,8.60949649735966 50.5785679061265,8.60848807615558 50.5783434379391,8.6077386324844 50.5787466766746,8.60799760309348 50.5793743866297)))","1372","0","172","172","1544"
"MULTIPOLYGON (((8.73790438328681 50.5700153795649,8.73891379650147 50.5702388106134,8.73966291645791 50.5698345242601,8.73940261636366 50.5692068099065,8.7383932138599 50.5689833823694,8.7376441007396 50.5693876656746,8.73790438328681 50.5700153795649)))","133","0","233","233","366"
"MULTIPOLYGON (((8.71981939508593 50.5905220463631,8.72082894946991 50.5907456145363,8.72157832167952 50.5903416193453,8.72131813265317 50.5897140590281,8.72030858897709 50.5894904943669,8.71955922361958 50.5898944865109,8.71981939508593 50.5905220463631)))","1429595","45295","69695","114990","1544585"
"MULTIPOLYGON (((8.72169298974122 50.5618643632974,8.72270214642935 50.5620879281354,8.72345120816478 50.561683701335,8.72319110636696 50.5610559127423,8.72218196037892 50.5608323514179,8.72143290548873 50.5612365751727,8.72169298974122 50.5618643632974)))","2428","0","228","228","2656"
"MULTIPOLYGON (((8.7121759220662 50.620739465506,8.71318584770219 50.6209630826914,8.71393555784904 50.6205593743384,8.71367533549698 50.6199320518479,8.7126654205742 50.6197084381737,8.71191571729042 50.6201121434787,8.7121759220662 50.620739465506)))","1266","266","366","632","1898"
"MULTIPOLYGON (((8.72715592105033 50.5750467206073,8.72816531482289 50.5752702360978,8.72891450798947 50.5748660684427,8.72865430053939 50.5742383883442,8.72764491747375 50.574014876366,8.72689573115137 50.574419040974,8.72715592105033 50.5750467206073)))","193543","25743","88943","114686","308229"
"MULTIPOLYGON (((8.72460705790577 50.5910122569699,8.72561666041587 50.5912357864099,8.72636602929877 50.5908317590789,8.72610578882268 50.5902042053557,8.72509619702304 50.5899806794274,8.72434683498918 50.5903847037106,8.72460705790577 50.5910122569699)))","257658","34458","58458","92916","350574"
"MULTIPOLYGON (((8.71320558856954 50.548008836607,8.71421447264261 50.5482324753525,8.71496340120731 50.5478282069865,8.71470343885096 50.5472003029187,8.71369456546934 50.5469766676886,8.71294564375277 50.5473809330109,8.71320558856954 50.548008836607)))","4671","371","571","942","5613"
"MULTIPOLYGON (((8.67994535683011 50.6004914124779,8.68095471299029 50.6007152973527,8.6817042632924 50.6003116766391,8.68144445055403 50.5996841740933,8.68043510508416 50.5994602927344,8.67968556166244 50.5998639104054,8.67994535683011 50.6004914124779)))","114070","4270","22970","27240","141310"
"MULTIPOLYGON (((8.67457968933406 50.5941719405898,8.67558890808241 50.5943958712065,8.6763384001132 50.5939922426973,8.67607866651308 50.593364686613,8.67506945845037 50.5931407595132,8.67431997330226 50.5935443849809,8.67457968933406 50.5941719405898)))","1429558","24858","124658","149516","1579074"
"MULTIPOLYGON (((8.71131583023294 50.5943378270968,8.71232536681784 50.5945614621292,8.71307479517386 50.5941575596217,8.71281468008668 50.593530025128,8.71180515420643 50.5933063936084,8.71105573270885 50.5937102930698,8.71131583023294 50.5943378270968)))","46174","10274","20474","30748","76922"
"MULTIPOLYGON (((8.6821939889221 50.5992805418762,8.68320334690786 50.5995044091621,8.6839528802208 50.5991007623989,8.68369304866943 50.5984732513927,8.6826837013748 50.5982493876225,8.68193417494052 50.5986530313429,8.6821939889221 50.5992805418762)))","1040610","11310","49310","60620","1101230"
"MULTIPOLYGON (((8.64975674657318 50.6006291576798,8.65076584509874 50.6008532852418,8.65151545035094 50.6004498918363,8.6512559501773 50.5998223739078,8.65024686232647 50.5995982498651,8.64949726397466 50.6000016402317,8.64975674657318 50.6006291576798)))","39781","3081","7281","10362","50143"
"MULTIPOLYGON (((8.67159846563621 50.5581660750612,8.67260713905904 50.5583900442725,8.67335625041697 50.5579861647206,8.67309668147461 50.5573583189965,8.67208801872488 50.5571343533045,8.67133891424451 50.5575382298174,8.67159846563621 50.5581660750612)))","41268","8568","10368","18936","60204"
"MULTIPOLYGON (((8.62292211031114 50.5866854929283,8.62393077635319 50.5869098418089,8.6246802792265 50.5865065436589,8.62442110914253 50.5858788996631,8.62341245375708 50.5856545543055,8.62266295779911 50.5860578494209,8.62292211031114 50.5866854929283)))","95074","1974","2174","4148","99222"
"MULTIPOLYGON (((8.72410799523599 50.609707177901,8.72511786366617 50.609930703625,8.72586743399568 50.6095268220482,8.72560712904215 50.6088994177964,8.72459727132794 50.608675895583,8.72384770785143 50.6090797741109,8.72410799523599 50.609707177901)))","1078","178","278","456","1534"
"MULTIPOLYGON (((8.6290421450518 50.5526988086843,8.63005037353062 50.552923122054,8.6307995013647 50.5525195199875,8.63054039381551 50.5518916075847,8.62953217598611 50.5516672977393,8.6287830550566 50.5520708967725,8.6290421450518 50.5526988086843)))","2518","0","118","118","2636"
"MULTIPOLYGON (((8.63277832677613 50.5905871743024,8.63378713407142 50.5908114424098,8.63453666148864 50.5904080999988,8.63427737470105 50.5897804925166,8.63326857806862 50.5895562279308,8.63251905756101 50.5899595673057,8.63277832677613 50.5905871743024)))","916688","29788","83788","113576","1030264"
"MULTIPOLYGON (((8.66654070257741 50.61461207136,8.66755014758803 50.6148360582395,8.66829987324754 50.6144326452803,8.66804014700449 50.6138052484835,8.66703071268156 50.6135812651206,8.66628099391411 50.613984675038,8.66654070257741 50.61461207136)))","11756","2756","3456","6212","17968"
"MULTIPOLYGON (((8.6839528802208 50.5991007623989,8.68496225072064 50.5993246156112,8.68571177897703 50.5989209543018,8.6854519298562 50.5982934428231,8.68444257004833 50.5980695931263,8.68369304866943 50.5984732513927,8.6839528802208 50.5991007623989)))","504972","38272","76172","114444","619416"
"MULTIPOLYGON (((8.67945559539826 50.6015225127301,8.68046496224882 50.6017464011208,8.68121452448526 50.6013427919108,8.68095471299029 50.6007152973527,8.67994535683011 50.6004914124779,8.67919580147461 50.6008950186452,8.67945559539826 50.6015225127301)))","165297","4897","135097","139994","305291"
"MULTIPOLYGON (((8.64785452067298 50.5694263337372,8.64886315234461 50.5696504892486,8.64961242631252 50.5692468731277,8.64935306171345 50.5686191045321,8.64834444070605 50.568394952542,8.6475951736336 50.5687985656262,8.64785452067298 50.5694263337372)))","1429523","285423","318323","603746","2033269"
"MULTIPOLYGON (((8.70968998547618 50.5483700100374,8.71069884461367 50.5485936769142,8.71144778332473 50.5481894376238,8.71118785604791 50.5475615344999,8.71017900760014 50.5473378711387,8.70943007573959 50.5477421073859,8.70968998547618 50.5483700100374)))","88757","1557","3257","4814","93571"
"MULTIPOLYGON (((8.65315944059741 50.6110720680937,8.65416871931162 50.6112961640275,8.65491843064782 50.6108928244645,8.65465885636967 50.6102653920075,8.65364958833514 50.6100412995919,8.65289988389916 50.610444636115,8.65315944059741 50.6110720680937)))","368262","11562","54462","66024","434286"
"MULTIPOLYGON (((8.6125770666309 50.5838138866343,8.61358560204324 50.5840383197782,8.61433509224203 50.5836350773866,8.61407604010708 50.5830074048842,8.6130675153451 50.5827829752646,8.61231803206787 50.5831862146232,8.6125770666309 50.5838138866343)))","82035","735","3135","3870","85905"
"MULTIPOLYGON (((8.72002820368529 50.5689073441858,8.72103744774322 50.5691309195446,8.72178658790345 50.5687267586723,8.72152647715816 50.5680990254871,8.72051724380162 50.5678754536416,8.71976811048911 50.5682796114681,8.72002820368529 50.5689073441858)))","688","388","688","1076","1764"
"MULTIPOLYGON (((8.67195318279375 50.5856096554727,8.67296225530732 50.5858336107056,8.67371166016196 50.5854299368475,8.67345198562036 50.5848023107971,8.67244292378844 50.5845783590819,8.67169352581656 50.5849820298993,8.67195318279375 50.5856096554727)))","1429577","223577","318377","541954","1971531"
"MULTIPOLYGON (((8.66961645085594 50.5799608394179,8.67062542172718 50.5801848157383,8.67137477015461 50.5797811164953,8.67111514082774 50.579153443972,8.6701061806352 50.5789294711699,8.66935683909096 50.5793331673728,8.66961645085594 50.5799608394179)))","1429567","285467","318367","603834","2033401"
"MULTIPOLYGON (((8.69008129137015 50.6249599615501,8.69109108836633 50.6251837547895,8.69184088330816 50.6247802440619,8.69158087437538 50.6241529431404,8.69057108808225 50.6239291534144,8.68982130001897 50.6243326610965,8.69008129137015 50.6249599615501)))","16155","2555","4055","6610","22765"
"MULTIPOLYGON (((8.71649962793552 50.5869370108983,8.71750910206669 50.5871606072618,8.71825844178152 50.5867566097126,8.71799830051169 50.5861290188463,8.71698883708558 50.5859054259954,8.71623950422436 50.5863094204983,8.71649962793552 50.5869370108983)))","449920","62720","124620","187340","637260"
"MULTIPOLYGON (((8.64171727015397 50.5612201761199,8.64272573063389 50.5614443842499,8.64347492747684 50.5610407518392,8.64321565694208 50.5604129143341,8.64220720712074 50.5601887097265,8.64145801717566 50.5605923391017,8.64171727015397 50.5612201761199)))","17783","683","883","1566","19349"
"MULTIPOLYGON (((8.68558240628678 50.6273808083209,8.6865921996495 50.6276046367537,8.68734202860918 50.6272011781411,8.68708205732432 50.6265738941408,8.68607227466309 50.6263500692218,8.68532245258537 50.6267535247893,8.68558240628678 50.6273808083209)))","5334","234","1734","1968","7302"
"MULTIPOLYGON (((8.68081438218985 50.609231725178,8.68182387213366 50.60945559947,8.68257351469224 50.6090520386513,8.68231366042559 50.6084246065841,8.68130418117524 50.6082007358075,8.6805545454982 50.6086042935828,8.68081438218985 50.609231725178)))","15055","4855","6255","11110","26165"
"MULTIPOLYGON (((8.70105272614424 50.5983326934166,8.70206223238613 50.5985564093839,8.70281172193363 50.5981526141118,8.70255169837326 50.5975251059174,8.70154220283191 50.5973013934638,8.70079272015045 50.5977051856908,8.70105272614424 50.5983326934166)))","32464","764","4064","4828","37292"
"MULTIPOLYGON (((8.68346317721662 50.6001319121808,8.6844725584085 50.6003557689087,8.68522209859945 50.5999521191024,8.68496225072064 50.5993246156112,8.6839528802208 50.5991007623989,8.68320334690786 50.5995044091621,8.68346317721662 50.6001319121808)))","932401","11301","38801","50102","982503"
"MULTIPOLYGON (((8.65381958211724 50.5639101328866,8.65482818553263 50.5641342426835,8.65557738986517 50.563730539976,8.65531798389202 50.5631027305087,8.65430939114227 50.5628786242327,8.65356019370018 50.5632823239032,8.65381958211724 50.5639101328866)))","16294","2294","3094","5388","21682"
"MULTIPOLYGON (((8.63215161597687 50.5602333495189,8.63315997986941 50.5604576348963,8.63390918295919 50.5600540667037,8.63365001525252 50.5594262161679,8.63264166201328 50.559201934314,8.63189246582753 50.5596054994725,8.63215161597687 50.5602333495189)))","63283","4283","8383","12666","75949"
"MULTIPOLYGON (((8.65906669225255 50.5810385762507,8.66007558796831 50.5812626369465,8.66082496662387 50.5808590249551,8.66056544267345 50.5802313553068,8.6595565576313 50.5800072981304,8.65880718586609 50.580410907083,8.65906669225255 50.5810385762507)))","90485","3585","17485","21070","111555"
"MULTIPOLYGON (((8.68074564433595 50.5847107762451,8.68175477942807 50.5849346611415,8.68250415903843 50.5845309145668,8.68224439668002 50.5839032861377,8.68123527227381 50.5836794047581,8.68048589954021 50.584083148291,8.68074564433595 50.5847107762451)))","1205284","72484","112284","184768","1390052"
"MULTIPOLYGON (((8.63191576481973 50.5818454123893,8.63292443848387 50.5820696909655,8.63367387365237 50.5816662886272,8.63341462824841 50.581038610748,8.63240596524406 50.580814335694,8.63165653698397 50.581217734997,8.63191576481973 50.5818454123893)))","186681","1381","16081","17462","204143"
"MULTIPOLYGON (((8.70213883560042 50.585464925734,8.70314816527708 50.5856886382478,8.7038975148797 50.5852847371043,8.70363752794301 50.5846571264916,8.70262820896354 50.5844334174922,8.70187886622374 50.5848373155912,8.70213883560042 50.585464925734)))","47366","4466","8866","13332","60698"
"MULTIPOLYGON (((8.69882052827698 50.5818793502112,8.69982977769646 50.582103090887,8.70057909477722 50.5816991873768,8.70031915557437 50.5810715462348,8.69930991684929 50.5808478090739,8.69856060663279 50.5812517095402,8.69882052827698 50.5818793502112)))","653863","10463","68663","79126","732989"
"MULTIPOLYGON (((8.68995585990777 50.5582492039007,8.69096469220487 50.5584730254857,8.69171377186685 50.5580690090074,8.69145401236642 50.5574411739855,8.69044519075189 50.5572173559178,8.68969611795538 50.5576213693548,8.68995585990777 50.5582492039007)))","1472","372","1672","2044","3516"
"MULTIPOLYGON (((8.60889605013825 50.5704528717695,8.60990436102067 50.5706773398457,8.61065371438624 50.570274023597,8.61039474994821 50.569646242304,8.60938644971021 50.5694217777532,8.60863710326597 50.5698250909701,8.60889605013825 50.5704528717695)))","438","0","138","138","576"
"MULTIPOLYGON (((8.6794979691839 50.5661916674981,8.68050682625202 50.5664155699568,8.68125600957857 50.5660116921244,8.68099632896317 50.5653839148737,8.67998748257467 50.5651600159329,8.67923830612207 50.5655638907249,8.6794979691839 50.5661916674981)))","5650","1050","2150","3200","8850"
"MULTIPOLYGON (((8.7398536982935 50.5835577826185,8.74086332375167 50.5837811924088,8.74161258532346 50.5833769942715,8.74135221459968 50.5827493893933,8.74034259985756 50.5825259831135,8.73959334512327 50.5829301782015,8.7398536982935 50.5835577826185)))","22398","1698","3598","5296","27694"
"MULTIPOLYGON (((8.67627124928014 50.5694664070256,8.67728012587816 50.5696903341009,8.67802935002031 50.5692865053075,8.67776969068781 50.5686587524791,8.67676082476872 50.5684348289219,8.67601160750331 50.568838654675,8.67627124928014 50.5694664070256)))","28267","1467","4567","6034","34301"
"MULTIPOLYGON (((8.67077307319949 50.5916173960711,8.67178222232867 50.5918413583423,8.67253169370934 50.5914377389572,8.67227200907627 50.5908101603419,8.67126287062996 50.590586201588,8.67051340613399 50.5909898179322,8.67077307319949 50.5916173960711)))","626479","20479","70379","90858","717337"
"MULTIPOLYGON (((8.68799840492263 50.5623764010521,8.68900727995067 50.5626002367062,8.68975640730126 50.5621962662189,8.68949665275635 50.5615684631189,8.68848778841111 50.561344630982,8.68773866792812 50.561748598428,8.68799840492263 50.5623764010521)))","5753","753","4353","5106","10859"
"MULTIPOLYGON (((8.63981171089103 50.5898707054884,8.64082056841487 50.5900949173646,8.64157007576925 50.5896915167834,8.64131071869513 50.5890639073628,8.64030187183762 50.5888396990074,8.63955237138805 50.5892430965518,8.63981171089103 50.5898707054884)))","5272","0","372","372","5644"
"MULTIPOLYGON (((8.68442262871095 50.6157296076251,8.6854322435998 50.6159534502117,8.6861819494974 50.6155499117321,8.68592203362579 50.6149225337101,8.68491242943422 50.614698694638,8.6841627304171 50.6151022300734,8.68442262871095 50.6157296076251)))","89602","6002","12602","18604","108206"
"MULTIPOLYGON (((8.66184106612801 50.6209758066727,8.66285056272424 50.6211998287259,8.66360036505002 50.6207964993579,8.66334066388334 50.6201691509783,8.66233117797434 50.6199451324417,8.66158138254494 50.6203484587681,8.66184106612801 50.6209758066727)))","578870","1870","20270","22140","601010"
"MULTIPOLYGON (((8.66984068832691 50.5583459568063,8.67084934923809 50.5585699400751,8.67159846563621 50.5581660750612,8.67133891424451 50.5575382298174,8.67033026400555 50.5573142500681,8.66958115448618 50.5577181120432,8.66984068832691 50.5583459568063)))","11117","917","5217","6134","17251"
"MULTIPOLYGON (((8.6707312699846 50.5494198429985,8.67173980983466 50.5496438227021,8.67248882906287 50.5492398832757,8.67222930156465 50.5486119671842,8.67122077238455 50.5483879910005,8.67047176003281 50.5487919273885,8.6707312699846 50.5494198429985)))","1143","0","143","143","1286"
"MULTIPOLYGON (((8.72304579591345 50.5872468598685,8.72405533064512 50.5874704034247,8.72480466195348 50.5870663591922,8.72454445168098 50.5864387744508,8.72353492765785 50.5862152344066,8.72278560319882 50.5866192755919,8.72304579591345 50.5872468598685)))","28601","3301","6901","10202","38803"
"MULTIPOLYGON (((8.66062383602488 50.5848044828469,8.66163279950145 50.5850285294951,8.66238221578568 50.5846249344316,8.66212266170336 50.5839972957592,8.66111370890233 50.5837732526299,8.66036429950817 50.5841768446542,8.66062383602488 50.5848044828469)))","103237","14837","26237","41074","144311"
"MULTIPOLYGON (((8.72334735801897 50.572493049291,8.72435668228507 50.5727165964759,8.72510585491698 50.5723124379613,8.72484569643669 50.5716847353083,8.72383638287471 50.5714611916361,8.72308721708905 50.5718653471043,8.72334735801897 50.572493049291)))","19240","2340","7840","10180","29420"
"MULTIPOLYGON (((8.67504714943584 50.610801537832,8.67605661250271 50.6110254578658,8.6768062821597 50.6106219521961,8.6765464818643 50.6099945295354,8.67553702948836 50.6097706130175,8.67478736671702 50.6101741156445,8.67504714943584 50.610801537832)))","36025","525","1225","1750","37775"
"MULTIPOLYGON (((8.67584864043756 50.5950234193043,8.67685788239222 50.5952473393679,8.67760738130509 50.5948437078169,8.67734763138133 50.5942161592441,8.6763384001132 50.5939922426973,8.67558890808241 50.5943958712065,8.67584864043756 50.5950234193043)))","1420696","13396","45096","58492","1479188"
"MULTIPOLYGON (((8.68783187433973 50.6261704240219,8.68884166952088 50.626394234858,8.6895914814725 50.6259907501876,8.68933149136284 50.6253634577265,8.68832170688393 50.6251396504039,8.68757190181254 50.625543132029,8.68783187433973 50.6261704240219)))","29823","2323","4323","6646","36469"
"MULTIPOLYGON (((8.72910318253713 50.5885879979492,8.73011278855934 50.5888114922009,8.73086212337931 50.5884074127811,8.73060184533159 50.5877798421578,8.72959225002146 50.5875563514173,8.72884292204707 50.587960427789,8.72910318253713 50.5885879979492)))","568","168","768","936","1504"
"MULTIPOLYGON (((8.61785116620677 50.583277373121,8.61885973934575 50.5835017641153,8.61960921455382 50.5830984781023,8.61935010970505 50.5824708041289,8.61834154721904 50.5822464166583,8.61759207892892 50.5826496996376,8.61785116620677 50.583277373121)))","464280","5580","16780","22360","486640"
"MULTIPOLYGON (((8.64664328684199 50.5930986074818,8.64765224979394 50.5933227631394,8.64840177973671 50.5929193358648,8.6481423398267 50.5922917559706,8.64713338754562 50.5920676038329,8.64638386450379 50.5924710280696,8.64664328684199 50.5930986074818)))","30770","2570","4670","7240","38010"
"MULTIPOLYGON (((8.71046974483896 50.5502536870212,8.71147863782653 50.5504773468636,8.71222759531 50.5500731160243,8.71196765295566 50.5494452283862,8.71095877065881 50.5492215720593,8.71020982002572 50.5496257998551,8.71046974483896 50.5502536870212)))","3861","0","361","361","4222"
"MULTIPOLYGON (((8.62119985906061 50.5692003343223,8.62220825793841 50.5694247040793,8.62295757634034 50.5690212860654,8.62269848895155 50.5683935013279,8.62169010072412 50.568169135095,8.62094078923519 50.5685725500756,8.62119985906061 50.5692003343223)))","1922","322","1022","1344","3266"
"MULTIPOLYGON (((8.68506182756859 50.5685666123997,8.68607076669493 50.5687904691573,8.68681996558621 50.5683865676616,8.68656021848055 50.5677588124497,8.68555129003738 50.5675349592094,8.68480209801685 50.5679388576638,8.68506182756859 50.5685666123997)))","46838","10438","19038","29476","76314"
"MULTIPOLYGON (((8.68232468735346 50.570809846436,8.68333363534263 50.5710337242928,8.68408286313547 50.5706298603365,8.68382313606627 50.5700021215647,8.68281419875956 50.5697782472253,8.68206497783971 50.5701821081404,8.68232468735346 50.570809846436)))","104518","10418","25518","35936","140454"
"MULTIPOLYGON (((8.7020471531162 50.5786044604701,8.70305638294155 50.5788281765289,8.70380565916061 50.5784242239775,8.70354569869296 50.5777965584116,8.70253647956266 50.5775728458677,8.70178721020508 50.5779767953749,8.7020471531162 50.5786044604701)))","62876","6976","8076","15052","77928"
"MULTIPOLYGON (((8.61895187194705 50.5704105187069,8.61996026890908 50.5706349060352,8.62070960422258 50.5702315140642,8.6204505356595 50.5696037377981,8.61944214934705 50.5693793539942,8.61869282094824 50.5697827429321,8.61895187194705 50.5704105187069)))","22728","3528","6728","10256","32984"
"MULTIPOLYGON (((8.6409942570753 50.583863624519,8.64200303805282 50.584087829327,8.64275247889285 50.5836843742565,8.64249313185268 50.5830567174148,8.64148436154025 50.5828325161279,8.64073492760305 50.5832359681617,8.6409942570753 50.583863624519)))","18434","334","1234","1568","20002"
"MULTIPOLYGON (((8.60750711685113 50.5804053158309,8.60851555934858 50.5806297910683,8.60926502185719 50.5802265608077,8.60900603494422 50.579598858342,8.60799760309348 50.5793743866297,8.60724814750909 50.579777613858,8.60750711685113 50.5804053158309)))","748","0","148","148","896"
"MULTIPOLYGON (((8.70917359721209 50.5847439994982,8.71018297683549 50.5849676557103,8.71093230614358 50.5845636963889,8.71067224897038 50.5839360839008,8.7096628800476 50.5837124312023,8.70891355759754 50.5841163874784,8.70917359721209 50.5847439994982)))","132047","11647","16547","28194","160241"
"MULTIPOLYGON (((8.64969892536013 50.5761073044297,8.65070766930777 50.5763314424201,8.65145701163691 50.5759278631988,8.65119760312298 50.5753001490246,8.65018886984259 50.5750760145549,8.64943953440902 50.5754795907389,8.64969892536013 50.5761073044297)))","32674","4574","5474","10048","42722"
"MULTIPOLYGON (((8.7353650775674 50.5683130504646,8.73637444446135 50.5685365026481,8.73712355074486 50.5681322223908,8.73686328329705 50.5675044929977,8.73585392711219 50.5672810443259,8.73510482766616 50.5676853215355,8.7353650775674 50.5683130504646)))","917","117","517","634","1551"
"MULTIPOLYGON (((8.65206178187457 50.5640896972046,8.6530703727587 50.5643138210558,8.65381958211724 50.5639101328866,8.65356019370018 50.5632823239032,8.65255161348085 50.563058203573,8.65180241101393 50.5634618887054,8.65206178187457 50.5640896972046)))","52153","19653","20053","39706","91859"
"MULTIPOLYGON (((8.66507059315265 50.6177043730979,8.66608007022682 50.617928370527,8.66682983169707 50.6175249920879,8.66657010919964 50.6168976192616,8.66556064281339 50.616673625349,8.66481088823679 50.6170770007463,8.66507059315265 50.6177043730979)))","5975","1275","2275","3550","9525"
"MULTIPOLYGON (((8.64672952253915 50.5999567257755,8.64773858529298 50.6001808779464,8.64848818867144 50.5997775021247,8.64822872239402 50.5991499771705,8.6472196703132 50.5989258285191,8.64647007383695 50.5993292013025,8.64672952253915 50.5999567257755)))","7218","518","718","1236","8454"
"MULTIPOLYGON (((8.68767036872854 50.5947961001979,8.68867970896974 50.5950199252747,8.68942918443132 50.594616203409,8.68916931277762 50.5939886595097,8.688159983229 50.5937648379483,8.68741051464159 50.5941685567707,8.68767036872854 50.5947961001979)))","42721","1621","6921","8542","51263"
"MULTIPOLYGON (((8.68413274591565 50.612816522502,8.68514231619574 50.6130403686232,8.68589199133401 50.612636810178,8.68563208931221 50.6120094086556,8.68462252972835 50.6117855660492,8.68387286147017 50.6121891214505,8.68413274591565 50.612816522502)))","1762","862","1162","2024","3786"
"MULTIPOLYGON (((8.61898833205877 50.5527425199361,8.61999647455607 50.552966914038,8.6207456204823 50.5525633876795,8.62048661700021 50.5519354702512,8.61947848514717 50.5517110796747,8.6187293461321 50.5521146030012,8.61898833205877 50.5527425199361)))","35610","0","5310","5310","40920"
"MULTIPOLYGON (((8.6492954367303 50.5839982512413,8.65030429110571 50.5842223892785,8.65105371875641 50.5838188730036,8.6507942851344 50.5831912217293,8.64978544142842 50.5829670872123,8.64903602067514 50.5833706004495,8.6492954367303 50.5839982512413)))","1429540","285440","318340","603780","2033320"
"MULTIPOLYGON (((8.66765740001904 50.5840861175498,8.66866641360573 50.5843101079431,8.66941580973626 50.583906454709,8.66915618539491 50.5832788141216,8.66814718248715 50.5830548272465,8.66739779324193 50.5834584774406,8.66765740001904 50.5840861175498)))","1429561","285461","318361","603822","2033383"
"MULTIPOLYGON (((8.7294120493292 50.5561618122905,8.73042118988427 50.5563853173431,8.73117017671737 50.5559809894494,8.73091001615646 50.5553531595493,8.72990088630368 50.5551296580097,8.72915190630963 50.5555339828573,8.7294120493292 50.5561618122905)))","4929","0","1129","1129","6058"
"MULTIPOLYGON (((8.68150423342394 50.6042563163949,8.68251365738457 50.604480187185,8.68326324531651 50.6040765833928,8.68300340240779 50.6034491118537,8.68199398913942 50.6032252445791,8.68124440808763 50.6036288453282,8.68150423342394 50.6042563163949)))","23732","232","1132","1364","25096"
"MULTIPOLYGON (((8.63799965051391 50.5655251824673,8.63900814108307 50.5657494187376,8.63975739059711 50.565345846874,8.63949814264097 50.5647180417754,8.63848966272979 50.5644938090276,8.63774042011692 50.564897377856,8.63799965051391 50.5655251824673)))","12674","674","874","1548","14222"
"MULTIPOLYGON (((8.70879042969981 50.5749686277709,8.7097996648882 50.5751922910677,8.71054889009816 50.5747882603924,8.71028887326348 50.5741605694651,8.70927964877248 50.5739369096826,8.70853043041887 50.5743409373131,8.70879042969981 50.5749686277709)))","327933","19433","81533","100966","428899"
"MULTIPOLYGON (((8.64851720362453 50.582115283381,8.64952602411991 50.5823394284367,8.65027543295098 50.5819359036955,8.65001601438933 50.5813082369362,8.64900720456242 50.581084095401,8.64825780262884 50.5814876171047,8.64851720362453 50.582115283381)))","1429569","94169","126569","220738","1650307"
"MULTIPOLYGON (((8.68571177897703 50.5989209543018,8.68672116198915 50.5991447934402,8.6874706851875 50.5987411175845,8.68721081849757 50.5981136056337,8.68620144617827 50.5978897700107,8.6854519298562 50.5982934428231,8.68571177897703 50.5989209543018)))","912326","16726","36926","53652","965978"
"MULTIPOLYGON (((8.65050563197179 50.5603227688319,8.651514155136 50.5605469067047,8.65226332688008 50.5601432016066,8.65200396856816 50.5595153616723,8.65099545606682 50.559291227321,8.65024629121463 50.5596949293827,8.65050563197179 50.5603227688319)))","352084","9584","27984","37568","389652"
"MULTIPOLYGON (((8.67054901626208 50.6132223542933,8.67155847565163 50.6134463095083,8.67230817928168 50.6130428559462,8.67204841663318 50.6124154502113,8.671038967933 50.6121914985125,8.67028927119206 50.6125949490323,8.67054901626208 50.6132223542933)))","713","213","413","626","1339"
"MULTIPOLYGON (((8.62953217598611 50.5516672977393,8.63054039381551 50.5518916075847,8.63128950974129 50.5514879940164,8.6310304009338 50.550860073636,8.63002219375376 50.5506357673149,8.629273084732 50.5510393778499,8.62953217598611 50.5516672977393)))","2548","448","4348","4796","7344"
"MULTIPOLYGON (((8.67771831047916 50.5840390723179,8.67872740986109 50.5842629818331,8.67947678764524 50.5838592528434,8.67921705916901 50.58323161738,8.67820797047124 50.5830077113819,8.6774585995657 50.5834114373303,8.67771831047916 50.5840390723179)))","1429526","285426","318326","603752","2033278"
"MULTIPOLYGON (((8.67540330746985 50.5607214418105,8.67641205044407 50.560945379403,8.67716118243074 50.5605414907329,8.67690156456773 50.5599136675099,8.6758928322693 50.5596897334362,8.67514370715823 50.5600936190667,8.67540330746985 50.5607214418105)))","3541","441","541","982","4523"
"MULTIPOLYGON (((8.64589470882883 50.5735516636774,8.64690338315807 50.5737758332737,8.64765270479852 50.5733722631637,8.64739334521231 50.5727445264943,8.64638468154755 50.5725203604192,8.64563536680466 50.5729239274924,8.64589470882883 50.5735516636774)))","56767","7867","19867","27734","84501"
"MULTIPOLYGON (((8.70207810318632 50.5432602587897,8.70308682336699 50.5434839889493,8.70383572096484 50.5430797679148,8.70357589152754 50.5424518197628,8.70256718203112 50.5422280931201,8.70181829128784 50.5426323111126,8.70207810318632 50.5432602587897)))","2614","314","514","828","3442"
"MULTIPOLYGON (((8.63923604279085 50.584042846183,8.64024481121724 50.5842670650479,8.6409942570753 50.583863624519,8.64073492760305 50.5832359681617,8.63972616984091 50.5830117528181,8.63897673088686 50.5834151903106,8.63923604279085 50.584042846183)))","4968","268","768","1036","6004"
"MULTIPOLYGON (((8.72930053061085 50.584641911493,8.73031008132297 50.5848654057817,8.73105937348243 50.5844612949172,8.73079910808524 50.583833692812,8.72978956808412 50.5836102020347,8.72904028276933 50.5840143098513,8.72930053061085 50.584641911493)))","15859","1859","3559","5418","21277"
"MULTIPOLYGON (((8.69532060085614 50.5645708594062,8.69632957040351 50.5647946352863,8.69707870823194 50.5643906265933,8.69681886964995 50.5637628450628,8.69580991078987 50.5635390726992,8.69506077982462 50.5639430783497,8.69532060085614 50.5645708594062)))","67440","9940","19640","29580","97020"
"MULTIPOLYGON (((8.68611131962663 50.5910307621326,8.68712059208521 50.5912546012923,8.68787002993303 50.5908508625089,8.68761018844794 50.5902232876087,8.68660092668 50.5899994519648,8.68585149570663 50.5904031877054,8.68611131962663 50.5910307621326)))","27781","2381","8481","10862","38643"
"MULTIPOLYGON (((8.70935840262562 50.5984633661719,8.71036798202974 50.5986870152557,8.71111745813947 50.5982831587498,8.71085734798459 50.5976556562065,8.70984777928538 50.5974320106356,8.70909831003624 50.5978358640952,8.70935840262562 50.5984633661719)))","8427","327","1427","1754","10181"
"MULTIPOLYGON (((8.68678129147784 50.6037170315224,8.68779075298268 50.6039408600867,8.68854032574009 50.6035372126531,8.68828043011623 50.602909739699,8.68727097930621 50.6026859146496,8.68652141342533 50.6030895590395,8.68678129147784 50.6037170315224)))","29677","0","1577","1577","31254"
"MULTIPOLYGON (((8.71288926794788 50.5804372462513,8.713898617248 50.5806608743331,8.71464789374294 50.5802568544729,8.7143878140832 50.5796292095766,8.71337847548431 50.5794055850083,8.71262920584407 50.579809601823,8.71288926794788 50.5804372462513)))","3042","0","2542","2542","5584"
"MULTIPOLYGON (((8.64964148304967 50.6114304695051,8.65065073666441 50.6116545935758,8.6514004580636 50.6112512831071,8.65114091894558 50.6106238516071,8.65013167600885 50.610399731055,8.64938196151222 50.6108030384842,8.64964148304967 50.6114304695051)))","358615","26115","31915","58030","416645"
"MULTIPOLYGON (((8.67613809107431 50.5979371657577,8.67714737761035 50.5981610823003,8.67789690726922 50.597757470714,8.67763714350978 50.5971299456272,8.67662786766132 50.596906032601,8.67587834488484 50.5973096411453,8.67613809107431 50.5979371657577)))","1020225","36225","94925","131150","1151375"
"MULTIPOLYGON (((8.66134057679682 50.5621600209431,8.66234921965023 50.5623840709982,8.66309839194636 50.5619802986363,8.66283891450409 50.5613524792574,8.66183028231969 50.5611284327225,8.66108111690869 50.5615322020465,8.66134057679682 50.5621600209431)))","6846","646","2046","2692","9538"
"MULTIPOLYGON (((8.62430908802671 50.5767333430235,8.6253176223807 50.5769576847758,8.62606701608868 50.5765543006466,8.62580786853031 50.5759265777995,8.62479934483059 50.5757022395706,8.62404995803505 50.5761056206656,8.62430908802671 50.5767333430235)))","34766","1766","1966","3732","38498"
"MULTIPOLYGON (((8.73829165480275 50.5797920785675,8.7393012124957 50.5800155024827,8.74005043651546 50.5796112874513,8.7397900960046 50.5789836515536,8.73878054902577 50.5787602311491,8.73803133184379 50.5791644431317,8.73829165480275 50.5797920785675)))","10476","376","1576","1952","12428"
"MULTIPOLYGON (((8.66907908214382 50.6163148046592,8.67008857360183 50.6165387704228,8.67083831304342 50.6161353513792,8.67057855413642 50.6155079696144,8.66956907336794 50.6152840073669,8.66881934081707 50.6156874233682,8.66907908214382 50.6163148046592)))","8127","1327","2327","3654","11781"
"MULTIPOLYGON (((8.68895837380841 50.5779823138537,8.68996748229611 50.5782061354455,8.69071677516866 50.5778022762377,8.6904569526836 50.5771745984805,8.68944785488397 50.5769507804049,8.68869856888144 50.5773546365704,8.68895837380841 50.5779823138537)))","100473","14073","37273","51346","151819"
"MULTIPOLYGON (((8.72069347089223 50.599264175798,8.72170315908859 50.5994877333305,8.72245262349363 50.5990837979932,8.72219239284922 50.5984563081713,8.72118271536387 50.5982327541504,8.72043325781206 50.5986366864399,8.72069347089223 50.599264175798)))","3453","153","753","906","4359"
"MULTIPOLYGON (((8.69836395549616 50.5475691289709,8.69937270593487 50.5477928872598,8.70012165627258 50.5473887267418,8.69986184931382 50.5467608109767,8.69885310955873 50.5465370562048,8.69810416607888 50.546941213681,8.69836395549616 50.5475691289709)))","1479","0","179","179","1658"
"MULTIPOLYGON (((8.7297810925937 50.6012758976867,8.73079088776737 50.6014993812392,8.73154035744547 50.6010953931121,8.73128002510241 50.6004679244817,8.73027024064507 50.6002444444396,8.72952077781457 50.6006484295177,8.7297810925937 50.6012758976867)))","3636","0","236","236","3872"
"MULTIPOLYGON (((8.67616012036892 50.5802731849297,8.67716915198995 50.5804971085087,8.67791849216251 50.5800933625985,8.67765879383523 50.5794656961502,8.67664977289636 50.5792417760887,8.67590043960275 50.5796455189581,8.67616012036892 50.5802731849297)))","859036","18736","71136","89872","948908"
"MULTIPOLYGON (((8.6660117131713 50.5734598787129,8.66702055922033 50.5736838866524,8.66776984434274 50.5732801650635,8.66751027653194 50.5726524385746,8.66650144115778 50.5724284341542,8.66575216291964 50.5728321527038,8.6660117131713 50.5734598787129)))","494926","107926","114226","222152","717078"
"MULTIPOLYGON (((8.65852385411928 50.617390923262,8.65953327034032 50.6176149734672,8.66028304003879 50.6172116417159,8.66002338661845 50.6165842628004,8.65901398108182 50.6163602161125,8.65826421828124 50.6167635448228,8.65852385411928 50.617390923262)))","10381","281","1081","1362","11743"
"MULTIPOLYGON (((8.64667276500997 50.5754348412733,8.64768147321083 50.575659003856,8.64843081366749 50.5752554422124,8.64817143902598 50.5746277210229,8.64716274149058 50.5744035619612,8.64641340793136 50.5748071205679,8.64667276500997 50.5754348412733)))","67489","12389","18389","30778","98267"
"MULTIPOLYGON (((8.68424269831344 50.6020143902307,8.68525211340441 50.6022382399152,8.68600167240808 50.6018345985689,8.68574180944302 50.6012071105813,8.68473240504507 50.6009832644121,8.68398285291926 50.6013869027152,8.68424269831344 50.6020143902307)))","832765","25365","185965","211330","1044095"
"MULTIPOLYGON (((8.71065471475593 50.5639796365524,8.71166380733148 50.5642032893335,8.7124129114708 50.5637991612734,8.71215291618177 50.5631713834765,8.71114383430126 50.5629477342101,8.71039473701488 50.5633518592259,8.71065471475593 50.5639796365524)))","564","0","164","164","728"
"MULTIPOLYGON (((8.68486207448883 50.5725130456743,8.68587106885228 50.5727369024352,8.68662031038911 50.572333032396,8.68636055069094 50.5717053086377,8.68535156701179 50.5714814553939,8.68460233234662 50.5718853223915,8.68486207448883 50.5725130456743)))","1402642","181842","238542","420384","1823026"
"MULTIPOLYGON (((8.70369875748385 50.5892304780799,8.70470815493371 50.5894541764997,8.70545754212884 50.5890502922664,8.70519752501174 50.5884227126583,8.70418813826105 50.5881990177525,8.70343875792843 50.5886028989408,8.70369875748385 50.5892304780799)))","110029","8529","39429","47958","157987"
"MULTIPOLYGON (((8.65834902965905 50.6036769303766,8.65935824615769 50.6039009876149,8.66010786893494 50.60349755296,8.65984826831842 50.6028700641069,8.65883906249993 50.6026460103867,8.65808944661795 50.6030494420015,8.65834902965905 50.6036769303766)))","1710","310","410","720","2430"
"MULTIPOLYGON (((8.6950869494196 50.6038488234071,8.69609648416125 50.6040725851005,8.69684604353655 50.603668876433,8.69658606129927 50.6030414091169,8.69557653725681 50.6028176509376,8.69482698475257 50.6032213565603,8.6950869494196 50.6038488234071)))","372101","601","2701","3302","375403"
"MULTIPOLYGON (((8.68212477627462 50.5747561224248,8.68313377950151 50.5749800002856,8.68388304994289 50.5745761677877,8.68362331028363 50.5739484604704,8.68261431774032 50.5737245861268,8.68186505417281 50.5741284155834,8.68212477627462 50.5747561224248)))","859119","26819","59419","86238","945357"
"MULTIPOLYGON (((8.65272519294686 50.5767796938064,8.65373397263749 50.5770038072018,8.65448331683459 50.5766002104023,8.65422387444747 50.5759725032452,8.65321510542583 50.57574839337,8.65246576812244 50.5761519871318,8.65272519294686 50.5767796938064)))","1251206","38906","75106","114012","1365218"
"MULTIPOLYGON (((8.6616292641412 50.5650749914751,8.6626379515259 50.5652990380338,8.66338715454338 50.5648952856348,8.66312766329072 50.5642674897153,8.66211898657605 50.5640434466766,8.6613697904441 50.5644471960374,8.6616292641412 50.5650749914751)))","200228","4228","6528","10756","210984"
"MULTIPOLYGON (((8.62757197324422 50.5557932246395,8.62858023367168 50.5560175485819,8.62932939723214 50.555613981022,8.62907029345916 50.5549860925529,8.62806204368132 50.5547617721347,8.62731288702699 50.5551653366614,8.62757197324422 50.5557932246395)))","23554","1654","3454","5108","28662"
"MULTIPOLYGON (((8.7311539260533 50.5913217117252,8.73216358914302 50.5915451883427,8.73291294959256 50.5911411143239,8.73265264010769 50.5905135667363,8.73164298773196 50.5902900936296,8.73089363412718 50.5906941645998,8.7311539260533 50.5913217117252)))","115293","20993","36493","57486","172779"
"MULTIPOLYGON (((8.66529635224881 50.5961010873285,8.66630551905257 50.5963250918056,8.66705504823822 50.5959215475246,8.66679540373101 50.5952940018071,8.66578624760867 50.5950700008478,8.66503672531225 50.5954735420883,8.66529635224881 50.5961010873285)))","481365","14765","81865","96630","577995"
"MULTIPOLYGON (((8.68145594376205 50.562064944356,8.68246475811212 50.5622888327429,8.68321389375118 50.5618849089146,8.68295420816847 50.56125709974,8.68194540449776 50.5610332148712,8.68119627573056 50.561437135659,8.68145594376205 50.562064944356)))","15511","111","911","1022","16533"
"MULTIPOLYGON (((8.63424904111288 50.5874942767156,8.63525781641967 50.5877185342581,8.63600730807195 50.5873151573289,8.63574801750957 50.5866875258934,8.63473925286552 50.5864632718726,8.63398976812124 50.5868666457657,8.63424904111288 50.5874942767156)))","913549","10849","54049","64898","978447"
"MULTIPOLYGON (((8.65021744508905 50.5574076695617,8.65122592373423 50.5576318109217,8.65197506475796 50.5572280858583,8.65171572024512 50.5566002224712,8.65070725226172 50.5563760846329,8.6499581181295 50.55677980666,8.65021744508905 50.5574076695617)))","345271","3071","6471","9542","354813"
"MULTIPOLYGON (((8.64327289335427 50.5649870899202,8.64428142155504 50.5652112840366,8.64503065602174 50.5648076685587,8.64477135539019 50.5641798620003,8.64376283784996 50.5639556714059,8.64301361028085 50.564359283848,8.64327289335427 50.5649870899202)))","55316","6516","9316","15832","71148"
"MULTIPOLYGON (((8.6551472949392 50.5892880996655,8.65615627604585 50.5895121885157,8.65690575009905 50.589108668553,8.65664623615114 50.5884810627789,8.65563726571857 50.5882569774479,8.65488779855993 50.5886604943719,8.6551472949392 50.5892880996655)))","1292662","23962","93162","117124","1409786"
"MULTIPOLYGON (((8.71914343361627 50.5778325530191,8.72015279893437 50.5780561318451,8.72090203631758 50.577652045358,8.72064190153278 50.5770243830911,8.7196325469183 50.5768008077781,8.71888331638515 50.577204891219,8.71914343361627 50.5778325530191)))","276","0","276","276","552"
"MULTIPOLYGON (((8.64422268500036 50.5805909455417,8.64523144652948 50.5808151257294,8.6459808465866 50.5804116216042,8.64572147821468 50.5797839403282,8.64471272735135 50.5795597636614,8.64396333419427 50.5799632647497,8.64422268500036 50.5805909455417)))","1429588","202088","318388","520476","1950064"
"MULTIPOLYGON (((8.70679056844994 50.6320794793779,8.7078006119352 50.6323031351865,8.70855045351585 50.6318995533802,8.7082902447425 50.6312723188133,8.70728021197112 50.6310486665159,8.70653037725936 50.6314522452742,8.70679056844994 50.6320794793779)))","169094","14894","20194","35088","204182"
"MULTIPOLYGON (((8.70088533749838 50.566945179922,8.70189438906209 50.5671689100804,8.70264354240983 50.5667648777182,8.70238363733404 50.5661371182409,8.70137459646121 50.5659133915981,8.70062544997344 50.5663174209171,8.70088533749838 50.566945179922)))","1008274","130874","219674","350548","1358822"
"MULTIPOLYGON (((8.64506052941489 50.5471370574083,8.64606881561802 50.547361244319,8.64681785573179 50.5469574799683,8.64655860274968 50.546329531742,8.64555032720259 50.5461053483541,8.64480129398169 50.5465091096699,8.64506052941489 50.5471370574083)))","1851","0","251","251","2102"
"MULTIPOLYGON (((8.65520704156412 50.6138058308982,8.65621637741528 50.6140299092471,8.65696611448381 50.6136265751107,8.65670650880194 50.612999165666,8.6556971836324 50.612775090835,8.65494745346323 50.613178421931,8.65520704156412 50.6138058308982)))","146144","7344","47244","54588","200732"
"MULTIPOLYGON (((8.69191310432645 50.5541216951063,8.69292189389364 50.5543455026221,8.69367092587125 50.5539414401556,8.69341116141841 50.5533135732146,8.69240238253358 50.5530897692161,8.69165335741936 50.5534938286414,8.69191310432645 50.5541216951063)))","1453","0","153","153","1606"
"MULTIPOLYGON (((8.65088045142762 50.5700987756828,8.65188911883816 50.570322906605,8.65263839467647 50.5699192729077,8.65237899621072 50.5692915113255,8.6513703394662 50.5690673839241,8.65062107052151 50.5694710145843,8.65088045142762 50.5700987756828)))","106771","6671","8671","15342","122113"
"MULTIPOLYGON (((8.70421801105703 50.5528593098254,8.70522688800456 50.5530830188961,8.70597588454373 50.5526788546617,8.70571599728051 50.5520509843997,8.70470713102128 50.5518272788451,8.70395814133711 50.5522314400366,8.70421801105703 50.5528593098254)))","6159","1959","4359","6318","12477"
"MULTIPOLYGON (((8.67184136303525 50.5964138835106,8.67285059063172 50.5966378352308,8.67360011157249 50.5962342442736,8.67334039803199 50.5956067046376,8.67233118112041 50.5953827564345,8.67158166706457 50.5957863443503,8.67184136303525 50.5964138835106)))","132064","6264","9964","16228","148292"
"MULTIPOLYGON (((8.69590095837671 50.570400856511,8.69691001703484 50.5706246253534,8.69765921629304 50.5702206565674,8.69739935002925 50.5695929219819,8.69639030206046 50.5693691566555,8.69564110966622 50.5697731223987,8.69590095837671 50.570400856511)))","739614","110614","180614","291228","1030842"
"MULTIPOLYGON (((8.70360691618502 50.5823703425541,8.70461621377027 50.5825940445247,8.70536552757457 50.5821901088827,8.7051055369325 50.5815624743147,8.70409625004427 50.5813387758584,8.7033469431012 50.5817427084559,8.70360691618502 50.5823703425541)))","36103","1803","2303","4106","40209"
"MULTIPOLYGON (((8.71719850378131 50.5642895066734,8.71820765693768 50.5645131066838,8.71895675269474 50.5641089319562,8.71869668844688 50.5634811602634,8.71768754598898 50.5632575637669,8.71693845708062 50.5636617354494,8.71719850378131 50.5642895066734)))","738","0","338","338","1076"
"MULTIPOLYGON (((8.67155210454604 50.593500099497,8.67256128756546 50.5937240547348,8.67331077776029 50.5933204438119,8.67305107805121 50.5926928806923,8.67204190571564 50.5924689289718,8.67129242240537 50.5928725368536,8.67155210454604 50.593500099497)))","95159","9459","10559","20018","115177"
"MULTIPOLYGON (((8.7291118277809 50.5709192267622,8.73012117872619 50.5711427282037,8.73087032415791 50.5707385145648,8.73061011180239 50.5701108025314,8.72960077156377 50.5698873046022,8.72885163297415 50.5702915151941,8.7291118277809 50.5709192267622)))","74855","8855","15755","24610","99465"
"MULTIPOLYGON (((8.65200554350099 50.5994189689963,8.65301464389762 50.5996430789742,8.65376423219172 50.5992396595178,8.6535047131907 50.5986121331224,8.65249562346964 50.5983880266635,8.65174604207417 50.5987914430809,8.65200554350099 50.5994189689963)))","6129","0","1629","1629","7758"
"MULTIPOLYGON (((8.71232024427614 50.5569364628781,8.71332924951875 50.557160105125,8.71407827524854 50.5567559111342,8.71381828888535 50.5561280779405,8.71280929433644 50.5559044392085,8.71206027545713 50.5563086301553,8.71232024427614 50.5569364628781)))","70863","5463","22263","27726","98589"
"MULTIPOLYGON (((8.69198573495996 50.5786537540075,8.69299487913527 50.5788775509771,8.69374417381676 50.5784736741839,8.69348431745494 50.577846003464,8.6924751839695 50.5776222100103,8.69172589615615 50.5780260837606,8.69198573495996 50.5786537540075)))","995033","10033","109533","119566","1114599"
"MULTIPOLYGON (((8.64987197452241 50.5898262213707,8.65088091800646 50.5900503524071,8.65163040714762 50.5896468760738,8.65137094590668 50.5890192717423,8.65036201309414 50.5887951442257,8.64961253085114 50.5891986175208,8.64987197452241 50.5898262213707)))","166907","7907","23407","31314","198221"
"MULTIPOLYGON (((8.67391206773714 50.5814843529894,8.67492109752451 50.5817082941516,8.67567045467075 50.5813045742853,8.67541077514912 50.5806769162976,8.67440175604314 50.580452978653,8.67365240577753 50.5808566954786,8.67391206773714 50.5814843529894)))","1429575","30975","91675","122650","1552225"
"MULTIPOLYGON (((8.66598712182395 50.5911250463245,8.66699622269407 50.5913490472791,8.66774569727486 50.590945460023,8.66748606409787 50.5903178748526,8.66647697390799 50.590093877416,8.66572750621498 50.5904974616318,8.66598712182395 50.5911250463245)))","73780","6480","8780","15260","89040"
"MULTIPOLYGON (((8.70671267918204 50.6075646166637,8.7077223674277 50.6077882832802,8.70847194592145 50.6073845157395,8.70821182930555 50.6067570846289,8.70720215176621 50.6065334215249,8.70645258013655 50.6069371860191,8.70671267918204 50.6075646166637)))","1189457","3357","8057","11414","1200871"
"MULTIPOLYGON (((8.69967568643214 50.6082847340537,8.70068532468869 50.6085084569973,8.7014349234819 50.6081047476512,8.70117487714982 50.6074773184073,8.7001652495962 50.6072535989771,8.69941565767186 50.6076573052775,8.69967568643214 50.6082847340537)))","1429576","8576","64776","73352","1502928"
"MULTIPOLYGON (((8.72989244239378 50.5728023304631,8.73090182721177 50.573025824851,8.73165099141878 50.5726216196605,8.73139076396598 50.5719939231294,8.73038138985564 50.5717704322536,8.72963223249059 50.5721746343969,8.72989244239378 50.5728023304631)))","6179","0","179","179","6358"
"MULTIPOLYGON (((8.68509252472336 50.6284115279208,8.68610232878761 50.6286353598673,8.68685216969187 50.6282319127612,8.6865921996495 50.6276046367537,8.68558240628678 50.6273808083209,8.68483257226503 50.627784252382,8.68509252472336 50.6284115279208)))","36464","764","2164","2928","39392"
"MULTIPOLYGON (((8.69425105254954 50.5597722610342,8.69525994368689 50.5599960474623,8.69600903201829 50.5595920103615,8.69574922234951 50.5589641898746,8.69474034189745 50.5587404069633,8.693991260429 50.5591444410221,8.69425105254954 50.5597722610342)))","89596","8996","44296","53292","142888"
"MULTIPOLYGON (((8.69695402303344 50.5928649927228,8.69796341509501 50.5930887439126,8.69871285330433 50.5926849378173,8.69845289258451 50.5920573835766,8.69744351121972 50.5918336359013,8.69669407987809 50.5922374389522,8.69695402303344 50.5928649927228)))","292047","5247","16547","21794","313841"
"MULTIPOLYGON (((8.7072943796401 50.6133913278556,8.70830415711904 50.6136149873793,8.70905379711155 50.6132112597549,8.70879365276041 50.6125838756538,8.7077838859899 50.6123602196423,8.70703425286223 50.6127639442198,8.7072943796401 50.6133913278556)))","6631","10031","14631","24662","31293"
"MULTIPOLYGON (((8.64799805031604 50.6008083949138,8.64900713629314 50.6010325365402,8.64975674657318 50.6006291576798,8.64949726397466 50.6000016402317,8.64848818867144 50.5997775021247,8.64773858529298 50.6001808779464,8.64799805031604 50.6008083949138)))","960","0","360","360","1320"
"MULTIPOLYGON (((8.7106147689507 50.6169754557423,8.71162462675158 50.6171990870569,8.71237429928004 50.6167953617933,8.71211410714439 50.6161680082628,8.71110426005477 50.6159443804599,8.71035459438967 50.6163481026759,8.7106147689507 50.6169754557423)))","6813","913","1113","2026","8839"
"MULTIPOLYGON (((8.67364543997396 50.5609013642901,8.67465417043938 50.561125315942,8.67540330746985 50.5607214418105,8.67514370715823 50.5600936190667,8.67413498736776 50.5598696709338,8.67338585721406 50.5602735420259,8.67364543997396 50.5609013642901)))","427","0","227","227","654"
"MULTIPOLYGON (((8.67727438823701 50.6272478657229,8.67828410827141 50.62747176105,8.67903395058372 50.6270683636876,8.67877406597432 50.6264410740421,8.6777643566371 50.6262171822298,8.67701452121223 50.6266205765482,8.67727438823701 50.6272478657229)))","9311","511","1311","1822","11133"
"MULTIPOLYGON (((8.6464708663512 50.579380424699,8.64747962975862 50.5796045873087,8.64822901287312 50.5792010571385,8.64796962568196 50.5785733673957,8.64696087294114 50.5783492083068,8.64621149672496 50.5787527354399,8.6464708663512 50.579380424699)))","28608","2808","3508","6316","34924"
"MULTIPOLYGON (((8.62848399284815 50.5890624035571,8.62949274113253 50.5892867067889,8.63024225973957 50.5888833849919,8.62998302315019 50.5882557629986,8.62897428552601 50.588031463289,8.6282247738311 50.5884347820506,8.62848399284815 50.5890624035571)))","25385","985","1185","2170","27555"
"MULTIPOLYGON (((8.65684542808875 50.5645824376885,8.65785406722871 50.5648065228959,8.65860327342235 50.5644028026124,8.65834383358762 50.5637750001591,8.6573352051151 50.5635509184722,8.65658600581004 50.5639546357181,8.65684542808875 50.5645824376885)))","647545","121445","124445","245890","893435"
"MULTIPOLYGON (((8.63059679028191 50.5564661719008,8.63160508646387 50.5566904712767,8.63235425192449 50.5562868861473,8.63209511429901 50.5556590046757,8.63108682876841 50.5554347088237,8.63033767021207 50.5558382909194,8.63059679028191 50.5564661719008)))","16295","0","5795","5795","22090"
"MULTIPOLYGON (((8.66451748651241 50.5942184361126,8.66552661942363 50.5944424476212,8.66627612979077 50.5940388948766,8.66601650035743 50.5934113336637,8.66500737812661 50.5931873256731,8.66425787464885 50.5935908753774,8.66451748651241 50.5942184361126)))","517987","18087","39487","57574","575561"
"MULTIPOLYGON (((8.70145056367777 50.5904420610988,8.70245995933496 50.5906657771087,8.7032093635366 50.5902619189209,8.70294936521686 50.589634347768,8.70193998025803 50.5894106352723,8.70119058292065 50.5898144904154,8.70145056367777 50.5904420610988)))","1429502","9702","115402","125104","1554606"
"MULTIPOLYGON (((8.73124849723725 50.5981814794814,8.73225826026217 50.5984049525026,8.7330076941104 50.5980009298782,8.73274735808779 50.5973734372817,8.73173760577901 50.597149967771,8.7309881787768 50.5975539873464,8.73124849723725 50.5981814794814)))","2340","340","1440","1780","4120"
"MULTIPOLYGON (((8.6701532622513 50.5435884527684,8.67116171307222 50.543812439459,8.67191067089299 50.5434084601187,8.67165117101726 50.5427804971258,8.67064273086421 50.5425565139555,8.66989377991912 50.5429604902579,8.6701532622513 50.5435884527684)))","367","167","267","434","801"
"MULTIPOLYGON (((8.70574824864567 50.5919644319786,8.70675770317506 50.5921881127861,8.70750711602911 50.5917842339624,8.70724706749221 50.5911566773767,8.70623762366387 50.5909330000828,8.70548821767151 50.5913368758612,8.70574824864567 50.5919644319786)))","1429518","6718","33618","40336","1469854"
"MULTIPOLYGON (((8.61715722463195 50.5882530432149,8.61816586361283 50.5884774377759,8.61891539340936 50.5880741947571,8.61865627730575 50.5874465602114,8.61764764897897 50.5872221691739,8.61689812610184 50.5876254091587,8.61715722463195 50.5882530432149)))","275018","3118","7918","11036","286054"
"MULTIPOLYGON (((8.67807557437876 50.6114732732988,8.67908507318715 50.6116971686975,8.67983474467578 50.6112936454367,8.67957491047233 50.6106662298203,8.67856542235669 50.6104423379371,8.67781575775186 50.6108458581548,8.67807557437876 50.6114732732988)))","103147","1747","4747","6494","109641"
"MULTIPOLYGON (((8.67976634894464 50.5867734607596,8.68077550540879 50.5869973526894,8.68152490887756 50.5865936291181,8.68126514900448 50.5859660166588,8.68025600322637 50.5857421282457,8.67950660663544 50.5861458487752,8.67976634894464 50.5867734607596)))","1429510","129710","277210","406920","1836430"
"MULTIPOLYGON (((8.67308749739729 50.6149250421384,8.6740970032286 50.6151489762356,8.67484672063489 50.6147455165883,8.67458692532221 50.6141181258866,8.67357743018211 50.6138941953052,8.67282771966359 50.6142976519099,8.67308749739729 50.6149250421384)))","8253","353","2553","2906","11159"
"MULTIPOLYGON (((8.71023122007515 50.6072043861838,8.71124093330455 50.6074280246342,8.71199050163977 50.607024227996,8.71173034988403 50.6063967959544,8.71072064736266 50.6061731610161,8.70997108588915 50.6065769546074,8.71023122007515 50.6072043861838)))","210801","9301","15201","24502","235303"
"MULTIPOLYGON (((8.67206496804603 50.5748038033284,8.67307388552437 50.5750277620575,8.67382317432876 50.5746240053073,8.67356353877443 50.5739962928682,8.67255463197449 50.5737723376574,8.67180535005065 50.5741760913675,8.67206496804603 50.5748038033284)))","1429558","93958","318358","412316","1841874"
"MULTIPOLYGON (((8.6729098056652 50.6012100696465,8.6739191117404 50.6014340108101,8.67466868224726 50.6010304482814,8.67440893979387 50.600402947631,8.67339964440559 50.6001790099841,8.67265008078394 50.600582569471,8.6729098056652 50.6012100696465)))","494077","4077","10077","14154","508231"
"MULTIPOLYGON (((8.65995888692451 50.5721156588699,8.66096766152933 50.5723397160098,8.66171694295166 50.5719360295796,8.66145744288126 50.571308289048,8.66044867894775 50.5710842354279,8.65969940441342 50.5714879188196,8.65995888692451 50.5721156588699)))","658593","45393","83793","129186","787779"
"MULTIPOLYGON (((8.64710401876026 50.6097273201663,8.64811322591578 50.6099514653343,8.64886293350914 50.6095481609443,8.64860342704323 50.6089207144255,8.64759423056388 50.6086965727765,8.64684452987441 50.6090998741274,8.64710401876026 50.6097273201663)))","81723","523","1623","2146","83869"
"MULTIPOLYGON (((8.67760738130509 50.5948437078169,8.67861663577857 50.59506761381,8.67936612964083 50.5946639677138,8.67910636214886 50.5940364186666,8.67809711836273 50.59381251619,8.67734763138133 50.5942161592441,8.67760738130509 50.5948437078169)))","587974","24574","80174","104748","692722"
"MULTIPOLYGON (((8.6283151633725 50.5753440961699,8.62932371219515 50.5755684062977,8.63007308397681 50.5751649815844,8.62981390002645 50.5745372497781,8.62880536185974 50.5743129431733,8.62805599698758 50.574716364852,8.6283151633725 50.5753440961699)))","4932","232","832","1064","5996"
"MULTIPOLYGON (((8.64762347506991 50.5910365806933,8.64863241668021 50.591260729311,8.64938192277257 50.5908572790258,8.64912248035485 50.5902296831609,8.64811354941526 50.5900055380633,8.64736405022278 50.5904089853105,8.64762347506991 50.5910365806933)))","2526","0","426","426","2952"
"MULTIPOLYGON (((8.73721208278666 50.5926624481334,8.73822181715145 50.5928858754302,8.73897118108854 50.5924817662194,8.73871080381993 50.5918542327612,8.73770108017264 50.5916308089745,8.73695172307657 50.5920349151359,8.73721208278666 50.5926624481334)))","57786","4286","17386","21672","79458"
"MULTIPOLYGON (((8.65212042312301 50.5886157839043,8.65312936847738 50.5888398973595,8.65387884066559 50.5884363949786,8.65361936060313 50.5878087821809,8.65261042592106 50.5875846722454,8.65186096062931 50.5879881715879,8.65212042312301 50.5886157839043)))","58212","10312","14112","24424","82636"
"MULTIPOLYGON (((8.65191878808715 50.5925607068145,8.65292778867479 50.5927848202855,8.65367730353639 50.5923813493801,8.65341781091311 50.5917537680422,8.65240882099889 50.5915296580905,8.65165931303466 50.5919331259574,8.65191878808715 50.5925607068145)))","166726","43426","89026","132452","299178"
"MULTIPOLYGON (((8.66400248123162 50.6129092657731,8.66501187979473 50.6131332737651,8.66576159166948 50.6127298668894,8.66550189808786 50.6121024550631,8.66449251021062 50.6118784505879,8.66374280522926 50.6122818544223,8.66400248123162 50.6129092657731)))","7752","452","1852","2304","10056"
"MULTIPOLYGON (((8.63571963683417 50.5844012037175,8.63672838015296 50.5846254506949,8.6374778360427 50.584222039249,8.63721854170735 50.5835943838618,8.63620980905109 50.5833701404061,8.63546036006775 50.5837735488159,8.63571963683417 50.5844012037175)))","1429511","40511","107911","148422","1577933"
"MULTIPOLYGON (((8.6308506659215 50.577048146052,8.63185926117536 50.5772724351223,8.63260864677402 50.5768690043393,8.63234943021078 50.5762412875211,8.6313408456147 50.5760170019736,8.6305914669242 50.5764204297215,8.6308506659215 50.577048146052)))","4524","424","724","1148","5672"
"MULTIPOLYGON (((8.70542828065537 50.6243723970572,8.70643820093656 50.6245960670405,8.70718796216987 50.6241924368538,8.70692779625388 50.6235651397312,8.70591788668351 50.6233414732596,8.70516813231843 50.6237451003989,8.70542828065537 50.6243723970572)))","461293","85693","97993","183686","644979"
"MULTIPOLYGON (((8.67522528743861 50.6245147650546,8.67623495032348 50.6247386779968,8.67698476691861 50.6243352752151,8.6767249137407 50.6237079625349,8.67571526155103 50.6234840531078,8.67496545184417 50.6238874528459,8.67522528743861 50.6245147650546)))","1410","0","310","310","1720"
"MULTIPOLYGON (((8.70686195456111 50.5437508916003,8.7078707228464 50.5439745830895,8.70861961716374 50.5435703299394,8.70835973634435 50.5429423883428,8.70735097874591 50.5427187003698,8.70660209128008 50.5431229504773,8.70686195456111 50.5437508916003)))","1211221","5621","55221","60842","1272063"
"MULTIPOLYGON (((8.71561419566548 50.5958598373818,8.71662379110997 50.5960834371974,8.71737322809803 50.5956795140498,8.71711306278579 50.5950519941336,8.7161034780486 50.5948283978302,8.71535404791649 50.595232317931,8.71561419566548 50.5958598373818)))","131832","9932","80232","90164","221996"
"MULTIPOLYGON (((8.68777974787518 50.5839911578578,8.68878893299767 50.5842149864771,8.68953829238631 50.5838111817285,8.68927845978062 50.5831835514034,8.68826928534746 50.5829597263002,8.68751993283078 50.5833635280061,8.68777974787518 50.5839911578578)))","1356008","109108","318308","427416","1783424"
"MULTIPOLYGON (((8.63652953484047 50.5686191858861,8.63753805738384 50.568843432724,8.63828734264242 50.5684398953695,8.63802809845495 50.5678121142123,8.63701958656971 50.5675878708969,8.63627030821392 50.5679914052163,8.63652953484047 50.5686191858861)))","20682","3082","3982","7064","27746"
"MULTIPOLYGON (((8.71931906735532 50.6092168363532,8.72032888763234 50.6094404008284,8.72107846128917 50.6090365513997,8.72081820781298 50.608409140544,8.7198083982493 50.6081855795799,8.71905883144857 50.6085894259605,8.71931906735532 50.6092168363532)))","17094","194","1194","1388","18482"
"MULTIPOLYGON (((8.60926502185719 50.5802265608077,8.61027347693577 50.5804510219981,8.61102293445369 50.5800477771979,8.6107639299701 50.5794200742399,8.6097554855391 50.5791956165743,8.60900603494422 50.579598858342,8.60926502185719 50.5802265608077)))","11022","822","1322","2144","13166"
"MULTIPOLYGON (((8.66988195891595 50.6005381969058,8.67089122925257 50.6007621626941,8.67164079792057 50.6003586177532,8.671381089365 50.5997311100654,8.67037182971351 50.5995071477941,8.66962226793258 50.5999106896937,8.66988195891595 50.6005381969058)))","42472","872","1972","2844","45316"
"MULTIPOLYGON (((8.73672307223423 50.5936940678069,8.7377328173166 50.5939174986139,8.73848219319594 50.5935134009008,8.73822181715145 50.5928858754302,8.73721208278666 50.5926624481334,8.73646271374887 50.5930665427971,8.73672307223423 50.5936940678069)))","219838","9938","42838","52776","272614"
"MULTIPOLYGON (((8.66792234392854 50.6046621984294,8.66893165700634 50.6048861782858,8.66968127340575 50.6044826793638,8.66942156983829 50.603855203627,8.66841226744589 50.6036312272877,8.66766265793563 50.6040347231682,8.66792234392854 50.6046621984294)))","8219","319","419","738","8957"
"MULTIPOLYGON (((8.65128368434527 50.5622062562311,8.6522922413685 50.5624303870936,8.65304143191948 50.56202669046,8.6527820585556 50.5613988660006,8.65177351219619 50.5611747386593,8.65102432853696 50.5615784322562,8.65128368434527 50.5622062562311)))","91240","7140","9840","16980","108220"
"MULTIPOLYGON (((8.70753531366126 50.5564459678276,8.70854427079448 50.5566696487629,8.70929329981882 50.5562654868946,8.70903336485655 50.5556376471345,8.70802441841443 50.5554139697146,8.70727539624358 50.5558181285395,8.70753531366126 50.5564459678276)))","1919","0","119","119","2038"
"MULTIPOLYGON (((8.73848219319594 50.5935134009008,8.73949195073637 50.5937368176209,8.74024132151381 50.5933327053605,8.73998092791057 50.5927051794296,8.73897118108854 50.5924817662194,8.73822181715145 50.5928858754302,8.73848219319594 50.5935134009008)))","37349","8049","9449","17498","54847"
"MULTIPOLYGON (((8.67500275409443 50.5686147170558,8.67601160750331 50.568838654675,8.67676082476872 50.5684348289219,8.67650118174802 50.5678070685895,8.67549233901715 50.5675831344886,8.67474312862912 50.5679869572017,8.67500275409443 50.5686147170558)))","392709","41509","54909","96418","489127"
"MULTIPOLYGON (((8.68710978030235 50.571301427099,8.6881187764825 50.571525266277,8.68886800103868 50.5711213701972,8.68860822254491 50.5704936379813,8.68759923704987 50.5702698023201,8.68685001936359 50.5706736953582,8.68710978030235 50.571301427099)))","1008226","57426","101526","158952","1167178"
"MULTIPOLYGON (((8.63355616453108 50.5924699643242,8.63456500571393 50.5926942254173,8.63531455196272 50.5922908914765,8.63505525011932 50.5916632994789,8.63404641960036 50.5914390419072,8.633296880261 50.5918423728117,8.63355616453108 50.5924699643242)))","298615","2615","12515","15130","313745"
"MULTIPOLYGON (((8.68962874768801 50.5906709342683,8.69063804515926 50.5908947452834,8.69138747288825 50.5904909774103,8.69112759627401 50.5898634015654,8.69011830949507 50.5896395940657,8.68936888863815 50.5900433588955,8.68962874768801 50.5906709342683)))","301545","25945","38245","64190","365735"
"MULTIPOLYGON (((8.65070725226172 50.5563760846329,8.65171572024512 50.5566002224712,8.65246484935504 50.5561964859072,8.65220550359066 50.5555686145412,8.65119704626903 50.5553444802245,8.65044792405011 50.5557482137523,8.65070725226172 50.5563760846329)))","568755","955","9755","10710","579465"
"MULTIPOLYGON (((8.7085643002354 50.6142423634897,8.70957410091792 50.6144660124405,8.71032374777466 50.614062281769,8.71006358708477 50.6134349051938,8.70905379711155 50.6132112597549,8.70830415711904 50.6136149873793,8.7085643002354 50.6142423634897)))","90368","20068","27368","47436","137804"
"MULTIPOLYGON (((8.67727212587967 50.5497317251487,8.67828072642263 50.5499556521489,8.67902973739961 50.5495516660741,8.67877014096156 50.5489237560383,8.67776155109201 50.5486998325572,8.67701254698722 50.5491038155929,8.67727212587967 50.5497317251487)))","83787","3787","9487","13274","97061"
"MULTIPOLYGON (((8.6459511914978 50.5980741368646,8.64696022035621 50.5982982960594,8.64770980490528 50.5978949117699,8.64745035369373 50.5972673713237,8.64644133550734 50.5970432156486,8.64569175786064 50.5974465969,8.6459511914978 50.5980741368646)))","1807","107","207","314","2121"
"MULTIPOLYGON (((8.69746015619455 50.574167152738,8.69846928259617 50.5743909075054,8.69921851943659 50.5739869556303,8.6989586230119 50.5733592520312,8.69794950730162 50.5731355007794,8.69720027732484 50.5735394496112,8.69746015619455 50.574167152738)))","187373","3473","10873","14346","201719"
"MULTIPOLYGON (((8.62157056924951 50.5789744751955,8.62257911234558 50.5791988380449,8.62332853488785 50.5787954914666,8.6230694074195 50.578167785073,8.62206087497701 50.5779434257471,8.6213114593494 50.5783467692914,8.62157056924951 50.5789744751955)))","12061","261","361","622","12683"
"MULTIPOLYGON (((8.64479875594647 50.5864191314068,8.6458076065698 50.5866433046032,8.64655706811432 50.5862398404214,8.6462976721348 50.5856122060805,8.64528883217927 50.5853880364046,8.64453937753559 50.5857914975492,8.64479875594647 50.5864191314068)))","713421","18821","55621","74442","787863"
"MULTIPOLYGON (((8.67126287062996 50.590586201588,8.67227200907627 50.5908101603419,8.67302146852763 50.5904065294536,8.6727617826486 50.5897789428525,8.67175265488513 50.5895549876162,8.67100320231795 50.5899586154635,8.67126287062996 50.590586201588)))","1402442","27242","213042","240284","1642726"
"MULTIPOLYGON (((8.74102253254704 50.5952152521214,8.74203233643864 50.5954386476856,8.74278172089475 50.5950345293253,8.74252129462037 50.5944070184509,8.741511501449 50.5941836263962,8.74076212383189 50.5945877417065,8.74102253254704 50.5952152521214)))","133364","5764","15464","21228","154592"
"MULTIPOLYGON (((8.70779792257312 50.5946982761696,8.70880743418564 50.5949219393607,8.70955687269827 50.594518065946,8.70929679273766 50.5938905323859,8.70828729182809 50.593666872708,8.70753786017631 50.5940707430769,8.70779792257312 50.5946982761696)))","112578","10178","52778","62956","175534"
"MULTIPOLYGON (((8.71512490011149 50.5968912574456,8.71613450626341 50.5971148607735,8.71688395519081 50.5967109491259,8.71662379110997 50.5960834371974,8.71561419566548 50.5958598373818,8.71486475359452 50.5962637459825,8.71512490011149 50.5968912574456)))","8541","1041","3441","4482","13023"
"MULTIPOLYGON (((8.69209442430025 50.5678462618127,8.6931034134168 50.5680700623083,8.69385259208112 50.5676661026501,8.69359277476307 50.5670383455386,8.69258379633313 50.5668145485595,8.69183462453477 50.5672185051755,8.69209442430025 50.5678462618127)))","136313","18913","30013","48926","185239"
"MULTIPOLYGON (((8.65967024272631 50.56920097585,8.66067897279181 50.5694250364886,8.66142822348614 50.5690213300937,8.66116873722747 50.5683935660984,8.66016001783228 50.5681695089798,8.65941077402557 50.5685732123365,8.65967024272631 50.56920097585)))","470117","3717","16417","20134","490251"
"MULTIPOLYGON (((8.6835732127894 50.5893278957801,8.6845824388503 50.5895517560502,8.68533186294851 50.5891480233523,8.68507205411012 50.5885204334267,8.68406283873801 50.5882965766728,8.6833134215156 50.5887003063283,8.6835732127894 50.5893278957801)))","217279","3679","35079","38758","256037"
"MULTIPOLYGON (((8.65016028015283 50.5927400356425,8.65116926819705 50.5929641631763,8.65191878808715 50.5925607068145,8.65165931303466 50.5919331259574,8.65065033566299 50.5917090019433,8.64990082267141 50.5921124552667,8.65016028015283 50.5927400356425)))","57183","3483","48283","51766","108949"
"MULTIPOLYGON (((8.69727776162366 50.5604435957056,8.69828668842228 50.5606673575203,8.69903577855372 50.5602633028378,8.69877593502558 50.5596354893831,8.69776701891401 50.5594117310848,8.69701793564363 50.5598157827249,8.69727776162366 50.5604435957056)))","28493","1693","4893","6586","35079"
"MULTIPOLYGON (((8.69849740361348 50.6142912388558,8.69950711859391 50.614514968797,8.70025678396381 50.6141113139213,8.69999672748252 50.6134839321505,8.69898702320621 50.6132602057224,8.6982373647072 50.6136638575522,8.69849740361348 50.6142912388558)))","308817","8117","18717","26834","335651"
"MULTIPOLYGON (((8.66912670790517 50.5809921881802,8.67013568945519 50.5812161680189,8.670885049808 50.5808124802778,8.67062542172718 50.5801848157383,8.66961645085594 50.5799608394179,8.66886709738685 50.5803645241188,8.66912670790517 50.5809921881802)))","1118254","44554","141054","185608","1303862"
"MULTIPOLYGON (((8.67068447650492 50.5847580641181,8.67169352581656 50.5849820298993,8.67244292378844 50.5845783590819,8.67218326556534 50.5839507255238,8.6711742269344 50.5837267632605,8.67042483584595 50.5841304310375,8.67068447650492 50.5847580641181)))","1429557","243857","318357","562214","1991771"
"MULTIPOLYGON (((8.62123575102003 50.5515319323901,8.62224389543209 50.5517563089252,8.62299302445523 50.5513527565293,8.62273400215697 50.5507248306307,8.62172586838997 50.5505004576208,8.62097674627629 50.5509040069845,8.62123575102003 50.5515319323901)))","21588","388","1988","2376","23964"
"MULTIPOLYGON (((8.72519016864385 50.5968404687288,8.72619986036494 50.5970639910702,8.72694929070706 50.5966600036386,8.72668902247847 50.5960324969138,8.72567934146995 50.5958089780836,8.72492991797759 50.5962129624671,8.72519016864385 50.5968404687288)))","3991","1091","10791","11882","15873"
"MULTIPOLYGON (((8.71750119108137 50.5495312314055,8.71851013393244 50.5497548349804,8.71925907111368 50.5493505459883,8.71899905859835 50.5487226564656,8.71799012644137 50.5484990564055,8.71724119610575 50.5489033423534,8.71750119108137 50.5495312314055)))","51968","868","1568","2436","54404"
"MULTIPOLYGON (((8.61457636162129 50.5620246056296,8.61558459991943 50.5622490314594,8.61633385301515 50.5618456086329,8.61607486089693 50.5612177630086,8.61506663324356 50.5609933407042,8.61431738706376 50.5613967604986,8.61457636162129 50.5620246056296)))","6008","408","508","916","6924"
"MULTIPOLYGON (((8.67495810673346 50.6039439504581,8.67596746992099 50.6041678740271,8.67671706613056 50.6037643169184,8.67645729226829 50.6031368392832,8.67544793976962 50.6029129192305,8.67469835044442 50.6033164732969,8.67495810673346 50.6039439504581)))","272983","3283","9383","12666","285649"
"MULTIPOLYGON (((8.68003488720188 50.6073494148865,8.68104434323976 50.6075732962232,8.68179396698011 50.6071697269434,8.68153412780104 50.6065422793701,8.68052468245564 50.6063184015489,8.67977506559699 50.6067219677856,8.68003488720188 50.6073494148865)))","20304","4604","8804","13408","33712"
"MULTIPOLYGON (((8.72235891896012 50.5922242692788,8.723368519709 50.5924478163128,8.72411790562079 50.5920438150269,8.72385768393306 50.5914162697546,8.72284809389386 50.5911927262324,8.72209871483282 50.5915967244708,8.72235891896012 50.5922242692788)))","424198","117298","135998","253296","677494"
"MULTIPOLYGON (((8.72892319920085 50.5571939470967,8.72993235045832 50.5574174556624,8.73068134921972 50.5570131392625,8.73042118988427 50.5563853173431,8.7294120493292 50.5561618122905,8.72866305740733 50.5565661256443,8.72892319920085 50.5571939470967)))","2775","275","575","850","3625"
"MULTIPOLYGON (((8.67326744167271 50.5511236006001,8.67427602787962 50.5513475592324,8.67502506085868 50.5509436137287,8.67476550075583 50.5503157126316,8.67375692522069 50.5500917575189,8.67300789911673 50.5504956999838,8.67326744167271 50.5511236006001)))","722","0","122","122","844"
"MULTIPOLYGON (((8.6909702332367 50.6160416058481,8.6919799088866 50.6162653956293,8.69272960647344 50.6158618104564,8.69246962153436 50.6152344385475,8.69145995658525 50.6150106522801,8.69071026587457 50.6154142344079,8.6909702332367 50.6160416058481)))","1509","109","309","418","1927"
"MULTIPOLYGON (((8.6717757893193 50.5718891623403,8.67278466224804 50.5721131245768,8.67353392032556 50.571709347865,8.67327429859432 50.5710816119567,8.67226543634296 50.5708576532388,8.67151618514557 50.5712614269107,8.6717757893193 50.5718891623403)))","193635","15735","101235","116970","310605"
"MULTIPOLYGON (((8.67021823960598 50.5681226723382,8.67122704479791 50.5683466486223,8.67197626527129 50.567942854989,8.67171667367236 50.5673150881111,8.67070787915583 50.5670911153459,8.66995866556294 50.5674949059398,8.67021823960598 50.5681226723382)))","992066","3266","70366","73632","1065698"
"MULTIPOLYGON (((8.67887640202657 50.5956951548706,8.67988567970539 50.5959190503091,8.68063518044783 50.5955154011707,8.68037539663135 50.594887859636,8.67936612964083 50.5946639677138,8.67861663577857 50.59506761381,8.67887640202657 50.5956951548706)))","777708","28208","97308","125516","903224"
"MULTIPOLYGON (((8.64427858592394 50.6051109196522,8.64528770204357 50.6053350894209,8.64603736506442 50.6049317711329,8.64577790506089 50.6043042861146,8.64476879961452 50.6040801198654,8.64401914349853 50.6044834351151,8.64427858592394 50.6051109196522)))","88496","10296","14696","24992","113488"
"MULTIPOLYGON (((8.72431553968899 50.5880979801797,8.72532509759944 50.5883215131666,8.72607443575644 50.5879174658866,8.7258142091545 50.5872898886673,8.72480466195348 50.5870663591922,8.72405533064512 50.5874704034247,8.72431553968899 50.5880979801797)))","10291","3291","6091","9382","19673"
"MULTIPOLYGON (((8.6570467096927 50.560635910505,8.65805529363824 50.5608599956849,8.65880445719319 50.5604562439366,8.658545029915 50.5598284100458,8.65753645663578 50.5596043283866,8.65678729996853 50.5600080770976,8.6570467096927 50.560635910505)))","3668","568","1068","1636","5304"
"MULTIPOLYGON (((8.70083798027004 50.6199374378645,8.70184779699656 50.6201611466316,8.70259751880794 50.6197575171289,8.70233741702253 50.6191301819055,8.70132761100308 50.6189064766509,8.70057789606213 50.6193101031072,8.70083798027004 50.6199374378645)))","1635","135","335","470","2105"
"MULTIPOLYGON (((8.63162829300936 50.5789312640897,8.63263692213754 50.5791555461524,8.63338632656142 50.5787521238392,8.6331270949492 50.5781244224984,8.63211847647978 50.5779001439582,8.63136907896395 50.5783035632362,8.63162829300936 50.5789312640897)))","86225","825","4925","5750","91975"
"MULTIPOLYGON (((8.66997049644637 50.6073960182769,8.67097986664428 50.6076199805403,8.67172950875458 50.6072164870401,8.67146977377869 50.6065890343184,8.67046041426804 50.6063650755717,8.66971077904613 50.6067685660301,8.66997049644637 50.6073960182769)))","35684","1084","1284","2368","38052"
"MULTIPOLYGON (((8.6348892167338 50.5579911867607,8.63589757186761 50.5582154510438,8.63664674612565 50.55781184531,8.63638755834823 50.5571839783273,8.63537921386848 50.5569597175675,8.63463004651222 50.557363320267,8.6348892167338 50.5579911867607)))","2552","0","352","352","2904"
"MULTIPOLYGON (((8.66887830680018 50.6202584056679,8.66988785355363 50.6204823714204,8.67063763570072 50.6200789838545,8.6703778642029 50.6194516335785,8.66936832814012 50.619227671342,8.66861855288465 50.6196310558655,8.66887830680018 50.6202584056679)))","14394","48794","116194","164988","179382"
"MULTIPOLYGON (((8.66028304003879 50.6172116417159,8.66129246880386 50.6174356778486,8.66204223346316 50.6170323315487,8.66178256246087 50.6164049521573,8.66077314438107 50.6161809195417,8.66002338661845 50.6165842628004,8.66028304003879 50.6172116417159)))","247227","10027","12727","22754","269981"
"MULTIPOLYGON (((8.66393964575586 50.5883906580369,8.66494868953077 50.5886146765681,8.66569813840814 50.588211083889,8.66543853662211 50.5875834757185,8.66442950352555 50.5873594607056,8.66368006153679 50.5877630503449,8.66393964575586 50.5883906580369)))","1429564","60664","126264","186928","1616492"
"MULTIPOLYGON (((8.65598583601983 50.6156880267967,8.65699520578208 50.6159120981103,8.65774496168411 50.6155087724408,8.65748534092476 50.6148813784983,8.65647598184508 50.6146573107023,8.65572623284229 50.6150606333312,8.65598583601983 50.6156880267967)))","166605","5205","46805","52010","218615"
"MULTIPOLYGON (((8.63044508447874 50.5849385255424,8.63145379012262 50.5851628146853,8.63220326104891 50.5847594468637,8.63194401942144 50.5841317929346,8.63093532443755 50.5839075073138,8.63018586042126 50.5843108721001,8.63044508447874 50.5849385255424)))","1429547","42247","149047","191294","1620841"
"MULTIPOLYGON (((8.67475769267912 50.6078883069823,8.67576711114881 50.6081122305426,8.67651675004811 50.6077087049055,8.67625696359259 50.6070812587506,8.6752475558128 50.6068573387064,8.67449792379878 50.6072608613011,8.67475769267912 50.6078883069823)))","151498","1798","7498","9296","160794"
"MULTIPOLYGON (((8.69956810254667 50.6190863837681,8.70057789606213 50.6193101031072,8.70132761100308 50.6189064766509,8.70106752555763 50.618279133902,8.70005774274833 50.6180554180757,8.69930803467847 50.6184590414856,8.69956810254667 50.6190863837681)))","776","276","676","952","1728"
"MULTIPOLYGON (((8.68944785488397 50.5769507804049,8.6904569526836 50.5771745984805,8.6912062336281 50.5767707277727,8.69094640990364 50.5761430420319,8.68993732279204 50.5759192274726,8.68918804871704 50.576323095138,8.68944785488397 50.5769507804049)))","341770","89870","257070","346940","688710"
"MULTIPOLYGON (((8.66638880285816 50.5832344765013,8.66739779324193 50.5834584774406,8.66814718248715 50.5830548272465,8.66788757446281 50.5824271791531,8.66687859475705 50.5822031817322,8.6661292123978 50.5826068288864,8.66638880285816 50.5832344765013)))","1429599","260199","318399","578598","2008197"
"MULTIPOLYGON (((8.73858374283347 50.5827067578377,8.73959334512327 50.5829301782015,8.74034259985756 50.5825259831135,8.74008224546397 50.5818983707106,8.73907265388936 50.5816749538573,8.73832340599323 50.5820791458964,8.73858374283347 50.5827067578377)))","6844","944","1144","2088","8932"
"MULTIPOLYGON (((8.6895196429571 50.6014749293797,8.69052909558174 50.6016987368382,8.69127863940495 50.6012950518514,8.69101872372932 50.60066756245,8.69000928180023 50.6004437585062,8.68925974485131 50.6008474404492,8.6895196429571 50.6014749293797)))","200569","4269","31969","36238","236807"
"MULTIPOLYGON (((8.70978238195677 50.5552334737705,8.71079134087174 50.5554571371232,8.71154035289991 50.5550529492203,8.71128039916142 50.5544251010083,8.71027145093832 50.5542014411709,8.70952244576199 50.5546056260302,8.70978238195677 50.5552334737705)))","2440","0","340","340","2780"
"MULTIPOLYGON (((8.69787478827837 50.5486011822631,8.69888354940083 50.5488249440691,8.69963251165821 50.5484207950465,8.69937270593487 50.5477928872598,8.69836395549616 50.5475691289709,8.69761500009713 50.5479732749517,8.69787478827837 50.5486011822631)))","206","0","106","106","312"
"MULTIPOLYGON (((8.65189062841261 50.6102205296309,8.65289988389916 50.610444636115,8.65364958833514 50.6100412995919,8.65339003038387 50.6094138596244,8.65238078557612 50.6091897566587,8.65163108804099 50.6095930901421,8.65189062841261 50.6102205296309)))","145925","7725","56925","64650","210575"
"MULTIPOLYGON (((8.63975739059711 50.565345846874,8.64076589371193 50.5655700690935,8.64151513821166 50.5651664826918,8.6412558726967 50.5645386771062,8.6402473802407 50.5643144584091,8.63949814264097 50.5647180417754,8.63975739059711 50.565345846874)))","32789","5389","5489","10878","43667"
"MULTIPOLYGON (((8.62856843250511 50.5959205843456,8.62957728054996 50.5961448841187,8.63032687259125 50.5957416137849,8.63006760967439 50.595114046714,8.62905877229188 50.5948897504626,8.62830918716401 50.5952930177606,8.62856843250511 50.5959205843456)))","685438","54038","73438","127476","812914"
"MULTIPOLYGON (((8.70749300651953 50.6094468775709,8.7085027286725 50.6096705371294,8.70925232597193 50.6092667780442,8.70899219425451 50.6086393624473,8.70798248280881 50.6084157064012,8.70723289237338 50.6088194624397,8.70749300651953 50.6094468775709)))","560771","7071","8871","15942","576713"
"MULTIPOLYGON (((8.65777164426196 50.5978499673239,8.65878077160704 50.5980740315865,8.65953033287436 50.5976705569898,8.65927075990216 50.5970430211702,8.6582616432351 50.596818960426,8.65751208886234 50.5972224319831,8.65777164426196 50.5978499673239)))","525553","18853","38653","57506","583059"
"MULTIPOLYGON (((8.68946651590321 50.559281032406,8.69047535888297 50.5595048575083,8.69122445046672 50.5591008525274,8.69096469220487 50.5584730254857,8.68995585990777 50.5582492039007,8.68920677518999 50.5586532058402,8.68946651590321 50.559281032406)))","21230","2630","3930","6560","27790"
"MULTIPOLYGON (((8.62255116752684 50.5769123568108,8.62355968931584 50.5771367126131,8.62430908802671 50.5767333430235,8.62404995803505 50.5761056206656,8.6230414468995 50.5758812683868,8.62229205510227 50.5762846349425,8.62255116752684 50.5769123568108)))","8652","652","1552","2204","10856"
"MULTIPOLYGON (((8.63969493330286 50.600673334301,8.640703945841 50.6008975427231,8.6414535693115 50.6004942250804,8.64119417333695 50.5998667020532,8.6401851714684 50.5996424971514,8.63943555490493 50.6000458117565,8.63969493330286 50.600673334301)))","903","0","103","103","1006"
"MULTIPOLYGON (((8.71090581486065 50.6198885157167,8.71191571729042 50.6201121434787,8.7126654205742 50.6197084381737,8.71240521456457 50.6190811081544,8.71139532284707 50.6188574839038,8.71064562642705 50.6192611861611,8.71090581486065 50.6198885157167)))","42091","7691","7891","15582","57673"
"MULTIPOLYGON (((8.68190427078434 50.5963668165594,8.6829135841836 50.5965906873705,8.68366308675108 50.596187020644,8.68340326904109 50.5955594861492,8.68239396633191 50.595335618854,8.68164447064274 50.5957392825378,8.68190427078434 50.5963668165594)))","1429514","171814","318314","490128","1919642"
"MULTIPOLYGON (((8.63064788653813 50.5809934458894,8.63165653698397 50.581217734997,8.63240596524406 50.580814335694,8.63214673614928 50.5801866503187,8.6311380963623 50.5799623647336,8.63038867501132 50.5803657610013,8.63064788653813 50.5809934458894)))","258982","1082","7082","8164","267146"
"MULTIPOLYGON (((8.65188836469708 50.550365826272,8.65289675618443 50.5505899570302,8.65364581884074 50.5501861660019,8.65338648312079 50.5495582472515,8.65237810229391 50.5493341200153,8.65162904652666 50.5497379080075,8.65188836469708 50.550365826272)))","1734","434","2234","2668","4402"
"MULTIPOLYGON (((8.66456740126014 50.558885430473,8.66557602462559 50.5591094559118,8.6663251561356 50.5587056345117,8.66606565739793 50.5580777907112,8.66505704470214 50.5578537687926,8.66430792007452 50.5582575871545,8.66456740126014 50.558885430473)))","4951","251","651","902","5853"
"MULTIPOLYGON (((8.72286854094369 50.5558527232809,8.72387762097404 50.5560762811086,8.72462661622647 50.5556719998802,8.72436652460536 50.5550441638696,8.72335745527382 50.5548206095558,8.72260846686469 50.5552248877388,8.72286854094369 50.5558527232809)))","100947","19147","32347","51494","152441"
"MULTIPOLYGON (((8.71716352106028 50.617286023964,8.71817343953405 50.6175096024396,8.71892310366767 50.6171058304755,8.71866284246853 50.6164784830842,8.71765293470943 50.6162549081195,8.71690327743494 50.6166586770352,8.71716352106028 50.617286023964)))","6460","160","260","420","6880"
"MULTIPOLYGON (((8.67662786766132 50.596906032601,8.67763714350978 50.5971299456272,8.67838666123617 50.5967263225374,8.67812689623236 50.5960987894636,8.67711763107142 50.595874879954,8.67636812022689 50.5962785000017,8.67662786766132 50.596906032601)))","1161619","51119","81819","132938","1294557"
"MULTIPOLYGON (((8.73701515051668 50.5966081880302,8.73802494021276 50.59683161528,8.73877434681931 50.5964275375133,8.73851395688793 50.5958000355465,8.73750417791045 50.5955766118065,8.73675477814585 50.5959806865236,8.73701515051668 50.5966081880302)))","27468","1168","2868","4036","31504"
"MULTIPOLYGON (((8.74112369325253 50.5844087893009,8.74213334187904 50.5846321885167,8.74288261028765 50.5842279873301,8.742622223233 50.5836003899771,8.74161258532346 50.5833769942715,8.74086332375167 50.5837811924088,8.74112369325253 50.5844087893009)))","371687","21687","69987","91674","463361"
"MULTIPOLYGON (((8.6113095198842 50.5829617709547,8.61231803206787 50.5831862146232,8.6130675153451 50.5827829752646,8.61280847951659 50.5821552952706,8.6117999779824 50.5819308551266,8.61105050162736 50.5823340914523,8.6113095198842 50.5829617709547)))","78640","3240","7040","10280","88920"
"MULTIPOLYGON (((8.66892603670017 50.584937740546,8.66993507348978 50.5851617203926,8.67068447650492 50.5847580641181,8.67042483584595 50.5841304310375,8.66941580973626 50.583906454709,8.66866641360573 50.5843101079431,8.66892603670017 50.584937740546)))","906463","107363","148563","255926","1162389"
"MULTIPOLYGON (((8.66108787621291 50.6014356634394,8.66209708388886 50.6016596995736,8.66284667776659 50.6012562273617,8.66258705707545 50.600628722056,8.66157786008031 50.6004046894397,8.66082827309564 50.6008081586113,8.66108787621291 50.6014356634394)))","96920","6320","21620","27940","124860"
"MULTIPOLYGON (((8.62819663974461 50.5861485593359,8.62920534348577 50.5863728660556,8.62995483134087 50.5859695242813,8.62969560854318 50.5853418788227,8.62868691546122 50.5851175756254,8.62793743451782 50.5855209143645,8.62819663974461 50.5861485593359)))","191082","2882","16882","19764","210846"
"MULTIPOLYGON (((8.66293452209576 50.6081138570355,8.66394384215929 50.608337875585,8.66469350444453 50.6079344402732,8.66443383977326 50.6073069894531,8.66342453039363 50.607082974421,8.66267487500149 50.6074864066917,8.66293452209576 50.6081138570355)))","6690","0","1290","1290","7980"
"MULTIPOLYGON (((8.68105605303773 50.5699582197369,8.68206497783971 50.5701821081404,8.68281419875956 50.5697782472253,8.68255448800388 50.5691505009476,8.68154557388346 50.5689266160616,8.68079635983727 50.5693304739359,8.68105605303773 50.5699582197369)))","3611","111","611","722","4333"
"MULTIPOLYGON (((8.67306708541489 50.555070851356,8.67407572681867 50.5552948100093,8.6748248024232 50.5548908959613,8.67456522974806 50.5542630262989,8.67355659901718 50.5540390711649,8.67280753028864 50.554442982174,8.67306708541489 50.555070851356)))","782","182","282","464","1246"
"MULTIPOLYGON (((8.65082361118488 50.6054249943067,8.65183278818522 50.6056491113325,8.6525824430263 50.6052457463679,8.65232291396657 50.6046182674168,8.65131374764299 50.6043941539099,8.65056409970252 50.6047975158352,8.65082361118488 50.6054249943067)))","71418","9618","10818","20436","91854"
"MULTIPOLYGON (((8.65528896969089 50.5608155484812,8.6562975411095 50.5610396477154,8.6570467096927 50.560635910505,8.65678729996853 50.5600080770976,8.65577873921534 50.5597839813844,8.65502957752102 50.5601877155577,8.65528896969089 50.5608155484812)))","4993","193","793","986","5979"
"MULTIPOLYGON (((8.68085607413586 50.5739045271745,8.68186505417281 50.5741284155834,8.68261431774032 50.5737245861268,8.68235459439638 50.5730968713025,8.68134562504207 50.5728729864109,8.68059636834914 50.5732768128264,8.68085607413586 50.5739045271745)))","410717","21717","166117","187834","598551"
"MULTIPOLYGON (((8.68206318402695 50.6277399827784,8.68307295234262 50.6279638393761,8.68382279142495 50.6275604098665,8.68356285530734 50.626933126804,8.68255309769143 50.6267092737205,8.68180326549351 50.6271127001854,8.68206318402695 50.6277399827784)))","10804","204","504","708","11512"
"MULTIPOLYGON (((8.72149528455603 50.5658116141174,8.72250449651006 50.5660351789361,8.72325360087898 50.5656309835761,8.72299348644789 50.5650032264433,8.72198428519504 50.564779665138,8.72123518767224 50.5651838574522,8.72149528455603 50.5658116141174)))","849","0","249","249","1098"
"MULTIPOLYGON (((8.64125815252548 50.5445805678566,8.64226636916135 50.5448047863361,8.6430153885944 50.5444010310896,8.64275618449686 50.543773060398,8.64174797851425 50.543548845442,8.6409989659761 50.5439525976542,8.64125815252548 50.5445805678566)))","32526","2726","7026","9752","42278"
"MULTIPOLYGON (((8.72510585491698 50.5723124379613,8.72611519164686 50.5725359710696,8.72686435919129 50.5721317980122,8.72660418316091 50.5715040948932,8.72559485713607 50.5712805652975,8.72484569643669 50.5716847353083,8.72510585491698 50.5723124379613)))","211592","46692","272792","319484","531076"
"MULTIPOLYGON (((8.68765124420924 50.612457069227,8.68866083952158 50.6126808871913,8.68941050453805 50.6122772996484,8.6891505673646 50.6116498971857,8.68814098275025 50.6114260827357,8.68739132461145 50.6118296672342,8.68765124420924 50.612457069227)))","91229","6229","21229","27458","118687"
"MULTIPOLYGON (((8.68756095581242 50.6055994179595,8.68857045122 50.6058232394773,8.68932004279045 50.6054196005032,8.68906013207706 50.6047921430553,8.68805064736533 50.6045683250523,8.68730106267122 50.6049719609825,8.68756095581242 50.6055994179595)))","7017","117","717","834","7851"
"MULTIPOLYGON (((8.68649135651134 50.6008034577317,8.68750077342147 50.6010272898261,8.68825031543081 50.6006236224299,8.68799043365399 50.5999961259827,8.68698102743765 50.5997722974034,8.68623149230445 50.6001759617562,8.68649135651134 50.6008034577317)))","1429584","91784","148784","240568","1670152"
"MULTIPOLYGON (((8.70845807721063 50.6250433823434,8.70946803320272 50.6252670276625,8.71021779622255 50.6248633798761,8.70995759638406 50.6242360898186,8.70894765110456 50.6240124480109,8.70819789495113 50.6244160927495,8.70845807721063 50.6250433823434)))","189375","39475","53675","93150","282525"
"MULTIPOLYGON (((8.72960077156377 50.5698873046022,8.73061011180239 50.5701108025314,8.73135924530104 50.5697065773969,8.73109903171967 50.5690788573802,8.73008970218764 50.5688553629633,8.72934057553056 50.5692595850508,8.72960077156377 50.5698873046022)))","15064","1464","4664","6128","21192"
"MULTIPOLYGON (((8.69780860152333 50.6192662622508,8.698818382533 50.6194899956738,8.69956810254667 50.6190863837681,8.69930803467847 50.6184590414856,8.69829826437409 50.6182353115755,8.69754855123272 50.6186389204351,8.69780860152333 50.6192662622508)))","1380","180","280","460","1840"
"MULTIPOLYGON (((8.64451070824018 50.5835050953951,8.64551951431447 50.583729272088,8.64626894511407 50.5833257879342,8.64600956293905 50.5826981301247,8.64500076753155 50.5824739569526,8.64425134363242 50.5828774380693,8.64451070824018 50.5835050953951)))","488761","19561","35561","55122","543883"
"MULTIPOLYGON (((8.7113026830422 50.6120000247767,8.71231247479774 50.6122236526186,8.71306209268503 50.611819884392,8.71280191195493 50.611192491371,8.71179213090941 50.610968867041,8.71104251988409 50.6113726322202,8.7113026830422 50.6120000247767)))","552208","5208","42308","47516","599724"
"MULTIPOLYGON (((8.68941050453805 50.6122772996484,8.69042011236377 50.6125011035337,8.69116977231714 50.612097501442,8.69090981756842 50.6114700985096,8.68990022044149 50.6112462981385,8.6891505673646 50.6116498971857,8.68941050453805 50.6122772996484)))","6240","140","440","580","6820"
"MULTIPOLYGON (((8.6883785537363 50.5721529905104,8.68938757310166 50.5723768191388,8.6901368045271 50.571972920017,8.68987700971804 50.5713451953089,8.68886800103868 50.5711213701972,8.6881187764825 50.571525266277,8.6883785537363 50.5721529905104)))","1429500","213400","318300","531700","1961200"
"MULTIPOLYGON (((8.64085391140109 50.5524747842576,8.641862238347 50.5526990028301,8.6426113430264 50.5522953105166,8.6423521138633 50.5516674026654,8.64134379757287 50.5514431876159,8.6405946997902 50.5518468768947,8.64085391140109 50.5524747842576)))","21726","1026","2326","3352","25078"
"MULTIPOLYGON (((8.65278407791877 50.6013015157547,8.6537932122124 50.6015256187052,8.65454281933375 50.6011222077154,8.65428328526311 50.6004946968143,8.65327416164603 50.6002705973827,8.65252456142316 50.6006740053333,8.65278407791877 50.6013015157547)))","4829","1129","16729","17858","22687"
"MULTIPOLYGON (((8.71226865966533 50.627596110171,8.71327868528967 50.6278197237551,8.71402846890465 50.627416066824,8.71376822003103 50.6267887993574,8.71275820512202 50.626565189284,8.71200842837139 50.6269688431667,8.71226865966533 50.627596110171)))","66839","24039","25139","49178","116017"
"MULTIPOLYGON (((8.66137671491437 50.6043490774729,8.66238596717162 50.604573110092,8.66313559180528 50.6041696578504,8.66287595728843 50.6035421760304,8.66186671571309 50.603318146929,8.66111709797283 50.60372159613,8.66137671491437 50.6043490774729)))","19509","109","909","1018","20527"
"MULTIPOLYGON (((8.67845101124989 50.5437201980549,8.67945953525532 50.5439441179954,8.68020847978415 50.5435400774747,8.67994889343746 50.5429121200527,8.67894038010424 50.5426882036317,8.67819144244562 50.5430922411134,8.67845101124989 50.5437201980549)))","528","0","228","228","756"
"MULTIPOLYGON (((8.71893432568089 50.5994445249714,8.71994400139952 50.5996680965875,8.72069347089223 50.599264175798,8.72043325781206 50.5986366864399,8.7194235928036 50.5984131183354,8.7186741301653 50.5988170360774,8.71893432568089 50.5994445249714)))","14019","1119","3519","4638","18657"
"MULTIPOLYGON (((8.6912062336281 50.5767707277727,8.69221534392663 50.5769945317796,8.69296461981168 50.5765906465296,8.69270477853 50.5759629603153,8.69169567892037 50.5757391598245,8.69094640990364 50.5761430420319,8.6912062336281 50.5767707277727)))","384029","16729","34129","50858","434887"
"MULTIPOLYGON (((8.66434153785141 50.5804998365535,8.665350471153 50.5807238550635,8.66609983470107 50.5803201994465,8.66584025806089 50.579692528359,8.66483133543543 50.5794685133677,8.66408197877412 50.5798721659453,8.66434153785141 50.5804998365535)))","1429548","251248","318348","569596","1999144"
"MULTIPOLYGON (((8.66215559589019 50.6062314905038,8.66316488204966 50.6064555160886,8.66391452550881 50.606052072312,8.66365487591534 50.6054246059914,8.66264560043877 50.605200583924,8.66189596387292 50.6056040246599,8.66215559589019 50.6062314905038)))","6673","873","2273","3146","9819"
"MULTIPOLYGON (((8.72638469888292 50.5554912478684,8.72739380382811 50.5557147775529,8.72814278890973 50.5553104672451,8.72788266220542 50.5546826302987,8.72687356796077 50.5544591041277,8.72612458972004 50.5548634113897,8.72638469888292 50.5554912478684)))","6517","217","917","1134","7651"
"MULTIPOLYGON (((8.62692875399958 50.5852965971133,8.62793743451782 50.5855209143645,8.62868691546122 50.5851175756254,8.62842770897404 50.5844899226703,8.62741903911401 50.5842656089418,8.62666956508306 50.5846689446458,8.62692875399958 50.5852965971133)))","294223","1623","5123","6746","300969"
"MULTIPOLYGON (((8.6405041394332 50.5848947134215,8.64151293107587 50.5851189217506,8.64226238383731 50.584715478185,8.64200303805282 50.584087829327,8.6409942570753 50.583863624519,8.64024481121724 50.5842670650479,8.6405041394332 50.5848947134215)))","1719","0","419","419","2138"
"MULTIPOLYGON (((8.71177910102535 50.6286270115603,8.71278913736512 50.6288506286552,8.71353893292967 50.6284469832284,8.71327868528967 50.6278197237551,8.71226865966533 50.627596110171,8.71151887096567 50.6279997525494,8.71177910102535 50.6286270115603)))","16695","3895","4095","7990","24685"
"MULTIPOLYGON (((8.73799959158165 50.576877285379,8.73900910468164 50.577100712844,8.73975829798935 50.5766964778698,8.73949797135984 50.5760688184793,8.73848846897291 50.5758453945252,8.73773928250261 50.5762496264509,8.73799959158165 50.576877285379)))","4358","2258","6058","8316","12674"
"MULTIPOLYGON (((8.6687014320655 50.6065445932113,8.66971077904613 50.6067685660301,8.67046041426804 50.6063650755717,8.67020069562049 50.6057376153363,8.66919135932624 50.6055136460343,8.66844173099335 50.6059171334511,8.6687014320655 50.6065445932113)))","7647","147","247","394","8041"
"MULTIPOLYGON (((8.67905525715287 50.6094113830809,8.68006473457587 50.6096352714486,8.68081438218985 50.609231725178,8.6805545454982 50.6086042935828,8.67954507876778 50.6083804087306,8.67879543803658 50.6087839519581,8.67905525715287 50.6094113830809)))","4617","217","1317","1534","6151"
"MULTIPOLYGON (((8.72921478780108 50.5601094718519,8.73022398362134 50.5603329768827,8.73097301308017 50.5599286804246,8.73071283987891 50.5593008819821,8.72970365476205 50.5590773804641,8.72895463214315 50.5594816738758,8.72921478780108 50.5601094718519)))","771","0","171","171","942"
"MULTIPOLYGON (((8.69941748163558 50.570040428014,8.70042656527228 50.5702641687192,8.70117575440104 50.5698601708504,8.70091585303165 50.5692324353199,8.69990678008603 50.5690086981303,8.69915759781881 50.5694126929558,8.69941748163558 50.570040428014)))","48747","5247","18547","23794","72541"
"MULTIPOLYGON (((8.64984278765573 50.5476299739861,8.6508511221084 50.5478541222762,8.65160015907529 50.5474503258201,8.65134085469975 50.5468223841095,8.65033253090572 50.5465982393417,8.64958350082868 50.5470020327622,8.64984278765573 50.5476299739861)))","1205","105","205","310","1515"
"MULTIPOLYGON (((8.687541800674 50.6232577349324,8.68855155123113 50.6234815493101,8.68930133241523 50.6230780446732,8.6890413561624 50.6224507287036,8.68803161630647 50.6222269178397,8.68728184200224 50.6226304194315,8.687541800674 50.6232577349324)))","63189","10989","15589","26578","89767"
"MULTIPOLYGON (((8.7283224161701 50.5867052719589,8.72933198830432 50.5869287732705,8.73008130434014 50.5865246854011,8.72982104139613 50.585897099268,8.728811479973 50.5856736014678,8.72806217078291 50.5860776862894,8.7283224161701 50.5867052719589)))","3346","346","646","992","4338"
"MULTIPOLYGON (((8.71105129337832 50.5560849773551,8.71206027545713 50.5563086301553,8.71280929433644 50.5559044392085,8.71254932428591 50.5552765985054,8.71154035289991 50.5550529492203,8.71079134087174 50.5554571371232,8.71105129337832 50.5560849773551)))","2000","200","400","600","2600"
"MULTIPOLYGON (((8.71601040561811 50.5879685763163,8.71701989045439 50.5881921761925,8.71776924210568 50.587788190142,8.71750910206669 50.5871606072618,8.71649962793552 50.5869370108983,8.71575028313834 50.5873409939023,8.71601040561811 50.5879685763163)))","977105","28405","147905","176310","1153415"
"MULTIPOLYGON (((8.63880882513776 50.5497388877758,8.63981709504082 50.5499631238722,8.64056617401674 50.5495594261271,8.64030697619218 50.54893149532,8.63929871694268 50.548707262747,8.63854964486428 50.5491109574578,8.63880882513776 50.5497388877758)))","19184","884","4884","5768","24952"
"MULTIPOLYGON (((8.6573956982787 50.588077531312,8.65840468124769 50.5883016025802,8.65915413834276 50.5878980565703,8.6588946055761 50.5872704423312,8.65788563328202 50.5870463745821,8.6571361830798 50.587449917553,8.6573956982787 50.588077531312)))","1272729","91229","153329","244558","1517287"
"MULTIPOLYGON (((8.64243398726724 50.5984325012333,8.64344299102123 50.598656688553,8.64419258561738 50.5982533333523,8.64393316955492 50.5976257938696,8.64292417647123 50.5974016100701,8.64217458877985 50.5978049622331,8.64243398726724 50.5984325012333)))","2969","369","569","938","3907"
"MULTIPOLYGON (((8.62839956980557 50.5822035741303,8.62940821834923 50.5824278808136,8.63015766353639 50.5820245075568,8.62989845326919 50.5813968306518,8.62888981538361 50.581172527491,8.62814037710727 50.5815758977128,8.62839956980557 50.5822035741303)))","1429550","20850","37050","57900","1487450"
"MULTIPOLYGON (((8.6198961837774 50.5860123971226,8.62090481402281 50.5862367705849,8.62165431498274 50.5858334900107,8.62139517878023 50.5852058390083,8.62038655918963 50.5849814690693,8.61963706514686 50.5853847466094,8.6198961837774 50.5860123971226)))","1429546","17046","318346","335392","1764938"
"MULTIPOLYGON (((8.70264354240983 50.5667648777182,8.70365260645756 50.5669885938079,8.70440175473761 50.5665845469048,8.70414183211129 50.5659567869556,8.7031327787553 50.5657330743813,8.70238363733404 50.5661371182409,8.70264354240983 50.5667648777182)))","291947","30647","71747","102394","394341"
"MULTIPOLYGON (((8.74034259985756 50.5825259831135,8.74135221459968 50.5827493893933,8.74210146423207 50.5823451797599,8.74184109228554 50.5817175668958,8.74083148825945 50.5814941641264,8.74008224546397 50.5818983707106,8.74034259985756 50.5825259831135)))","16752","652","5752","6404","23156"
"MULTIPOLYGON (((8.67644952338195 50.5831875172653,8.6774585995657 50.5834114373303,8.67820797047124 50.5830077113819,8.67794825831379 50.5823800684098,8.67693919281327 50.5821561518621,8.67618982878705 50.5825598747693,8.67644952338195 50.5831875172653)))","1429524","106624","166224","272848","1702372"
"MULTIPOLYGON (((8.66122716035073 50.5729674485594,8.66223595815414 50.5731914951599,8.66298524646379 50.5727878056912,8.66272573008284 50.5721600726606,8.66171694295166 50.5719360295796,8.66096766152933 50.5723397160098,8.66122716035073 50.5729674485594)))","224692","10392","46892","57284","281976"
"MULTIPOLYGON (((8.62802787396999 50.5724297098002,8.62903637826699 50.5726540234091,8.62978571930872 50.5722505787212,8.62952654914449 50.5716228234587,8.6285180555024 50.571398513373,8.62776872136978 50.5718019550266,8.62802787396999 50.5724297098002)))","3785","185","585","770","4555"
"MULTIPOLYGON (((8.73087032415791 50.5707385145648,8.73187968756068 50.5709620019285,8.73262882790027 50.5705577737468,8.73236859799629 50.5699300612485,8.73135924530104 50.5697065773969,8.73061011180239 50.5701108025314,8.73087032415791 50.5707385145648)))","2400","400","500","900","3300"
"MULTIPOLYGON (((8.61813806014423 50.5861912756418,8.61914667781695 50.5864156631558,8.6198961837774 50.5860123971226,8.61963706514686 50.5853847466094,8.61862845812813 50.5851603626189,8.61787895908606 50.5855636256181,8.61813806014423 50.5861912756418)))","285361","11961","12061","24022","309383"
"MULTIPOLYGON (((8.69978323710511 50.5974814591594,8.70079272015045 50.5977051856908,8.70154220283191 50.5973013934638,8.70128219560143 50.5966738777504,8.70027272325576 50.5964501547329,8.699523247441 50.5968539439149,8.69978323710511 50.5974814591594)))","70023","1823","4123","5946","75969"
"MULTIPOLYGON (((8.71667409423242 50.6183171203143,8.717684023421 50.6185407023008,8.71843369950156 50.6181369418392,8.71817343953405 50.6175096024396,8.71716352106028 50.617286023964,8.71641385183935 50.6176897813771,8.71667409423242 50.6183171203143)))","495","395","795","1190","1685"
"MULTIPOLYGON (((8.70279642411448 50.6158134760376,8.70380619801304 50.6160371707546,8.70455587204769 50.6156334952365,8.7042957653156 50.6150061280479,8.70328600212387 50.6147824368434,8.70253633495754 50.615186109315,8.70279642411448 50.6158134760376)))","402239","68539","80939","149478","551717"
"MULTIPOLYGON (((8.73467921886537 50.5732920359423,8.73568865176038 50.5735154916048,8.73643781261868 50.57311125428,8.73617753374322 50.5724835643407,8.73516811155846 50.5722601121897,8.73441895753905 50.5726643464666,8.73467921886537 50.5732920359423)))","737","0","137","137","874"
"MULTIPOLYGON (((8.63473925286552 50.5864632718726,8.63574801750957 50.5866875258934,8.63649749724076 50.5862841374584,8.63623820542054 50.5856564980389,8.63522945143914 50.5854322475398,8.63447997861541 50.5858356329386,8.63473925286552 50.5864632718726)))","326652","3752","24852","28604","355256"
"MULTIPOLYGON (((8.7239202494407 50.5959894295528,8.72492991797759 50.5962129624671,8.72567934146995 50.5958089780836,8.72541908957502 50.595181463834,8.72440943174978 50.5949579344311,8.72366001510789 50.5953619157666,8.7239202494407 50.5959894295528)))","17002","1802","14302","16104","33106"
"MULTIPOLYGON (((8.67437928235099 50.5981168321847,8.67538855636563 50.5983407627983,8.67613809107431 50.5979371657577,8.67587834488484 50.5973096411453,8.67486908155692 50.5970857140484,8.67411955373185 50.5974893080472,8.67437928235099 50.5981168321847)))","309254","17254","30354","47608","356862"
"MULTIPOLYGON (((8.66561004654535 50.5813515181674,8.66661900304902 50.5815755261332,8.66736837348321 50.5811718674766,8.66710878052769 50.5805442038938,8.66609983470107 50.5803201994465,8.665350471153 50.5807238550635,8.66561004654535 50.5813515181674)))","1127989","285489","318389","603878","1731867"
"MULTIPOLYGON (((8.72086985653442 50.6306392693449,8.72187999998073 50.6308628124182,8.72262980086311 50.6304591141841,8.72236945144007 50.6298318759263,8.72135931871449 50.6296083363627,8.72060952469137 50.6300120315471,8.72086985653442 50.6306392693449)))","8346","346","1346","1692","10038"
"MULTIPOLYGON (((8.68522209859945 50.5999521191024,8.68623149230445 50.6001759617562,8.68698102743765 50.5997722974034,8.68672116198915 50.5991447934402,8.68571177897703 50.5989209543018,8.68496225072064 50.5993246156112,8.68522209859945 50.5999521191024)))","1429520","165620","265820","431440","1860960"
"MULTIPOLYGON (((8.62136727047302 50.5829195544923,8.62237586875408 50.5831439173847,8.62312533396102 50.5827406022906,8.62286619397143 50.5821129273384,8.62185760634501 50.5818885679694,8.62110814805364 50.5822918800293,8.62136727047302 50.5829195544923)))","143242","3642","34342","37984","181226"
"MULTIPOLYGON (((8.65010232376388 50.5682154769088,8.65111095730779 50.5684396148444,8.65186021433475 50.5680359726821,8.65160083092417 50.5674081956212,8.65059220804531 50.5671840612068,8.64984295791212 50.5675877003322,8.65010232376388 50.5682154769088)))","151271","14571","33371","47942","199213"
"MULTIPOLYGON (((8.70524418236843 50.6106580851273,8.70625390273344 50.6108817622816,8.70700351705307 50.6104780292481,8.7067434041421 50.6098506221069,8.7057336944836 50.6096269484652,8.70498408702964 50.6100306784522,8.70524418236843 50.6106580851273)))","318183","13283","28483","41766","359949"
"MULTIPOLYGON (((8.72207791599182 50.5716417893562,8.72308721708905 50.5718653471043,8.72383638287471 50.5714611916361,8.72357624071639 50.5708334814661,8.72256695032242 50.5706099272309,8.72181779138365 50.5710140796529,8.72207791599182 50.5716417893562)))","223395","76695","118395","195090","418485"
"MULTIPOLYGON (((8.68719997989194 50.5781623228589,8.6882090758781 50.5783861585191,8.68895837380841 50.5779823138537,8.68869856888144 50.5773546365704,8.68768948358254 50.5771308044266,8.68694019252349 50.5775346460498,8.68719997989194 50.5781623228589)))","225622","7622","39722","47344","272966"
"MULTIPOLYGON (((8.67230817928168 50.6130428559462,8.67331765120185 50.6132667970867,8.67406734978315 50.6128633289762,8.67380756955653 50.6122359227678,8.67279810832659 50.6120119851433,8.67204841663318 50.6124154502113,8.67230817928168 50.6130428559462)))","7989","389","2189","2578","10567"
"MULTIPOLYGON (((8.70126733946767 50.5767214496874,8.70227653541585 50.5769451727884,8.70302579284325 50.5765412117823,8.70276584746093 50.5759135307191,8.70175666220685 50.5756898111332,8.70100741164107 50.5760937690953,8.70126733946767 50.5767214496874)))","715299","21899","196599","218498","933797"
"MULTIPOLYGON (((8.68315313874426 50.6148783769227,8.6841627304171 50.6151022300734,8.68491242943422 50.614698694638,8.68465252989751 50.6140713090959,8.68364294892109 50.61384745946,8.68289325678507 50.6142509918515,8.68315313874426 50.6148783769227)))","112518","5918","7418","13336","125854"
"MULTIPOLYGON (((8.62823077354406 50.5684839697806,8.62923922266537 50.5687082833456,8.62998852105592 50.5683048071794,8.62972936341702 50.5676770204822,8.62872092494949 50.5674527104406,8.62797163346717 50.5678561835727,8.62823077354406 50.5684839697806)))","117091","7891","15691","23582","140673"
"MULTIPOLYGON (((8.70984777928538 50.5974320106356,8.71085734798459 50.5976556562065,8.7116068121555 50.5972517882,8.71134670076727 50.5966242776689,8.71033714277289 50.5964006356108,8.70958768546201 50.596804500571,8.70984777928538 50.5974320106356)))","31276","18076","201476","219552","250828"
"MULTIPOLYGON (((8.71950594035309 50.6229319134982,8.72051596058406 50.6231554707683,8.72126568113734 50.6227517241657,8.72100537460112 50.6221244233422,8.71999536508782 50.6219008695824,8.71924565139317 50.6223046131359,8.71950594035309 50.6229319134982)))","2112","0","2312","2312","4424"
"MULTIPOLYGON (((8.68426268119797 50.5843510242765,8.68527184130888 50.5845748810351,8.6860212108113 50.5841711053736,8.68576141332856 50.5835434759957,8.68475226390527 50.5833196227534,8.68400290127723 50.5837233953727,8.68426268119797 50.5843510242765)))","1429598","285498","318398","603896","2033494"
"MULTIPOLYGON (((8.64030187183762 50.5888396990074,8.64131071869513 50.5890639073628,8.64206021412655 50.5886604952759,8.64180085579634 50.5880328778707,8.6407920196051 50.5878086730362,8.64004253107794 50.5882120820862,8.64030187183762 50.5888396990074)))","112675","775","17575","18350","131025"
"MULTIPOLYGON (((8.70605345381556 50.5772123142398,8.70706269791643 50.5774359986384,8.7078119520621 50.5770320055022,8.70755195524841 50.5764043310121,8.70654272184427 50.5761806501279,8.7057934745572 50.5765846402195,8.70605345381556 50.5772123142398)))","569140","151040","169140","320180","889320"
"MULTIPOLYGON (((8.69303764329733 50.6011151456999,8.69404712093538 50.6013389250056,8.69479665463094 50.6009352109249,8.69453670381666 50.6003077205829,8.69352723687585 50.6000839447916,8.69277771005218 50.600487655828,8.69303764329733 50.6011151456999)))","544592","9292","14192","23484","568076"
"MULTIPOLYGON (((8.66233117797434 50.6199451324417,8.66334066388334 50.6201691509783,8.66409045427146 50.6197658101027,8.66383075185482 50.6191384537322,8.66282127663301 50.6189144387124,8.66207149314077 50.6193177765464,8.66233117797434 50.6199451324417)))","84103","7403","114303","121706","205809"
"MULTIPOLYGON (((8.71873636128748 50.6033896675007,8.71974609232848 50.6036132390793,8.72049560450089 50.603209349743,8.72023537877707 50.602581891876,8.71922565844734 50.6023583238089,8.71847615313026 50.6027622100974,8.71873636128748 50.6033896675007)))","12924","424","2024","2448","15372"
"MULTIPOLYGON (((8.6631102626408 50.6218271691145,8.66411978246717 50.6220511806098,8.6648695916887 50.6216478481998,8.66460987418825 50.6210205073366,8.66360036505002 50.6207964993579,8.66285056272424 50.6211998287259,8.6631102626408 50.6218271691145)))","40667","367","2167","2534","43201"
"MULTIPOLYGON (((8.66866087066448 50.5643559965348,8.66966960812708 50.5645799868618,8.67041879099881 50.5641761763067,8.67015922952739 50.5635483784638,8.66915050273826 50.563324391656,8.66840132674722 50.5637281991721,8.66866087066448 50.5643559965348)))","1691","191","4791","4982","6673"
"MULTIPOLYGON (((8.63791431788217 50.5586639550379,8.63892270876208 50.5588881947481,8.63967188490937 50.558484571443,8.63941266327697 50.5578567114624,8.63840428305289 50.557632475275,8.6376551138055 50.5580360955454,8.63791431788217 50.5586639550379)))","39889","189","489","678","40567"
"MULTIPOLYGON (((8.62103251350181 50.5554785209161,8.62204071305519 50.5557028975093,8.62278988470954 50.5552993765891,8.62253084990026 50.5546714821083,8.62152266099302 50.5544471090402,8.62077349624903 50.554850626928,8.62103251350181 50.5554785209161)))","1429580","1680","212080","213760","1643340"
"MULTIPOLYGON (((8.68032457002352 50.6102626950545,8.68133407066083 50.6104865728618,8.68208372515687 50.6100830235478,8.68182387213366 50.60945559947,8.68081438218985 50.609231725178,8.68006473457587 50.6096352714486,8.68032457002352 50.6102626950545)))","18447","347","2247","2594","21041"
"MULTIPOLYGON (((8.69929373778077 50.5985127440966,8.70030323152582 50.598736474142,8.70105272614424 50.5983326934166,8.70079272015045 50.5977051856908,8.69978323710511 50.5974814591594,8.69903374935395 50.5978852368398,8.69929373778077 50.5985127440966)))","58442","1242","3842","5084","63526"
"MULTIPOLYGON (((8.67034833126128 50.6171661441973,8.67135784594291 50.6173900994019,8.67210759227456 50.6169866773158,8.67184781703462 50.6163593030678,8.67083831304342 50.6161353513792,8.67008857360183 50.6165387704228,8.67034833126128 50.6171661441973)))","61747","1647","5147","6794","68541"
"MULTIPOLYGON (((8.68012443520002 50.6142067681887,8.6811339911353 50.6144306459801,8.68188368832829 50.6140271281376,8.68162382270314 50.6133997355472,8.68061427746246 50.6131758612709,8.67986458715248 50.6135793760699,8.68012443520002 50.6142067681887)))","63642","1142","5142","6284","69926"
"MULTIPOLYGON (((8.63235425192449 50.5562868861473,8.63336256065618 50.5565111714772,8.63411172111006 50.5561075718117,8.63385256592927 50.5554796898503,8.6328442678498 50.5552554080441,8.63209511429901 50.5556590046757,8.63235425192449 50.5562868861473)))","12673","1773","1873","3646","16319"
"MULTIPOLYGON (((8.63032687259125 50.5957416137849,8.63133573320199 50.5959658995005,8.63208532023256 50.5955626146233,8.63182603974026 50.5949350470668,8.63081718979272 50.5947107648729,8.63006760967439 50.595114046714,8.63032687259125 50.5957416137849)))","296767","24267","86767","111034","407801"
"MULTIPOLYGON (((8.71824705095441 50.6044209917027,8.71925679270674 50.6046445667928,8.72000631682166 50.6042406889571,8.71974609232848 50.6036132390793,8.71873636128748 50.6033896675007,8.71798684402846 50.6037935422885,8.71824705095441 50.6044209917027)))","3347","147","1147","1294","4641"
"MULTIPOLYGON (((8.66059787916459 50.6024666179463,8.66160709752149 50.6026906575984,8.66235670333035 50.6022871968919,8.66209708388886 50.6016596995736,8.66108787621291 50.6014356634394,8.6603382772976 50.6018391211056,8.66059787916459 50.6024666179463)))","45714","114","714","828","46542"
"MULTIPOLYGON (((8.63358894783581 50.574806666641,8.63459753432933 50.5750309346138,8.63534689108397 50.574627466282,8.63508765443924 50.5739997330126,8.63407907860423 50.5737754685622,8.63332972875554 50.5741789338588,8.63358894783581 50.574806666641)))","1020","0","120","120","1140"
"MULTIPOLYGON (((8.71496340120731 50.5478282069865,8.71597229774546 50.5480518316657,8.71672122123481 50.5476475487619,8.71646124133919 50.5470196442227,8.71545235549335 50.5467960230587,8.71470343885096 50.5472003029187,8.71496340120731 50.5478282069865)))","14726","926","3126","4052","18778"
"MULTIPOLYGON (((8.66877312878143 50.5535470562254,8.66978171131198 50.5537710500086,8.67053077820244 50.5533671565754,8.67027125568395 50.5527392723974,8.66926268382366 50.5525152821341,8.66851362381172 50.552919172529,8.66877312878143 50.5535470562254)))","3085","285","585","870","3955"
"MULTIPOLYGON (((8.68435261677205 50.59121063314,8.68536187672158 50.5914344863713,8.68611131962663 50.5910307621326,8.68585149570663 50.5904031877054,8.68484224644687 50.5901793379901,8.68409281041748 50.5905830591861,8.68435261677205 50.59121063314)))","92067","6367","13267","19634","111701"
"MULTIPOLYGON (((8.66180463901441 50.578796419184,8.66281352591175 50.5790204587799,8.66356287568562 50.5786168092416,8.66330333167415 50.5779891231464,8.66229445545108 50.5777650870695,8.66154511256534 50.5781687335689,8.66180463901441 50.578796419184)))","596756","104656","189156","293812","890568"
"MULTIPOLYGON (((8.68337331790109 50.5932731649748,8.68438259923033 50.593497025238,8.68513206599957 50.5930933240038,8.68487224456298 50.5924657655489,8.68386297392363 50.5922419088016,8.68311351403111 50.5926456069933,8.68337331790109 50.5932731649748)))","224379","6579","17279","23858","248237"
"MULTIPOLYGON (((8.67956625048447 50.5907188243743,8.68057546220878 50.5909427163013,8.68132490834585 50.5905390241943,8.68106513587999 50.5899114432024,8.6800559348428 50.5896875547919,8.67930649558447 50.5900912438569,8.67956625048447 50.5907188243743)))","1051170","44170","167270","211440","1262610"
"MULTIPOLYGON (((8.70828729182809 50.593666872708,8.70929679273766 50.5938905323859,8.71004621931304 50.5934866474708,8.70978613811867 50.5928591059236,8.70877664791197 50.5926354497589,8.7080272281969 50.5930393316281,8.70828729182809 50.593666872708)))","607990","91390","148390","239780","847770"
"MULTIPOLYGON (((8.71407827524854 50.5567559111342,8.7150872929603 50.5569795393123,8.71583631361418 50.556575330782,8.71557630970713 50.5559474971178,8.71456730268994 50.5557238724545,8.71381828888535 50.5561280779405,8.71407827524854 50.5567559111342)))","170935","13935","45335","59270","230205"
"MULTIPOLYGON (((8.6952124134887 50.5753789386959,8.69622153808906 50.5756027110485,8.69697079192219 50.5751987852145,8.69671091428972 50.574571090071,8.6957018003799 50.5743473212341,8.69495255341213 50.5747512440251,8.6952124134887 50.5753789386959)))","196927","19327","42327","61654","258581"
"MULTIPOLYGON (((8.68114565383948 50.5768191365707,8.68215467843375 50.5770430214658,8.68290397272724 50.5766392119685,8.68264423555169 50.5760115206175,8.68163522164117 50.5757876392396,8.68088593422259 50.5761914456955,8.68114565383948 50.5768191365707)))","1429580","85080","318380","403460","1833040"
"MULTIPOLYGON (((8.65454281933375 50.6011222077154,8.65555196617126 50.6013462965998,8.65630156826068 50.6009428710646,8.65604201661533 50.6003153596844,8.65503288045522 50.6000912743186,8.65428328526311 50.6004946968143,8.65454281933375 50.6011222077154)))","29071","4471","6071","10542","39613"
"MULTIPOLYGON (((8.70467750586867 50.5871675379391,8.70568688192028 50.5873912293309,8.70643624524644 50.5869873220977,8.70617622565971 50.5863597265177,8.70516686030714 50.5861360386399,8.7044175038424 50.5865399428281,8.70467750586867 50.5871675379391)))","133603","20803","34403","55206","188809"
"MULTIPOLYGON (((8.60623972824041 50.5795531280993,8.60724814750909 50.579777613858,8.60799760309348 50.5793743866297,8.6077386324844 50.5787466766746,8.60673022386154 50.578522194441,8.60598077520205 50.5789254186374,8.60623972824041 50.5795531280993)))","1156","156","456","612","1768"
"MULTIPOLYGON (((8.69133322662404 50.548290451904,8.69234192712634 50.5485142664369,8.69309089770049 50.5481101640672,8.69283116090983 50.5474822502056,8.69182247108776 50.5472584391904,8.69107350737625 50.5476625385192,8.69133322662404 50.548290451904)))","183","0","183","183","366"
"MULTIPOLYGON (((8.73887585567701 50.5856213231811,8.73988550256752 50.585844739992,8.7406347880188 50.5854405648477,8.74037441974114 50.5848129759417,8.73936478356681 50.5845895626412,8.73861550495406 50.5849937347363,8.73887585567701 50.5856213231811)))","37190","3290","10090","13380","50570"
"MULTIPOLYGON (((8.6436769390146 50.5570941936602,8.6446853568606 50.5573183877006,8.64543450605094 50.5569147092837,8.64517523049963 50.5562868398619,8.64416682331191 50.556062649344,8.64341768101735 50.5564663247255,8.6436769390146 50.5570941936602)))","32583","383","883","1266","33849"
"MULTIPOLYGON (((8.64217660744522 50.5778559936741,8.64318531188704 50.5780801914109,8.64393468622384 50.5776766818553,8.64367534921803 50.5770489775992,8.64266665544007 50.5768247833837,8.64191728800417 50.5772282899029,8.64217660744522 50.5778559936741)))","32859","1859","4259","6118","38977"
"MULTIPOLYGON (((8.72580182962022 50.549659748819,8.72681084545855 50.5498832855636,8.72755976915431 50.5494789353727,8.72729967017171 50.5488510514826,8.72629066503184 50.5486275182519,8.72554174817619 50.5490318653974,8.72580182962022 50.549659748819)))","4318","118","918","1036","5354"
"MULTIPOLYGON (((8.61862845812813 50.5851603626189,8.61963706514686 50.5853847466094,8.62038655918963 50.5849814690693,8.62012743929598 50.5843538105727,8.61911884293119 50.5841294301056,8.61836935580624 50.5845327046118,8.61862845812813 50.5851603626189)))","1429534","8334","69934","78268","1507802"
"MULTIPOLYGON (((8.67989801090595 50.5582980147598,8.68090675753738 50.5585219171955,8.681655855592 50.5581179764511,8.68139620014321 50.557490136311,8.68038746418916 50.5572662373936,8.67963837300667 50.557670175098,8.67989801090595 50.5582980147598)))","117562","4062","11762","15824","133386"
"MULTIPOLYGON (((8.65338884728765 50.5894675021723,8.65439781585523 50.589691605085,8.6551472949392 50.5892880996655,8.65488779855993 50.5886604943719,8.65387884066559 50.5884363949786,8.65312936847738 50.5888398973595,8.65338884728765 50.5894675021723)))","268302","7502","22002","29504","297806"
"MULTIPOLYGON (((8.72119336334551 50.5805667179684,8.72220278571787 50.5807902791775,8.72295204873405 50.5803861980947,8.72269188252879 50.5797585588496,8.72168247086196 50.5795350011532,8.72093321469502 50.5799390791893,8.72119336334551 50.5805667179684)))","612","0","112","112","724"
"MULTIPOLYGON (((8.63727540281126 50.5881670247512,8.63828421389527 50.5883912577013,8.6390337074394 50.5879878631936,8.63877438299351 50.5873602387724,8.63776558257398 50.5871360093435,8.63701609593598 50.5875394008147,8.63727540281126 50.5881670247512)))","410884","14884","35584","50468","461352"
"MULTIPOLYGON (((8.6117999779824 50.5819308551266,8.61280847951659 50.5821552952706,8.61355795087857 50.5817520444049,8.61329891378477 50.5811243564282,8.61229042289996 50.5808999198086,8.6115409584597 50.5813031676414,8.6117999779824 50.5819308551266)))","7276","376","576","952","8228"
"MULTIPOLYGON (((8.62905877229188 50.5948897504626,8.63006760967439 50.595114046714,8.63081718979272 50.5947107648729,8.63055792561581 50.5940831898165,8.62954909889561 50.5938588970869,8.62879952569015 50.5942621758921,8.62905877229188 50.5948897504626)))","712804","23604","77504","101108","813912"
"MULTIPOLYGON (((8.61318836230112 50.5719784612648,8.61419673220079 50.5722028942566,8.61494609441421 50.5717995574055,8.61468707980931 50.5711717905952,8.61367872055675 50.5709473611283,8.61292936526213 50.5713506949469,8.61318836230112 50.5719784612648)))","2506","0","806","806","3312"
"MULTIPOLYGON (((8.6246802792265 50.5865065436589,8.62568895783673 50.5867308784863,8.62643845570542 50.5863275657949,8.62617926804986 50.5856999213111,8.62517060009711 50.5854755900065,8.62442110914253 50.5858788996631,8.6246802792265 50.5865065436589)))","1050972","6772","71772","78544","1129516"
"MULTIPOLYGON (((8.7083657190943 50.6181865618272,8.70937557511153 50.61841021074,8.71012526466712 50.6180065115303,8.70986509134049 50.6173791664553,8.70885524603369 50.6171555210544,8.70810556334323 50.6175592172167,8.7083657190943 50.6181865618272)))","62398","1698","4398","6096","68494"
"MULTIPOLYGON (((8.7299868640749 50.5796638323672,8.73099634877305 50.5798873231793,8.73174558634043 50.5794831693748,8.73148533236648 50.5788555278059,8.7304758583781 50.5786320405054,8.72972662765398 50.5790361912622,8.7299868640749 50.5796638323672)))","106885","33285","33985","67270","174155"
"MULTIPOLYGON (((8.6513703394662 50.5690673839241,8.65237899621072 50.5692915113255,8.65312826013076 50.5688878661261,8.65286886041329 50.5682600965625,8.65186021433475 50.5680359726821,8.65111095730779 50.5684396148444,8.6513703394662 50.5690673839241)))","61526","3626","16226","19852","81378"
"MULTIPOLYGON (((8.73135116821247 50.5873757512402,8.73236077598556 50.5875992278977,8.73311009377147 50.5871951224342,8.73284979694057 50.5865675433616,8.73184019988034 50.5863440702152,8.73109088893827 50.5867481726303,8.73135116821247 50.5873757512402)))","37441","6341","12541","18882","56323"
"MULTIPOLYGON (((8.72245262349363 50.5990837979932,8.72346232416594 50.5993073414416,8.72421178348183 50.5989033915565,8.72395153527352 50.5982759012712,8.72294184531309 50.5980523613342,8.72219239284922 50.5984563081713,8.72245262349363 50.5990837979932)))","7790","2090","2890","4980","12770"
"MULTIPOLYGON (((8.70484665020213 50.618546576511,8.70585648122411 50.6187702535955,8.70660618093823 50.6183665834873,8.70634604276302 50.6177392393416,8.7053362224498 50.6175155657692,8.70458652960319 50.6179192328305,8.70484665020213 50.618546576511)))","174130","25830","29330","55160","229290"
"MULTIPOLYGON (((8.64359105707365 50.5502320677072,8.64459937524514 50.5504562651864,8.64534845108861 50.550052535336,8.64508920186619 50.5494246110415,8.64408089435089 50.5492004170851,8.6433318254019 50.5496041439006,8.64359105707365 50.5502320677072)))","4956","556","2856","3412","8368"
"MULTIPOLYGON (((8.66558535092294 50.5990147350868,8.66659456230351 50.5992387360488,8.6673441222392 50.5988352117359,8.66708446390485 50.5982076895018,8.66607526320672 50.5979836920574,8.66532571016064 50.5983872133296,8.66558535092294 50.5990147350868)))","20782","982","1182","2164","22946"
"MULTIPOLYGON (((8.69946048543327 50.6298864079015,8.70047043425542 50.6301101236194,8.70122026538012 50.6297065800618,8.70096014080952 50.6290793238334,8.69995020269681 50.6288556116276,8.69920037844541 50.6292591521382,8.69946048543327 50.6298864079015)))","25970","2370","5070","7440","33410"
"MULTIPOLYGON (((8.68948516749618 50.5416069611859,8.69049375578472 50.5418307932693,8.69124265810343 50.5414266540388,8.69098296527119 50.5407986857652,8.68997438765991 50.5405748572002,8.68922549220371 50.5409789933904,8.68948516749618 50.5416069611859)))","278","0","378","378","656"
"MULTIPOLYGON (((8.7036686065643 50.6245523286215,8.70467851434363 50.6247760126921,8.70542828065537 50.6243723970572,8.70516813231843 50.6237451003989,8.70415823524908 50.6235214198403,8.7034084758068 50.623925032428,8.7036686065643 50.6245523286215)))","38435","4935","5335","10270","48705"
"MULTIPOLYGON (((8.6407610502411 50.6054691308613,8.64177014124794 50.6056933287583,8.64251981431507 50.6052900395616,8.64226038946818 50.6046625555059,8.6412513091329 50.6044383611288,8.64050164297303 50.6048416472876,8.6407610502411 50.6054691308613)))","189410","17610","40110","57720","247130"
"MULTIPOLYGON (((8.65359039198703 50.5855223904607,8.65459930532464 50.5857464933569,8.65534874173916 50.5853429564634,8.65508925792133 50.5847153197122,8.65408035525583 50.5844912203357,8.65333092573617 50.5848947541908,8.65359039198703 50.5855223904607)))","1163539","187639","247839","435478","1599017"
"MULTIPOLYGON (((8.67386686077094 50.6168071818096,8.67487640051521 50.6170311088622,8.67562613674712 50.616627657678,8.67536632634718 50.6160002824841,8.67435679729508 50.6157763589471,8.67360706795081 50.6161798070884,8.67386686077094 50.6168071818096)))","17011","4211","8311","12522","29533"
"MULTIPOLYGON (((8.71660455436461 50.5761300325599,8.71761387333383 50.5763536325122,8.71836309701622 50.5759495521173,8.71810299487816 50.5753218748159,8.71709368661077 50.5750982783769,8.71634446977973 50.5755023557261,8.71660455436461 50.5761300325599)))","5868","1668","3768","5436","11304"
"MULTIPOLYGON (((8.65275312839739 50.5591116450733,8.65376165342936 50.5593357653719,8.65451080823419 50.5589320342355,8.65425143111693 50.5583041858371,8.65324291674857 50.5580800690597,8.65249376883397 50.5584837971595,8.65275312839739 50.5591116450733)))","1429551","34851","70551","105402","1534953"
"MULTIPOLYGON (((8.72138052958672 50.5942872969127,8.72239015175521 50.5945108509702,8.72313956154596 50.5941068726824,8.72287934231653 50.5934793433847,8.72186973085787 50.593255792839,8.72112032791892 50.5936597680793,8.72138052958672 50.5942872969127)))","50113","20913","99513","120426","170539"
"MULTIPOLYGON (((8.728811479973 50.5856736014678,8.72982104139613 50.585897099268,8.73057034549366 50.585492999901,8.73031008132297 50.5848654057817,8.72930053061085 50.584641911493,8.72855123335854 50.5850460078121,8.728811479973 50.5856736014678)))","327933","66733","122033","188766","516699"
"MULTIPOLYGON (((8.64727832555401 50.5635967700446,8.64828686817129 50.5638209325347,8.64903608068345 50.5634172764786,8.64877674368378 50.5627894609688,8.64776821172868 50.5625653020004,8.6470190061112 50.5629689550203,8.64727832555401 50.5635967700446)))","365662","17662","38162","55824","421486"
"MULTIPOLYGON (((8.6729986427864 50.6080678804381,8.67400804872975 50.608291818072,8.67475769267912 50.6078883069823,8.67449792379878 50.6072608613011,8.67348852854449 50.6070369271834,8.67273889148159 50.6074404352308,8.6729986427864 50.6080678804381)))","17035","735","1135","1870","18905"
"MULTIPOLYGON (((8.7113289707789 50.5766713021776,8.71233825232208 50.576894944355,8.71308749124266 50.5764909075897,8.71282744176526 50.5758632316921,8.71181817092135 50.5756395930286,8.71106893885572 50.5760436267488,8.7113289707789 50.5766713021776)))","87438","19538","28338","47876","135314"
"MULTIPOLYGON (((8.71095877065881 50.5492215720593,8.71196765295566 50.5494452283862,8.7127165985166 50.5490409860524,8.71245665493092 50.5484130904352,8.71144778332473 50.5481894376238,8.71069884461367 50.5485936769142,8.71095877065881 50.5492215720593)))","5827","427","527","954","6781"
"MULTIPOLYGON (((8.6667659987955 50.5930077694151,8.6677751335552 50.5932317633388,8.66852462695214 50.5928281845459,8.66826497870186 50.5922006148697,8.6672558546234 50.5919766244638,8.66650636811408 50.5923802002163,8.6667659987955 50.5930077694151)))","116002","6302","13402","19704","135706"
"MULTIPOLYGON (((8.70622319342132 50.6085957923105,8.70723289237338 50.6088194624397,8.70798248280881 50.6084157064012,8.7077223674277 50.6077882832802,8.70671267918204 50.6075646166637,8.7059630956112 50.6079683696556,8.70622319342132 50.6085957923105)))","38493","693","1993","2686","41179"
"MULTIPOLYGON (((8.62332853488785 50.5787954914666,8.62433709055064 50.5790198402657,8.62508650809057 50.5786164791475,8.62482736305433 50.5779887722646,8.62381881804592 50.577764426989,8.6230694074195 50.578167785073,8.62332853488785 50.5787954914666)))","5102","102","302","404","5506"
"MULTIPOLYGON (((8.65142874199659 50.5935917360477,8.65243775325768 50.5938158530383,8.65318728004567 50.5934123936378,8.65292778867479 50.5927848202855,8.65191878808715 50.5925607068145,8.65116926819705 50.5929641631763,8.65142874199659 50.5935917360477)))","79109","6209","19809","26018","105127"
"MULTIPOLYGON (((8.65511995243907 50.6069488771125,8.65612918843485 50.6071729589734,8.65687885204184 50.6067695733831,8.65661927275509 50.6061421089719,8.65561004743878 50.6059180306292,8.65486039072987 50.6063214131796,8.65511995243907 50.6069488771125)))","23373","4773","17173","21946","45319"
"MULTIPOLYGON (((8.73282592978032 50.5666106490227,8.7338352503534 50.5668341223382,8.73458434296127 50.5664298481759,8.73432410815739 50.5658021037457,8.73331479829158 50.5655786339424,8.73256571252251 50.5659829050573,8.73282592978032 50.5666106490227)))","275","0","175","175","450"
"MULTIPOLYGON (((8.67331077776029 50.5933204438119,8.67431997330226 50.5935443849809,8.67506945845037 50.5931407595132,8.67480974117323 50.592513195918,8.67380055631593 50.5922892582661,8.67305107805121 50.5926928806923,8.67331077776029 50.5933204438119)))","369256","6856","24856","31712","400968"
"MULTIPOLYGON (((8.65938162304047 50.5662861790153,8.66039030857046 50.5665102431511,8.66113952853924 50.566106516792,8.66088005609095 50.5654787293351,8.6598713812302 50.5652546687195,8.65912216814863 50.5656583920407,8.65938162304047 50.5662861790153)))","457608","14708","40208","54916","512524"
"MULTIPOLYGON (((8.6778292054221 50.5732328127239,8.67883814976006 50.5734567257444,8.67958741150208 50.5730529138701,8.67932772202984 50.5724251920161,8.67831878837275 50.5722012825132,8.67756953350717 50.5726050913469,8.6778292054221 50.5732328127239)))","59484","3884","11384","15268","74752"
"MULTIPOLYGON (((8.61609312543509 50.583456239549,8.61710168600032 50.5836806445935,8.61785116620677 50.583277373121,8.61759207892892 50.5826496996376,8.61658352901579 50.5824252981169,8.61583405572851 50.5828285665559,8.61609312543509 50.583456239549)))","181515","5015","18615","23630","205145"
"MULTIPOLYGON (((8.73203738996767 50.5823978265005,8.73304693171839 50.5826212996847,8.73379619490773 50.5822171512809,8.73353590950405 50.5815895327411,8.73252637846501 50.5813660630681,8.7317771221181 50.5817702084238,8.73203738996767 50.5823978265005)))","879","0","279","279","1158"
"MULTIPOLYGON (((8.71210909672761 50.5785542974651,8.71311841214831 50.5787779325953,8.71386766985578 50.5783739042825,8.7136076052878 50.577746243885,8.71259830056732 50.5775226122685,8.71184904971471 50.5779266375359,8.71210909672761 50.5785542974651)))","797","0","1297","1297","2094"
"MULTIPOLYGON (((8.63145886805358 50.5652109256252,8.63246729776747 50.5654352145714,8.63321655541099 50.5650316893563,8.63295737643526 50.5644038782294,8.63194895737585 50.5641795928064,8.63119970663779 50.5645831149872,8.63145886805358 50.5652109256252)))","26948","4448","6148","10596","37544"
"MULTIPOLYGON (((8.71728002926239 50.5888197510864,8.71828953728126 50.5890433403958,8.71903889578601 50.5886393512987,8.71877873941854 50.5880117759389,8.71776924210568 50.587788190142,8.71701989045439 50.5881921761925,8.71728002926239 50.5888197510864)))","1429579","9279","130579","139858","1569437"
"MULTIPOLYGON (((8.67711763107142 50.595874879954,8.67812689623236 50.5960987894636,8.67887640202657 50.5956951548706,8.67861663577857 50.59506761381,8.67760738130509 50.5948437078169,8.67685788239222 50.5952473393679,8.67711763107142 50.595874879954)))","966779","40979","92479","133458","1100237"
"MULTIPOLYGON (((8.72871716612632 50.5788126898817,8.72972662765398 50.5790361912622,8.7304758583781 50.5786320405054,8.7302156207307 50.5780043914156,8.7292061699119 50.5777808935469,8.72845694603173 50.5781850412563,8.72871716612632 50.5788126898817)))","13174","19274","46974","66248","79422"
"MULTIPOLYGON (((8.69354487334865 50.5824196670209,8.69455408528308 50.5826434499124,8.69530341755944 50.5822395900328,8.6950435310336 50.5816119503051,8.69403432979098 50.5813881709292,8.6932850043825 50.5817920277655,8.69354487334865 50.5824196670209)))","1006636","127036","212036","339072","1345708"
"MULTIPOLYGON (((8.63362171457942 50.5571390454601,8.63463004651222 50.557363320267,8.63537921386848 50.5569597175675,8.63512004238968 50.5563318430951,8.63411172111006 50.5561075718117,8.63336256065618 50.5565111714772,8.63362171457942 50.5571390454601)))","198594","2594","5494","8088","206682"
"MULTIPOLYGON (((8.70623762366387 50.5909330000828,8.70724706749221 50.5911566773767,8.70799646841033 50.5907527870528,8.70773641863911 50.5901252224806,8.70672698551173 50.5899015487003,8.70597759145478 50.5903054359788,8.70623762366387 50.5909330000828)))","54432","932","3732","4664","59096"
"MULTIPOLYGON (((8.64503065602174 50.5648076685587,8.64603919676276 50.565031848623,8.64678842621076 50.5646282186069,8.64652910802141 50.5640004115627,8.64552057794178 50.5637762350203,8.64477135539019 50.5641798620003,8.64503065602174 50.5648076685587)))","123316","10916","13216","24132","147448"
"MULTIPOLYGON (((8.62680999997745 50.5960995263058,8.62781883545459 50.5963238401361,8.62856843250511 50.5959205843456,8.62830918716401 50.5952930177606,8.6273003623484 50.5950687074523,8.62655077221245 50.5954719602071,8.62680999997745 50.5960995263058)))","47546","7946","10846","18792","66338"
"MULTIPOLYGON (((8.69062622921756 50.570941284688,8.69163525039434 50.571165095733,8.6923844648357 50.5707611705708,8.69212465123289 50.5701334374059,8.69111564074295 50.5699096298773,8.69036643316911 50.5703135519973,8.69062622921756 50.570941284688)))","939477","83977","161177","245154","1184631"
"MULTIPOLYGON (((8.69156878350321 50.604208631479,8.69257829323353 50.6044324213281,8.69332786274075 50.6040287417556,8.69306791564429 50.6034012753785,8.69205841661147 50.6031774890439,8.6913088539777 50.603581165572,8.69156878350321 50.604208631479)))","1429575","95975","99375","195350","1624925"
"MULTIPOLYGON (((8.6652715721272 50.6137606776018,8.66628099391411 50.613984675038,8.66703071268156 50.6135812651206,8.66677100276955 50.6129538608088,8.66576159166948 50.6127298668894,8.66501187979473 50.6131332737651,8.6652715721272 50.6137606776018)))","8332","632","1632","2264","10596"
"MULTIPOLYGON (((8.68707125108091 50.6066304913743,8.68808075718438 50.6068543164068,8.68883036069231 50.6064506889363,8.68857045122 50.6058232394773,8.68756095581242 50.6055994179595,8.68681135918137 50.6060030423861,8.68707125108091 50.6066304913743)))","13716","316","1216","1532","15248"
"MULTIPOLYGON (((8.63416405149814 50.5806351969044,8.63517272705919 50.5808594579044,8.63592214529712 50.5804560295201,8.63566288106744 50.5798283431715,8.63465421616698 50.5796040856936,8.63390480483576 50.5800075110423,8.63416405149814 50.5806351969044)))","318459","6259","15759","22018","340477"
"MULTIPOLYGON (((8.63964064562089 50.5761521515602,8.6406493036411 50.5763763703639,8.6413986641755 50.575972866881,8.64113935978757 50.5753451476304,8.64013071242942 50.5751209323484,8.63938135879724 50.5755244327953,8.63964064562089 50.5761521515602)))","4190","490","690","1180","5370"
"MULTIPOLYGON (((8.71815375423667 50.5975620427776,8.71916339605716 50.5977856214533,8.71991284675508 50.5973816922113,8.71965264877801 50.596754187341,8.71864301766667 50.5965306121773,8.71789357382333 50.596934538372,8.71815375423667 50.5975620427776)))","17715","2115","35015","37130","54845"
"MULTIPOLYGON (((8.71979739585064 50.6258447839774,8.7208074607231 50.6260683376868,8.72155721203437 50.6256646110412,8.72129689161423 50.6250373337356,8.72028683746046 50.6248137835364,8.71953709300826 50.6252175071327,8.71979739585064 50.6258447839774)))","2639","0","139","139","2778"
"MULTIPOLYGON (((8.64955494592722 50.6045733882621,8.65056409970252 50.6047975158352,8.65131374764299 50.6043941539099,8.65105423490704 50.6037666674506,8.6500450918076 50.6035425433965,8.64929545076841 50.6039459022828,8.64955494592722 50.6045733882621)))","521184","4184","7984","12168","533352"
"MULTIPOLYGON (((8.68239396633191 50.595335618854,8.68340326904109 50.5955594861492,8.68415275967556 50.5951558079199,8.68389294072319 50.5945282654382,8.68288364870402 50.594304401659,8.68213416494732 50.5947080768456,8.68239396633191 50.595335618854)))","1429500","20400","162200","182600","1612100"
"MULTIPOLYGON (((8.68446250130728 50.5804052516319,8.68547160616302 50.5806291083932,8.68622093300539 50.5802253012712,8.68596114811871 50.5795976404299,8.68495205394949 50.5793737871851,8.68420273398054 50.5797775912651,8.68446250130728 50.5804052516319)))","45734","4434","12534","16968","62702"
"MULTIPOLYGON (((8.68384288775352 50.6099033234166,8.6848524134288 50.6101271730707,8.68560205781022 50.6097235946604,8.68534216963684 50.6090961696397,8.6843326546568 50.6088723235005,8.68358301715505 50.6092758988671,8.68384288775352 50.6099033234166)))","10228","628","1128","1756","11984"
"MULTIPOLYGON (((8.61768444720295 50.5695583450818,8.61869282094824 50.5697827429321,8.61944214934705 50.5693793539942,8.61918309708536 50.5687515702389,8.61817473398879 50.568527175913,8.61742541250534 50.5689305618181,8.61768444720295 50.5695583450818)))","3503","303","603","906","4409"
"MULTIPOLYGON (((8.60468608518548 50.5757867939779,8.6056944367086 50.5760112937259,8.60644385461857 50.5756080495472,8.60618491408033 50.5749803086522,8.6051765732011 50.5747558124298,8.60442716221631 50.5751590535769,8.60468608518548 50.5757867939779)))","2214","0","214","214","2428"
"MULTIPOLYGON (((8.72587689966372 50.5918633321461,8.72688652535436 50.5920868510147,8.72763590108561 50.5916828206358,8.72737564427801 50.5910552744362,8.72636602929877 50.5908317590789,8.72561666041587 50.5912357864099,8.72587689966372 50.5918633321461)))","480563","138363","169563","307926","788489"
"MULTIPOLYGON (((8.72363876929455 50.5754079390725,8.72464813813988 50.5756314827186,8.72539734148426 50.5752273441504,8.72513716913681 50.5745996649827,8.7241278109967 50.5743761248492,8.72337861449895 50.5747802603708,8.72363876929455 50.5754079390725)))","4683","383","1683","2066","6749"
"MULTIPOLYGON (((8.65699299313322 50.5959673458076,8.65800208658445 50.5961914170987,8.65875162902873 50.5957879340366,8.65849207112723 50.595160382723,8.65748298835306 50.5949363149505,8.65673345280346 50.5953397949731,8.65699299313322 50.5959673458076)))","66508","4508","8708","13216","79724"
"MULTIPOLYGON (((8.71796721588559 50.5838421977364,8.71897665790181 50.5840657835618,8.71972596180881 50.5836617515171,8.71946581684778 50.5830341366936,8.71845638553646 50.5828105543809,8.71770708848144 50.5832145833792,8.71796721588559 50.5838421977364)))","357","0","257","257","614"
"MULTIPOLYGON (((8.6261512022987 50.5834136242317,8.6271598489367 50.5836379484908,8.62790931104921 50.5832346012806,8.62765011961129 50.5826069328463,8.62664148363055 50.5823826121101,8.62589202843059 50.5827859562854,8.6261512022987 50.5834136242317)))","1148591","19191","58891","78082","1226673"
"MULTIPOLYGON (((8.71845638553646 50.5828105543809,8.71946581684778 50.5830341366936,8.72021510881942 50.5826300931508,8.71995496262835 50.5820024703418,8.71894554202184 50.581778891542,8.7181962569017 50.5821829320383,8.71845638553646 50.5828105543809)))","2562","0","262","262","2824"
"MULTIPOLYGON (((8.71335322299623 50.6147331617054,8.71436307186527 50.6149567719103,8.71511271541953 50.6145530090908,8.71485250324376 50.6139256391142,8.71384266508669 50.6137020324208,8.71309302839353 50.6141057921926,8.71335322299623 50.6147331617054)))","5918","218","918","1136","7054"
"MULTIPOLYGON (((8.70074638091019 50.6130802657713,8.70175609768896 50.6133039781169,8.70250574604382 50.6129002971881,8.70224567075092 50.6122729069599,8.70123596467709 50.6120491981273,8.70048632319138 50.6124528760099,8.70074638091019 50.6130802657713)))","433995","63895","92095","155990","589985"
"MULTIPOLYGON (((8.71327304710621 50.5902119762217,8.71428254087289 50.5904355972027,8.71503192147942 50.5900316486961,8.71477180146305 50.5894040822549,8.71376231840079 50.5891804647868,8.71301294465062 50.5895844102472,8.71327304710621 50.5902119762217)))","433406","33006","82506","115512","548918"
"MULTIPOLYGON (((8.70371382151565 50.5715630620962,8.70472296399412 50.5717867676222,8.7054721617747 50.5713827491246,8.70521221021789 50.5707550281448,8.70420307843318 50.5705313261337,8.70345388751163 50.5709353415875,8.70371382151565 50.5715630620962)))","13175","4575","4975","9550","22725"
"MULTIPOLYGON (((8.68973781874637 50.5798653147162,8.69074696111193 50.5800891292713,8.69149627278265 50.5796852785208,8.69123643521806 50.579057616258,8.69022730354157 50.5788338052189,8.68947799874071 50.5792376529268,8.68973781874637 50.5798653147162)))","749173","4673","8873","13546","762719"
"MULTIPOLYGON (((8.61687036464099 50.5853392275765,8.61787895908606 50.5855636256181,8.61862845812813 50.5851603626189,8.61836935580624 50.5845327046118,8.61736077201424 50.5843083100939,8.61661127989119 50.5847115700594,8.61687036464099 50.5853392275765)))","956993","4593","23393","27986","984979"
"MULTIPOLYGON (((8.73232921838331 50.5853123697063,8.73333880473076 50.5855358393417,8.73408809863872 50.5851317108835,8.73382779935663 50.5845041158384,8.73281822372192 50.5842806497141,8.73206893665674 50.584684775124,8.73232921838331 50.5853123697063)))","263798","49298","90698","139996","403794"
"MULTIPOLYGON (((8.69073511590604 50.5601326765696,8.69174398206194 50.5603564911258,8.69249308051106 50.5599524831034,8.69223330593906 50.5593246635665,8.69122445046672 50.5591008525274,8.69047535888297 50.5595048575083,8.69073511590604 50.5601326765696)))","118296","20496","141196","161692","279988"
"MULTIPOLYGON (((8.68067695473453 50.5601815027817,8.68168573522435 50.5604053981936,8.68243485207087 50.5600014659073,8.68217518155571 50.5593736412493,8.68116641174428 50.5591497493556,8.68041730176973 50.5595536786017,8.68067695473453 50.5601815027817)))","19454","1154","4154","5308","24762"
"MULTIPOLYGON (((8.61261514340028 50.5661494704926,8.61362342427815 50.5663739104235,8.61437272501151 50.5659705336157,8.61411373794907 50.565342719909,8.61310546771622 50.5651182835033,8.61235617390092 50.5655216572792,8.61261514340028 50.5661494704926)))","430117","9117","69317","78434","508551"
"MULTIPOLYGON (((8.71686046936362 50.6320303771818,8.71787059854957 50.6322539519516,8.71862042156701 50.6318502943289,8.71836010853639 50.6312230649856,8.71734999006949 50.6309994937259,8.71660017391427 50.6314031482994,8.71686046936362 50.6320303771818)))","35890","3390","3990","7380","43270"
"MULTIPOLYGON (((8.62021933620967 50.5712626743205,8.62122775638846 50.5714870511258,8.62197709861602 50.5710836561215,8.62171801375088 50.5704558873454,8.62070960422258 50.5702315140642,8.61996026890908 50.5706349060352,8.62021933620967 50.5712626743205)))","1747","247","1247","1494","3241"
"MULTIPOLYGON (((8.70759935452251 50.5986435449665,8.70860892143792 50.5988672081306,8.70935840262562 50.5984633661719,8.70909831003624 50.5978358640952,8.70808875382487 50.5976122044441,8.70733927949894 50.5980160433568,8.70759935452251 50.5986435449665)))","5577","277","477","754","6331"
"MULTIPOLYGON (((8.71803758706428 50.6260249282694,8.71904763944858 50.6262484960704,8.71979739585064 50.6258447839774,8.71953709300826 50.6252175071327,8.71852705134178 50.624993942842,8.71777730179999 50.6253976518859,8.71803758706428 50.6260249282694)))","961","0","161","161","1122"
"MULTIPOLYGON (((8.69796602002199 50.5554644171593,8.69897488090328 50.5556881754565,8.69972391648291 50.5552840778295,8.69946408432171 50.5546562249476,8.69845523412631 50.554432470167,8.69770620540634 50.5548365647518,8.69796602002199 50.5554644171593)))","44102","7102","31702","38804","82906"
"MULTIPOLYGON (((8.62557676867811 50.5775853996409,8.62658532625056 50.5778097308658,8.62733472687028 50.5774063437024,8.62707556300591 50.5767786283484,8.62606701608868 50.5765543006466,8.6253176223807 50.5769576847758,8.62557676867811 50.5775853996409)))","2625","0","325","325","2950"
"MULTIPOLYGON (((8.70252111668748 50.5952387350916,8.7035305908279 50.5954624405177,8.70428004456446 50.5950586107419,8.70402001729628 50.5944310785852,8.70301055385628 50.5942073766729,8.70226110698416 50.5946112034035,8.70252111668748 50.5952387350916)))","71645","9645","10445","20090","91735"
"MULTIPOLYGON (((8.73565000006955 50.5888971725811,8.73665966665167 50.589120614008,8.73740899302442 50.5887164879008,8.73714864597392 50.5880889234157,8.73613899010733 50.5878654854992,8.73538967057588 50.5882696085575,8.73565000006955 50.5888971725811)))","120","0","120","120","240"
"MULTIPOLYGON (((8.69443284833888 50.5734958391899,8.69544193906549 50.57371961858,8.69619117410549 50.5733156842901,8.69593131155342 50.5726879736528,8.69492223151635 50.5724641977786,8.69417300334192 50.5728681290257,8.69443284833888 50.5734958391899)))","144486","11286","77086","88372","232858"
"MULTIPOLYGON (((8.67598191077382 50.5665515324399,8.67699074282672 50.5667754630226,8.67773993624789 50.5663716142698,8.67748029073998 50.5657438379745,8.67647146936499 50.5655199109102,8.67572228282013 50.5659237566229,8.67598191077382 50.5665515324399)))","467728","21728","56728","78456","546184"
"MULTIPOLYGON (((8.67958741150208 50.5730529138701,8.68059636834914 50.5732768128264,8.68134562504207 50.5728729864109,8.68108591801279 50.5722452640802,8.68007697184751 50.5720213686415,8.67932772202984 50.5724251920161,8.67958741150208 50.5730529138701)))","532522","33622","67022","100644","633166"
"MULTIPOLYGON (((8.68832170688393 50.6251396504039,8.68933149136284 50.6253634577265,8.69008129137015 50.6249599615501,8.68982130001897 50.6243326610965,8.6888115262423 50.6241088572876,8.68806173311468 50.6245123504186,8.68832170688393 50.6251396504039)))","20707","4907","5607","10514","31221"
"MULTIPOLYGON (((8.68092484016092 50.5984291534999,8.68193417494052 50.5986530313429,8.6826837013748 50.5982493876225,8.68242388615025 50.5976218691019,8.68141456206081 50.5973979947748,8.68066504250592 50.5978016354525,8.68092484016092 50.5984291534999)))","1429528","43128","180828","223956","1653484"
"MULTIPOLYGON (((8.69976717383748 50.6151423425771,8.70077691202627 50.6153660619486,8.70152658426635 50.6149624040268,8.70126651144757 50.6143350297799,8.70025678396381 50.6141113139213,8.69950711859391 50.614514968797,8.69976717383748 50.6151423425771)))","782635","2635","6235","8870","791505"
"MULTIPOLYGON (((8.67092696472868 50.6229917095409,8.67193656862735 50.6232156576873,8.67268637649572 50.6228122755428,8.67242657357478 50.6221849482948,8.67141698036865 50.621961003664,8.67066717939107 50.6223643827657,8.67092696472868 50.6229917095409)))","9790","390","2390","2780","12570"
"MULTIPOLYGON (((8.7021078975448 50.6207884738632,8.70311773748234 50.6210121720577,8.70386746616348 50.6206085395082,8.70360734803748 50.619981211811,8.70259751880794 50.6197575171289,8.70184779699656 50.6201611466316,8.7021078975448 50.6207884738632)))","8791","391","1291","1682","10473"
"MULTIPOLYGON (((8.67664977289636 50.5792417760887,8.67765879383523 50.5794656961502,8.67840812208132 50.5790619387387,8.67814842251029 50.5784342643067,8.67713941225358 50.5782103477628,8.67639009088586 50.5786141021333,8.67664977289636 50.5792417760887)))","1429545","38745","318345","357090","1786635"
"MULTIPOLYGON (((8.7380948186151 50.5837385423358,8.73910443162012 50.5839619662102,8.7398536982935 50.5835577826185,8.73959334512327 50.5829301782015,8.73858374283347 50.5827067578377,8.73783448299878 50.5831109383804,8.7380948186151 50.5837385423358)))","9407","1107","2807","3914","13321"
"MULTIPOLYGON (((8.65595294698631 50.5735062055687,8.65696170720271 50.5737302943454,8.65771101060873 50.5733266484977,8.6574515469075 50.5726989169113,8.65644279736074 50.5724748316547,8.65569350084567 50.5728784744645,8.65595294698631 50.5735062055687)))","388120","101120","191320","292440","680560"
"MULTIPOLYGON (((8.63943835551672 50.5800976089655,8.64044706873704 50.5803218278008,8.64119647193083 50.5799183557942,8.64093715500136 50.5792906679886,8.63992845244422 50.5790664526748,8.63917905615351 50.5794699216452,8.63943835551672 50.5800976089655)))","1429582","285482","318382","603864","2033446"
"MULTIPOLYGON (((8.7296866620145 50.5944164490987,8.7306963572465 50.5946399362487,8.73144575351883 50.5942358967247,8.73118544771288 50.5936083730993,8.73017576319505 50.5933848894601,8.72942637376907 50.5937889259355,8.7296866620145 50.5944164490987)))","40696","13196","46596","59792","100488"
"MULTIPOLYGON (((8.71688395519081 50.5967109491259,8.71789357382333 50.596934538372,8.71864301766667 50.5965306121773,8.71838283602232 50.5959030997837,8.71737322809803 50.5956795140498,8.71662379110997 50.5960834371974,8.71688395519081 50.5967109491259)))","24948","2048","62648","64696","89644"
"MULTIPOLYGON (((8.72841670171749 50.5935654282118,8.72942637376907 50.5937889259355,8.73017576319505 50.5933848894601,8.72991547372252 50.5927573583094,8.72890581238418 50.5925338640967,8.72815642980523 50.5929378975238,8.72841670171749 50.5935654282118)))","1429553","44353","318353","362706","1792259"
"MULTIPOLYGON (((8.69755138040008 50.5810279583073,8.69856060663279 50.5812517095402,8.69930991684929 50.5808478090739,8.69904999396822 50.5802201604184,8.69804077842896 50.5799964127006,8.69729147507742 50.5804003101232,8.69755138040008 50.5810279583073)))","697873","129173","170173","299346","997219"
"MULTIPOLYGON (((8.68942918443132 50.594616203409,8.69043853717955 50.5948400144122,8.69118800758057 50.5944362780008,8.69092811836048 50.5938087336298,8.68991877630566 50.5935849261418,8.68916931277762 50.5939886595097,8.68942918443132 50.594616203409)))","40438","1538","13838","15376","55814"
"MULTIPOLYGON (((8.70504542740673 50.6146024410264,8.7060552030972 50.6148261181468,8.70680486011166 50.6144224165753,8.70654473456917 50.6137950409302,8.70553496958633 50.6135713673222,8.70478531943845 50.6139750658469,8.70504542740673 50.6146024410264)))","24823","2623","3523","6146","30969"
"MULTIPOLYGON (((8.71376231840079 50.5891804647868,8.71477180146305 50.5894040822549,8.7155211701329 50.589000122249,8.71526104888474 50.5883725478213,8.71425157652678 50.5881489338661,8.7135022147128 50.5885528908258,8.71376231840079 50.5891804647868)))","1429540","30040","249640","279680","1709220"
"MULTIPOLYGON (((8.71298202243226 50.5872977273982,8.71399147160661 50.5875213519188,8.71474082148466 50.58711738346,8.71448071533249 50.5864897935267,8.7134712768615 50.5862661725191,8.71272193383944 50.5866701379319,8.71298202243226 50.5872977273982)))","504801","64201","126001","190202","695003"
"MULTIPOLYGON (((8.65771101060873 50.5733266484977,8.65871978335592 50.5735507232161,8.65946908173129 50.5731470628281,8.65920960046979 50.5725193307599,8.6582008383931 50.5722952595614,8.6574515469075 50.5726989169113,8.65771101060873 50.5733266484977)))","1019792","163292","318392","481684","1501476"
"MULTIPOLYGON (((8.62426022001636 50.5522050374364,8.6252684001878 50.552429389412,8.62601753112039 50.5520258194488,8.62575847497408 50.5513979005427,8.62475030544942 50.5511735520919,8.62400118142445 50.5515771190225,8.62426022001636 50.5522050374364)))","30644","144","244","388","31032"
"MULTIPOLYGON (((8.69706196920329 50.5820594844297,8.69807120612955 50.5822832391778,8.69882052827698 50.5818793502112,8.69856060663279 50.5812517095402,8.69755138040008 50.5810279583073,8.69680206511813 50.5814318442302,8.69706196920329 50.5820594844297)))","681291","55991","122691","178682","859973"
"MULTIPOLYGON (((8.66471842855325 50.5902734501293,8.66572750621498 50.5904974616318,8.66647697390799 50.590093877416,8.66621735705094 50.5894662847379,8.66520829006851 50.5892422767535,8.66445882926396 50.5896458579292,8.66471842855325 50.5902734501293)))","1152679","23979","77179","101158","1253837"
"MULTIPOLYGON (((8.69098851995811 50.5983813582876,8.69199794049621 50.5986051552016,8.6927474485117 50.598201435707,8.69248752911647 50.5975739223423,8.69147811927375 50.5973501289431,8.69072861813097 50.5977538453938,8.69098851995811 50.5983813582876)))","1093588","20688","55088","75776","1169364"
"MULTIPOLYGON (((8.72031945649059 50.571822358458,8.72132874512133 50.5720459302817,8.72207791599182 50.5716417893562,8.72181779138365 50.5710140796529,8.72080851345537 50.5707905113423,8.72005934943295 50.5711946492219,8.72031945649059 50.571822358458)))","22610","4710","8910","13620","36230"
"MULTIPOLYGON (((8.66002030924044 50.5966395350684,8.66102943844437 50.5968635817465,8.66177898274665 50.5964600811,8.66151939095237 50.5958325368154,8.6605102724273 50.5956084936557,8.65976073501779 50.5960119912623,8.66002030924044 50.5966395350684)))","1429537","78937","183337","262274","1691811"
"MULTIPOLYGON (((8.65059220804531 50.5671840612068,8.65160083092417 50.5674081956212,8.65235007603363 50.567004541957,8.65209069137114 50.5663767569152,8.65108207915725 50.5661526260218,8.65033284094102 50.5665562766492,8.65059220804531 50.5671840612068)))","493347","76947","104947","181894","675241"
"MULTIPOLYGON (((8.62949837904491 50.5693360620622,8.63050685137734 50.5695603651014,8.63125615667541 50.5691568859008,8.63099698273364 50.5685291066953,8.62998852105592 50.5683048071794,8.62923922266537 50.5687082833456,8.62949837904491 50.5693360620622)))","1551","0","451","451","2002"
"MULTIPOLYGON (((8.66238221578568 50.5846249344316,8.66339119179249 50.5848489670168,8.66414060304046 50.5844453574106,8.66388103139289 50.5838177182589,8.66287206606247 50.5835936891925,8.66212266170336 50.5839972957592,8.66238221578568 50.5846249344316)))","533977","25577","112977","138554","672531"
"MULTIPOLYGON (((8.699019534985 50.5779332630358,8.7000287291375 50.5781570037233,8.70077800356277 50.5777530687589,8.70051807697228 50.5771253961508,8.69950889351303 50.5769016589783,8.69875962595114 50.5773055908991,8.699019534985 50.5779332630358)))","853860","11160","179260","190420","1044280"
"MULTIPOLYGON (((8.65399341377308 50.5776315063762,8.65500221666879 50.5778556092333,8.65575156775894 50.5774520093959,8.65549210906041 50.5768243097394,8.65448331683459 50.5766002104023,8.65373397263749 50.5770038072018,8.65399341377308 50.5776315063762)))","411052","11852","46852","58704","469756"
"MULTIPOLYGON (((8.66367594166339 50.5678101588275,8.66468468610624 50.5680341878301,8.66543391481262 50.5676304408549,8.66517439219157 50.5670026679159,8.66416565842064 50.5667786424329,8.66341643659898 50.5671823863695,8.66367594166339 50.5678101588275)))","149418","12618","93018","105636","255054"
"MULTIPOLYGON (((8.73780274741826 50.5808239065045,8.73881231582537 50.5810473339304,8.73956155178317 50.5806431303951,8.7393012124957 50.5800155024827,8.73829165480275 50.5797920785675,8.73754242568323 50.580196279054,8.73780274741826 50.5808239065045)))","5933","433","1233","1666","7599"
"MULTIPOLYGON (((8.70372887793651 50.5538913213306,8.70473776557237 50.5541150339173,8.70548677403411 50.5537108811786,8.70522688800456 50.5530830188961,8.70421801105703 50.5528593098254,8.70346900945083 50.5532634595214,8.70372887793651 50.5538913213306)))","9714","3614","8314","11928","21642"
"MULTIPOLYGON (((8.69972391648291 50.5552840778295,8.700732789847 50.5555078220623,8.70148182036307 50.5551037098967,8.70122197065669 50.5544758565408,8.70021310797931 50.5542521158244,8.69946408432171 50.5546562249476,8.69972391648291 50.5552840778295)))","6481","2881","9181","12062","18543"
"MULTIPOLYGON (((8.64459672176826 50.5903640856375,8.64560562761352 50.5905882588563,8.64635513182944 50.5901848261521,8.64609572329856 50.5895572232666,8.64508682812224 50.5893330535682,8.64433733080802 50.5897364832349,8.64459672176826 50.5903640856375)))","2926","326","2226","2552","5478"
"MULTIPOLYGON (((8.66079906205158 50.5985221354974,8.66180822515015 50.5987461751452,8.66255778827443 50.5983426829634,8.66229818140754 50.5977151541741,8.6612890289888 50.5974911180445,8.66053947275719 50.5978946071862,8.66079906205158 50.5985221354974)))","1429565","51165","60865","112030","1541595"
"MULTIPOLYGON (((8.61940579518409 50.5870433056854,8.62041443608443 50.587267682671,8.62116394896259 50.5868644136037,8.62090481402281 50.5862367705849,8.6198961837774 50.5860123971226,8.61914667781695 50.5864156631558,8.61940579518409 50.5870433056854)))","304693","6293","14793","21086","325779"
"MULTIPOLYGON (((8.62459623432552 50.5796475391661,8.62560481320858 50.5798718774374,8.62635423766131 50.579468513285,8.62609507631827 50.5788408138956,8.62508650809057 50.5786164791475,8.62433709055064 50.5790198402657,8.62459623432552 50.5796475391661)))","3309","0","109","109","3418"
"MULTIPOLYGON (((8.67208801872488 50.5571343533045,8.67309668147461 50.5573583189965,8.67384578091449 50.5569544279457,8.67358621072767 50.5563265742419,8.67257755865094 50.5561026120693,8.67182846608812 50.5565065000811,8.67208801872488 50.5571343533045)))","825136","285436","286736","572172","1397308"
"MULTIPOLYGON (((8.67738542019986 50.6164481049208,8.67839498499958 50.6166720038198,8.67914471112589 50.6162685235373,8.67888486556737 50.6156411473991,8.67787531146155 50.6154172520154,8.67712559222046 50.6158207292545,8.67738542019986 50.6164481049208)))","33767","4567","5367","9934","43701"
"MULTIPOLYGON (((8.65979292250958 50.6182423443924,8.66080236195995 50.6184663840422,8.66155213855565 50.6180630492497,8.66129246880386 50.6174356778486,8.66028304003879 50.6172116417159,8.65953327034032 50.6176149734672,8.65979292250958 50.6182423443924)))","261070","13170","21670","34840","295910"
"MULTIPOLYGON (((8.65321510542583 50.57574839337,8.65422387444747 50.5759725032452,8.65497320672371 50.5755688949429,8.65471376308518 50.5749411798032,8.6537050047325 50.5747170734483,8.65295567934947 50.5751206787129,8.65321510542583 50.57574839337)))","217030","20130","29930","50060","267090"
"MULTIPOLYGON (((8.70813060243329 50.5446025167083,8.70913939387622 50.5448261976504,8.70988829504436 50.5444219414575,8.70962839791887 50.5437940073655,8.70861961716374 50.5435703299394,8.7078707228464 50.5439745830895,8.70813060243329 50.5446025167083)))","57780","90880","154680","245560","303340"
"MULTIPOLYGON (((8.62503736585991 50.5540887617522,8.62604557988129 50.5543131067341,8.62679472962882 50.5539095452405,8.62653565844762 50.5532816417978,8.62552745507405 50.5530573003405,8.62477831223398 50.5534608588014,8.62503736585991 50.5540887617522)))","73802","1302","4702","6004","79806"
"MULTIPOLYGON (((8.67219637030114 50.6238429769437,8.67320599742701 50.6240669145278,8.6739558121855 50.6236635293401,8.67369599292816 50.6230362096115,8.67268637649572 50.6228122755428,8.67193656862735 50.6232156576873,8.67219637030114 50.6238429769437)))","7847","547","1147","1694","9541"
"MULTIPOLYGON (((8.72049560450089 50.603209349743,8.72150534802126 50.6034329072367,8.72225485510558 50.603029003352,8.72199461181551 50.6024015450216,8.72098487900725 50.6021779910392,8.72023537877707 50.602581891876,8.72049560450089 50.603209349743)))","2921","0","121","121","3042"
"MULTIPOLYGON (((8.63073252983665 50.5878524296952,8.63174128002348 50.5880767153495,8.63249078170001 50.5876733675043,8.63223152627944 50.5870457370403,8.63122278675359 50.5868214549081,8.63047329198745 50.5872247997177,8.63073252983665 50.5878524296952)))","179597","3797","23297","27094","206691"
"MULTIPOLYGON (((8.64857461461484 50.6066350195096,8.64958378974204 50.6068591541207,8.65033346154287 50.606455815209,8.65007395131435 50.6058283447253,8.64906478686311 50.6056042136333,8.64831512196459 50.6060075495059,8.64857461461484 50.6066350195096)))","108255","8655","20755","29410","137665"
"MULTIPOLYGON (((8.63730724481474 50.5705024969468,8.63831580122455 50.570726736778,8.63906510530109 50.5703232078914,8.63880584606535 50.5696954422092,8.63779730031466 50.5694712059003,8.63704800314075 50.5698747317515,8.63730724481474 50.5705024969468)))","1633","133","333","466","2099"
"MULTIPOLYGON (((8.73037306538036 50.5894390548375,8.73138269457936 50.5896625385171,8.73213203624423 50.589258456049,8.73187174186531 50.5886308929496,8.73086212337931 50.5884074127811,8.73011278855934 50.5888114922009,8.73037306538036 50.5894390548375)))","69723","13623","27023","40646","110369"
"MULTIPOLYGON (((8.73311772640256 50.5695258215714,8.73412709155266 50.5697492913451,8.73487621486506 50.5693450371253,8.73461596618832 50.5687173161794,8.73360661174653 50.5684938499176,8.73285749527332 50.5688981010899,8.73311772640256 50.5695258215714)))","4309","509","2709","3218","7527"
"MULTIPOLYGON (((8.71374979061213 50.6068440411757,8.71475952881803 50.6070676514584,8.71550908698891 50.6066638257225,8.71524890009473 50.6060363927513,8.71423917259856 50.6058127859806,8.71348962128698 50.6062166086691,8.71374979061213 50.6068440411757)))","607206","7606","28506","36112","643318"
"MULTIPOLYGON (((8.66627612979077 50.5940388948766,8.66728527523176 50.5942628923181,8.66803478055798 50.5938593250289,8.6677751335552 50.5932317633388,8.6667659987955 50.5930077694151,8.66601650035743 50.5934113336637,8.66627612979077 50.5940388948766)))","156467","6767","13367","20134","176601"
"MULTIPOLYGON (((8.61428972081099 50.5591097659107,8.61529791460822 50.559334195207,8.61604713697182 50.5589307524042,8.61578815862278 50.558302883337,8.61477997546931 50.5580784575663,8.61403076002125 50.5584818973373,8.61428972081099 50.5591097659107)))","88987","2387","5287","7674","96661"
"MULTIPOLYGON (((8.63186422283121 50.5573183447698,8.63287254221521 50.5575426336234,8.63362171457942 50.5571390454601,8.63336256065618 50.5565111714772,8.63235425192449 50.5562868861473,8.63160508646387 50.5566904712767,8.63186422283121 50.5573183447698)))","234051","21851","40351","62202","296253"
"MULTIPOLYGON (((8.6744466693705 50.5451122983603,8.67545517904527 50.54533624993,8.67620414557464 50.5449322499775,8.67594459555622 50.544304301494,8.674936096552 50.5440803534441,8.67418713689579 50.544484350358,8.6744466693705 50.5451122983603)))","81746","2246","9146","11392","93138"
"MULTIPOLYGON (((8.67241995374577 50.6022411098169,8.6734292705079 50.6024650544971,8.67417885294802 50.6020615034728,8.6739191117404 50.6014340108101,8.6729098056652 50.6012100696465,8.67216023011082 50.6016136176291,8.67241995374577 50.6022411098169)))","494796","9996","31796","41792","536588"
"MULTIPOLYGON (((8.65866421276389 50.5889292088344,8.65967321894324 50.5891532695583,8.6604226829305 50.5887497205091,8.66016313384631 50.5881221137753,8.65915413834276 50.5878980565703,8.65840468124769 50.5883016025802,8.65866421276389 50.5889292088344)))","1429556","97256","226056","323312","1752868"
"MULTIPOLYGON (((8.71721015290598 50.546615349825,8.71821905121424 50.5468389569225,8.71896795770395 50.5464346479871,8.71870795904027 50.5458067349983,8.71769907142512 50.5455831314158,8.71695017178064 50.5459874373072,8.71721015290598 50.546615349825)))","166101","2501","23801","26302","192403"
"MULTIPOLYGON (((8.61739764114295 50.5666437867123,8.61840597037594 50.5668681880346,8.61915526803692 50.5664647791199,8.61889622955002 50.5658369719156,8.61788791096468 50.565612574118,8.61713862021872 50.5660159800001,8.61739764114295 50.5666437867123)))","11734","634","1734","2368","14102"
"MULTIPOLYGON (((8.65929418155376 50.559424646797,8.66030276735722 50.5596487144017,8.66105191396597 50.5592449366152,8.6607924678854 50.5586170942616,8.65978389274901 50.5583930301775,8.65903475302623 50.5587968049265,8.65929418155376 50.559424646797)))","1399","299","699","998","2397"
"MULTIPOLYGON (((8.68797937215285 50.5800453222995,8.68898850201695 50.5802691509238,8.68973781874637 50.5798653147162,8.68947799874071 50.5792376529268,8.68846887956483 50.5790138278187,8.68771956970649 50.5794176609839,8.68797937215285 50.5800453222995)))","185989","1589","3389","4978","190967"
"MULTIPOLYGON (((8.70801044694376 50.5730855409004,8.70901964825824 50.5733092112412,8.70976885468168 50.5729051721129,8.70950885293431 50.5722774656882,8.70849966231627 50.5720537988618,8.7077504627493 50.5724578349456,8.70801044694376 50.5730855409004)))","168193","12993","26293","39286","207479"
"MULTIPOLYGON (((8.64202956483828 50.6063208048263,8.64303867907493 50.606544992179,8.64378835904863 50.6061416999441,8.64352891787922 50.6055142233946,8.64251981431507 50.6052900395616,8.64177014124794 50.6056933287583,8.64202956483828 50.6063208048263)))","3831","0","231","231","4062"
"MULTIPOLYGON (((8.63566675748242 50.5598747553041,8.63667514647227 50.5600990125859,8.63742433954333 50.5596954153196,8.63716513672305 50.5590675638063,8.63615675838825 50.5588433100477,8.63540757221881 50.5592469042794,8.63566675748242 50.5598747553041)))","89761","4761","10861","15622","105383"
"MULTIPOLYGON (((8.65096707656915 50.5769591486117,8.65197584372281 50.5771832760652,8.65272519294686 50.5767796938064,8.65246576812244 50.5761519871318,8.65145701163691 50.5759278631988,8.65070766930777 50.5763314424201,8.65096707656915 50.5769591486117)))","9460","960","1560","2520","11980"
"MULTIPOLYGON (((8.6936181068451 50.6069422238655,8.69462767368466 50.6071659961011,8.69537726887556 50.6067623219423,8.69511729035439 50.6061348785929,8.6941077342142 50.6059111098714,8.69335814589595 50.6063147809853,8.6936181068451 50.6069422238655)))","9855","4255","8055","12310","22165"
"MULTIPOLYGON (((8.67851890290718 50.5682549121857,8.67952778133469 50.5684788216804,8.68027698850655 50.5680749668469,8.680017310376 50.5674472055592,8.67900844262823 50.5672232995825,8.67825924233138 50.5676271513755,8.67851890290718 50.5682549121857)))","69644","1144","14744","15888","85532"
"MULTIPOLYGON (((8.70652837175478 50.5938470693204,8.70753786017631 50.5940707430769,8.70828729182809 50.593666872708,8.7080272281969 50.5930393316281,8.70701775047743 50.5928156613851,8.70626832568719 50.5932195287084,8.70652837175478 50.5938470693204)))","223675","26475","62475","88950","312625"
"MULTIPOLYGON (((8.68511230035973 50.6107545901019,8.68612184924738 50.6109784291936,8.68687150050784 50.6105748477392,8.68661159600172 50.6099474302373,8.68560205781022 50.6097235946604,8.6848524134288 50.6101271730707,8.68511230035973 50.6107545901019)))","7453","153","2253","2406","9859"
"MULTIPOLYGON (((8.69086129562257 50.6268418318769,8.69187112654225 50.6270656180591,8.692620940307 50.6266621157916,8.69236091627382 50.6260348303876,8.6913510960582 50.6258110477186,8.69060128917181 50.6262145469404,8.69086129562257 50.6268418318769)))","19476","876","1276","2152","21628"
"MULTIPOLYGON (((8.68500246821368 50.6215554359494,8.6860121723317 50.6217792714623,8.68676193975536 50.6213757729153,8.68650199617994 50.6207484419001,8.68549230276131 50.6205246099013,8.68474254221888 50.6209281054037,8.68500246821368 50.6215554359494)))","22233","2833","3233","6066","28299"
"MULTIPOLYGON (((8.63453666148864 50.5904080999988,8.63554548134377 50.5906323540491,8.63629500374746 50.5902289970956,8.63603569938773 50.5896013891282,8.63502689019635 50.5893771385994,8.63427737470105 50.5897804925166,8.63453666148864 50.5904080999988)))","201097","4497","28597","33094","234191"
"MULTIPOLYGON (((8.62672573351385 50.5892413935252,8.62773446923293 50.589465710812,8.62848399284815 50.5890624035571,8.6282247738311 50.5884347820506,8.62721604877141 50.5882104682861,8.6264665320695 50.5886137725058,8.62672573351385 50.5892413935252)))","352106","1306","2106","3412","355518"
"MULTIPOLYGON (((8.68575099073094 50.5635882428578,8.68675986394409 50.5638120960926,8.68750900827189 50.5634081516431,8.68724927251736 50.562780357,8.68624040998625 50.5625565072825,8.68549127252776 50.5629604486909,8.68575099073094 50.5635882428578)))","14745","1445","1645","3090","17835"
"MULTIPOLYGON (((8.67204190571564 50.5924689289718,8.67305107805121 50.5926928806923,8.67380055631593 50.5922892582661,8.67354085536115 50.5916616871605,8.67253169370934 50.5914377389572,8.67178222232867 50.5918413583423,8.67204190571564 50.5924689289718)))","1429554","14854","71854","86708","1516262"
"MULTIPOLYGON (((8.68136633127181 50.5552026242277,8.68237504587121 50.5554265161083,8.68312410816771 50.5550225408698,8.68286444899432 50.5543946767908,8.68185574507213 50.5541707884287,8.68110668964621 50.5545747606271,8.68136633127181 50.5552026242277)))","125382","3782","10382","14164","139546"
"MULTIPOLYGON (((8.67963457975465 50.615237655611,8.6806441463846 50.6154615369175,8.68139385551665 50.6150580305803,8.6811339911353 50.6144306459801,8.68012443520002 50.6142067681887,8.67937473295151 50.6146102714824,8.67963457975465 50.615237655611)))","13170","470","1270","1740","14910"
"MULTIPOLYGON (((8.72608384619502 50.5702486731541,8.72709316151491 50.5704721992371,8.72784230519402 50.5700680031878,8.72758212670933 50.569440284102,8.72657282209435 50.5692167615316,8.72582368525924 50.5696209545343,8.72608384619502 50.5702486731541)))","726432","217932","318332","536264","1262696"
"MULTIPOLYGON (((8.69418119021936 50.6304257195834,8.69519110150679 50.6306494775618,8.69594094784963 50.6302459776618,8.6956808760282 50.6296187228299,8.69467097544763 50.6293949683642,8.69392113598171 50.6297984652178,8.69418119021936 50.6304257195834)))","3730","430","930","1360","5090"
"MULTIPOLYGON (((8.7239401561738 50.5606516744469,8.72494931462261 50.5608752216985,8.72569835934461 50.5604709688625,8.72543823877444 50.5598431718206,8.72442909102648 50.5596196280824,8.72368005314799 50.5600238778727,8.7239401561738 50.5606516744469)))","1675","0","175","175","1850"
"MULTIPOLYGON (((8.66516984711895 50.5470439617858,8.66617830492126 50.5472679871431,8.66692730855276 50.5468640713668,8.66666784750246 50.5462361332708,8.6656594003665 50.5460121114341,8.66491040361464 50.5464160241729,8.66516984711895 50.5470439617858)))","1012","0","112","112","1124"
"MULTIPOLYGON (((8.69385259208112 50.5676661026501,8.69486159369069 50.5678898890791,8.69561076729463 50.5674859148802,8.69535093242433 50.5668581572947,8.69434194150222 50.566634374382,8.69359277476307 50.5670383455386,8.69385259208112 50.5676661026501)))","253611","21211","52211","73422","327033"
"MULTIPOLYGON (((8.65468476383067 50.5726543751502,8.65569350084567 50.5728784744645,8.65644279736074 50.5724748316547,8.65618334996937 50.5718470925684,8.65517462362311 50.5716229967744,8.65442533399962 50.5720266365464,8.65468476383067 50.5726543751502)))","240690","49690","54690","104380","345070"
"MULTIPOLYGON (((8.65891822627451 50.5496470136745,8.65992666785718 50.5498710882297,8.66067571040918 50.549467239058,8.66041630449436 50.5488393183679,8.65940787357563 50.5486152473338,8.6586588379079 50.5490190934687,8.65891822627451 50.5496470136745)))","1842","1042","1242","2284","4126"
"MULTIPOLYGON (((8.70175666220685 50.5756898111332,8.70276584746093 50.5759135307191,8.70351509295845 50.5755095582144,8.70325514634086 50.5748818691676,8.70224597178076 50.5746581530965,8.70149673314437 50.5750621225574,8.70175666220685 50.5756898111332)))","193203","14903","27003","41906","235109"
"MULTIPOLYGON (((8.68560205781022 50.6097235946604,8.68661159600172 50.6099474302373,8.68736123532367 50.6095438372787,8.68710132957572 50.6089164117871,8.68609180208029 50.608692579725,8.68534216963684 50.6090961696397,8.68560205781022 50.6097235946604)))","31711","611","4611","5222","36933"
"MULTIPOLYGON (((8.69684604353655 50.603668876433,8.69785559078113 50.6038926240479,8.6986051450883 50.6034889008328,8.69834514528111 50.6028614330479,8.69733560873655 50.6026376889468,8.69658606129927 50.6030414091169,8.69684604353655 50.603668876433)))","1266742","4242","22142","26384","1293126"
"MULTIPOLYGON (((8.72118271536387 50.5982327541504,8.72219239284922 50.5984563081713,8.72294184531309 50.5980523613342,8.72268161343899 50.597424863524,8.72167194666459 50.5972013130147,8.72092250105344 50.597605256804,8.72118271536387 50.5982327541504)))","4156","456","1456","1912","6068"
"MULTIPOLYGON (((8.72228597266593 50.5500212898865,8.72329496359245 50.5502448547704,8.72404389745632 50.5498405336567,8.72378383355127 50.5492126507041,8.72277485332148 50.5489890893344,8.72202592630016 50.5493934074032,8.72228597266593 50.5500212898865)))","1429567","43867","176767","220634","1650201"
"MULTIPOLYGON (((8.72566982531959 50.6134714920045,8.7266797615719 50.6136950035922,8.72742936949913 50.6132911389194,8.72716903432142 50.6126637657082,8.72615910878705 50.6124402576306,8.72540950771257 50.6128441192542,8.72566982531959 50.6134714920045)))","1018","118","818","936","1954"
"MULTIPOLYGON (((8.71681431010142 50.5545112039278,8.71782331888972 50.5547348110075,8.71857231061504 50.5543305649481,8.71831228670517 50.5537027148534,8.71730328861217 50.5534791112881,8.71655430373385 50.5538833543031,8.71681431010142 50.5545112039278)))","103227","8727","25627","34354","137581"
"MULTIPOLYGON (((8.67108560068091 50.5768666762184,8.67209453951624 50.577090641984,8.67284385216907 50.5766869082362,8.67258421910512 50.5760592117629,8.67157529094833 50.5758352495155,8.67082598517709 50.5762389802232,8.67108560068091 50.5768666762184)))","273012","12812","34912","47724","320736"
"MULTIPOLYGON (((8.72792757788271 50.5945969728407,8.72893726064762 50.5948204740755,8.7296866620145 50.5944164490987,8.72942637376907 50.5937889259355,8.72841670171749 50.5935654282118,8.72766730719814 50.5939694501403,8.72792757788271 50.5945969728407)))","298543","16043","74243","90286","388829"
"MULTIPOLYGON (((8.7149267318477 50.6008364945481,8.71593639331386 50.6010600978425,8.71668588491824 50.6006562176488,8.71642570819919 50.6000287372079,8.71541605744152 50.5998051374256,8.7146665726945 50.6002090145722,8.7149267318477 50.6008364945481)))","63102","18102","19002","37104","100206"
"MULTIPOLYGON (((8.62238353709255 50.563191956535,8.62339185950867 50.5634163191928,8.62414111144062 50.563012846691,8.62388203404558 50.5623850145646,8.62287372227864 50.5621606554312,8.62212447725768 50.5625641248999,8.62238353709255 50.563191956535)))","2503","203","1103","1306","3809"
"MULTIPOLYGON (((8.63911918628452 50.5948463319579,8.6401281096978 50.5950705473789,8.64087767165289 50.5946671897844,8.64061830328856 50.5940396198062,8.63960939054279 50.5938154079059,8.63885983549393 50.5942187624632,8.63911918628452 50.5948463319579)))","604","104","504","608","1212"
"MULTIPOLYGON (((8.63776558257398 50.5871360093435,8.63877438299351 50.5873602387724,8.63952386461573 50.5869568327591,8.63926453891292 50.5863292003536,8.63825574915785 50.5861049744461,8.63750627444123 50.5865083774228,8.63776558257398 50.5871360093435)))","535626","7726","15126","22852","558478"
"MULTIPOLYGON (((8.7029187739078 50.58734772516,8.70392813747012 50.5875714306274,8.70467750586867 50.5871675379391,8.7044175038424 50.5865399428281,8.70340815097824 50.5863162408749,8.70265878944234 50.5867201305185,8.7029187739078 50.58734772516)))","778837","57737","138337","196074","974911"
"MULTIPOLYGON (((8.67083831304342 50.6161353513792,8.67184781703462 50.6163593030678,8.67259755142826 50.6159558694754,8.67233777494134 50.615328487237,8.67132828164057 50.6151045390645,8.67057855413642 50.6155079696144,8.67083831304342 50.6161353513792)))","20443","1643","1943","3586","24029"
"MULTIPOLYGON (((8.67980855683616 50.5514353652272,8.68081720373024 50.5516592711507,8.68156622844957 50.5512552789969,8.68130659940409 50.5506273839592,8.68029796318528 50.5504034815544,8.67954894533679 50.5508074706686,8.67980855683616 50.5514353652272)))","16667","567","1767","2334","19001"
"MULTIPOLYGON (((8.71877014521861 50.5503827165237,8.71977911122609 50.5506063095453,8.72052805525227 50.5502020175087,8.72026802642612 50.5495741354952,8.71925907111368 50.5493505459883,8.71851013393244 50.5497548349804,8.71877014521861 50.5503827165237)))","130183","2183","2583","4766","134949"
"MULTIPOLYGON (((8.66491934812016 50.586328243886,8.66592837053843 50.5865522553805,8.66667779556215 50.5861486396949,8.6664181912802 50.5855210155547,8.66540917954017 50.5852970075786,8.66465976140397 50.5857006202243,8.66491934812016 50.586328243886)))","1159732","58132","152232","210364","1370096"
"MULTIPOLYGON (((8.67164079792057 50.6003586177532,8.67265008078394 50.600582569471,8.67339964440559 50.6001790099841,8.67313991827815 50.5995515018211,8.67213064610081 50.5993275536201,8.671381089365 50.5997311100654,8.67164079792057 50.6003586177532)))","400592","13792","236592","250384","650976"
"MULTIPOLYGON (((8.63733907073348 50.5528336459914,8.63834737259763 50.5530578926579,8.63909648730238 50.5526542294157,8.63883729324399 50.5520263225415,8.63782900203361 50.5518020793983,8.63707989422794 50.5522057396062,8.63733907073348 50.5528336459914)))","76101","2401","6701","9102","85203"
"MULTIPOLYGON (((8.69579285137953 50.5812080789255,8.69680206511813 50.5814318442302,8.69755138040008 50.5810279583073,8.69729147507742 50.5804003101232,8.69628227203148 50.5801765483338,8.69553296361566 50.5805804312133,8.69579285137953 50.5812080789255)))","680814","77314","134614","211928","892742"
"MULTIPOLYGON (((8.68061427746246 50.6131758612709,8.68162382270314 50.6133997355472,8.68237350795737 50.6129962061995,8.68211364108856 50.6123688056191,8.68110410654247 50.6121449348579,8.68035442817072 50.6125484611621,8.68061427746246 50.6131758612709)))","127677","2877","14077","16954","144631"
"MULTIPOLYGON (((8.72517088383218 50.6321606154692,8.72618108618076 50.6323841232781,8.72693089568343 50.6319804043898,8.72667049598088 50.631353180743,8.72566030435572 50.6311296764433,8.72491050170979 50.6315333922813,8.72517088383218 50.6321606154692)))","1514","0","614","614","2128"
"MULTIPOLYGON (((8.69126042526229 50.6189545992421,8.69227014552888 50.6191783854831,8.69301987387591 50.6187748202744,8.6927598750799 50.6181474718701,8.69175016551515 50.6179236891427,8.69100044404466 50.6183272513062,8.69126042526229 50.6189545992421)))","1941","0","441","441","2382"
"MULTIPOLYGON (((8.67050733540972 50.5710374541312,8.67151618514557 50.5712614269107,8.67226543634296 50.5708576532388,8.67200583092374 50.570229909827,8.67099699186434 50.5700059405662,8.6702477475478 50.5704097111985,8.67050733540972 50.5710374541312)))","174790","29490","111690","141180","315970"
"MULTIPOLYGON (((8.66645249428807 50.607754994893,8.6674618394224 50.6079789853003,8.66821149162311 50.6075755208944,8.66795179179884 50.6069480691227,8.66694245735008 50.6067240822324,8.66619281204014 50.6071275435969,8.66645249428807 50.607754994893)))","4990","590","890","1480","6470"
"MULTIPOLYGON (((8.66341239316596 50.5472238236167,8.66442083845425 50.5474478630264,8.66516984711895 50.5470439617858,8.66491040361464 50.5464160241729,8.66390196899184 50.5461919882841,8.663152967208 50.5465958864874,8.66341239316596 50.5472238236167)))","2440","0","340","340","2780"
"MULTIPOLYGON (((8.65033346154287 50.606455815209,8.65134264922006 50.6066799357535,8.65209231599174 50.6062765822956,8.65183278818522 50.6056491113325,8.65082361118488 50.6054249943067,8.65007395131435 50.6058283447253,8.65033346154287 50.606455815209)))","151650","19350","30150","49500","201150"
"MULTIPOLYGON (((8.67816493431634 50.618330200901,8.67917453303071 50.6185540927527,8.67992427798143 50.6181506209325,8.67966441733277 50.6175232603041,8.67865482931326 50.6172993719674,8.67790509124766 50.6177028407441,8.67816493431634 50.618330200901)))","16979","1979","2079","4058","21037"
"MULTIPOLYGON (((8.72646012736529 50.5976914898068,8.7274698422705 50.5979150015746,8.72821927946174 50.5975110110947,8.72795899489877 50.5968835118954,8.72694929070706 50.5966600036386,8.72619986036494 50.5970639910702,8.72646012736529 50.5976914898068)))","2110","1510","11710","13220","15330"
"MULTIPOLYGON (((8.61866500759995 50.5674959872589,8.6196733600479 50.5677203780603,8.62042266462318 50.5673169661127,8.62016360983631 50.5666891663967,8.61915526803692 50.5664647791199,8.61840597037594 50.5668681880346,8.61866500759995 50.5674959872589)))","9886","286","1486","1772","11658"
"MULTIPOLYGON (((8.66336190316539 50.5825624244662,8.66437085781947 50.5827864500138,8.66512024521697 50.5823828174019,8.66486067107268 50.5817551622819,8.66385172709486 50.5815311402531,8.6631023465852 50.5819347698256,8.66336190316539 50.5825624244662)))","1085803","40903","238403","279306","1365109"
"MULTIPOLYGON (((8.71533517398504 50.5752787452119,8.71634446977973 50.5755023557261,8.71709368661077 50.5750982783769,8.71683360079513 50.5744705935592,8.71582431570129 50.5742469865584,8.71507510572233 50.574651060862,8.71533517398504 50.5752787452119)))","17780","4680","6380","11060","28840"
"MULTIPOLYGON (((8.64280786574214 50.6082032020415,8.64381701388201 50.6084273823688,8.64456671269143 50.608024098603,8.64430725645462 50.6073966375484,8.6432981189882 50.6071724607406,8.64254842708525 50.607575741468,8.64280786574214 50.6082032020415)))","4130","2830","19030","21860","25990"
"MULTIPOLYGON (((8.69307315520279 50.5657828158261,8.69408212294617 50.5660066092887,8.69483127776041 50.565602626634,8.69457145796653 50.5649748535589,8.69356250090963 50.5647510636128,8.69281335296031 50.5651550432254,8.69307315520279 50.5657828158261)))","50064","2164","5364","7528","57592"
"MULTIPOLYGON (((8.65416731384857 50.5913502856319,8.65517631630358 50.5915743815207,8.65592581420877 50.5911708845668,8.65566630276349 50.5905432947631,8.65465731098268 50.5903192023936,8.6539078199731 50.5907226963086,8.65416731384857 50.5913502856319)))","6800","300","4300","4600","11400"
"MULTIPOLYGON (((8.72205706458726 50.6069739883375,8.72306687591684 50.607197531704,8.72381642059529 50.6067936447238,8.72355614709045 50.6061662174257,8.72254634647496 50.6059426775701,8.72179680865036 50.6063465615019,8.72205706458726 50.6069739883375)))","10136","0","236","236","10372"
"MULTIPOLYGON (((8.63139221754092 50.6005376893097,8.63240115660359 50.6007619645148,8.63315079323091 50.6003587080872,8.63289148388317 50.599731179491,8.63188255548572 50.5995069078071,8.63113292577087 50.5999101611982,8.63139221754092 50.6005376893097)))","1545","0","345","345","1890"
"MULTIPOLYGON (((8.7404380657715 50.5893867452654,8.74144778043864 50.5896101479458,8.74219710344763 50.5892059896961,8.74193670495135 50.5885784318157,8.74092700100239 50.5883550326453,8.74017768483163 50.5887591878454,8.7404380657715 50.5893867452654)))","2152","0","152","152","2304"
"MULTIPOLYGON (((8.64036401206399 50.5535063614204,8.6413723496654 50.5537305835159,8.64212146625547 50.5533269027033,8.641862238347 50.5526990028301,8.64085391140109 50.5524747842576,8.64010480170828 50.5528784620354,8.64036401206399 50.5535063614204)))","156310","4410","12410","16820","173130"
"MULTIPOLYGON (((8.71085301515349 50.5600324170301,8.71186205247766 50.5602560698217,8.71261111398455 50.5598519103176,8.71235113131537 50.559224101066,8.71134210468511 50.5590004517892,8.71059305003025 50.5594046082493,8.71085301515349 50.5600324170301)))","217263","17863","57763","75626","292889"
"MULTIPOLYGON (((8.68984685614774 50.5690580711259,8.69085584345527 50.5692818892043,8.69160503910369 50.5688779555855,8.691345240577 50.5682502069303,8.6903362639553 50.5680263923686,8.68958707517458 50.5684303229455,8.68984685614774 50.5690580711259)))","374931","53831","56031","109862","484793"
"MULTIPOLYGON (((8.73946015581505 50.5914501120528,8.74046989191871 50.5916735217531,8.74121923881139 50.5912693864977,8.74095884276124 50.5906418445917,8.73994911737588 50.5904184384014,8.7391997773225 50.5908225706072,8.73946015581505 50.5914501120528)))","5715","715","815","1530","7245"
"MULTIPOLYGON (((8.71935241251205 50.5562140842509,8.72036146762041 50.55643767022,8.72111047303777 50.556033418071,8.72085041650126 50.5554055829978,8.71984137209006 50.5551820005428,8.71909237351836 50.555586249647,8.71935241251205 50.5562140842509)))","3687","0","287","287","3974"
"MULTIPOLYGON (((8.72265036975517 50.5951383722803,8.72366001510789 50.5953619157666,8.72440943174978 50.5949579344311,8.72414919618793 50.5943304126571,8.72313956154596 50.5941068726824,8.72239015175521 50.5945108509702,8.72265036975517 50.5951383722803)))","30723","11423","185723","197146","227869"
"MULTIPOLYGON (((8.70261286776489 50.6020976312185,8.7036224418049 50.602321333082,8.70437196895979 50.6019175547221,8.70411191520904 50.6012900775442,8.70310235187157 50.601066379194,8.70235283158242 50.6014701545084,8.70261286776489 50.6020976312185)))","1161550","1850","16350","18200","1179750"
"MULTIPOLYGON (((8.69006483004193 50.5474387134442,8.69107350737625 50.5476625385192,8.69182247108776 50.5472584391904,8.69156275060179 50.5466305178274,8.69055408394681 50.5464066962704,8.68980512709861 50.5468107925585,8.69006483004193 50.5474387134442)))","242","0","142","142","384"
"MULTIPOLYGON (((8.68154557388346 50.5689266160616,8.68255448800388 50.5691505009476,8.6833036969999 50.5687466285329,8.68304398500247 50.5681188742732,8.68203508156355 50.5678949929049,8.68128587944068 50.5682988622786,8.68154557388346 50.5689266160616)))","5080","280","680","960","6040"
"MULTIPOLYGON (((8.69145995658525 50.6150106522801,8.69246962153436 50.6152344385475,8.6932193071798 50.6148308418702,8.69295932100059 50.6142034619706,8.69194966675221 50.613979679217,8.69119998798242 50.6143832728493,8.69145995658525 50.6150106522801)))","3260","360","560","920","4180"
"MULTIPOLYGON (((8.71676727262262 50.6251740735041,8.71777730179999 50.6253976518859,8.71852705134178 50.624993942842,8.71826676484543 50.6243666584654,8.71725674638498 50.6241430835941,8.71650700370411 50.6245467895891,8.71676727262262 50.6251740735041)))","1660","0","260","260","1920"
"MULTIPOLYGON (((8.65425428955633 50.5982087021603,8.65526339182053 50.5984327945542,8.65601296315486 50.5980293490472,8.65575342532815 50.5974018141856,8.65474433374028 50.5971777253105,8.65399476930289 50.5975811677782,8.65425428955633 50.5982087021603)))","61379","14079","15379","29458","90837"
"MULTIPOLYGON (((8.66730438468272 50.5566422616327,8.66831299922425 50.5568662659755,8.66906210186417 50.5564624070389,8.66880258308258 50.555834546798,8.66779397921146 50.5556105459751,8.66704488345165 50.5560144018733,8.66730438468272 50.5566422616327)))","31068","7968","8468","16436","47504"
"MULTIPOLYGON (((8.67974522899453 50.6044360207754,8.68075464043679 50.60465990564,8.68150423342394 50.6042563163949,8.68124440808763 50.6036288453282,8.68023500733677 50.6034049639793,8.67948542123093 50.6038085501816,8.67974522899453 50.6044360207754)))","11077","777","3477","4254","15331"
"MULTIPOLYGON (((8.66373866599383 50.5923357384131,8.66474776501442 50.592559756952,8.66549725656364 50.5921561957436,8.66523764220296 50.5915286190366,8.66422855386183 50.5913046040159,8.66347906920208 50.5917081621841,8.66373866599383 50.5923357384131)))","785397","4497","31497","35994","821391"
"MULTIPOLYGON (((8.71619656880109 50.6016875702948,8.71720625345893 50.601911163018,8.71795575191998 50.6015072797771,8.71769555886664 50.6008798068602,8.71668588491824 50.6006562176488,8.71593639331386 50.6010600978425,8.71619656880109 50.6016875702948)))","7423","423","1023","1446","8869"
"MULTIPOLYGON (((8.73476689835073 50.5978203516403,8.73577668630401 50.5980437964876,8.73652610995493 50.5976397447672,8.73626573880905 50.597012251249,8.73525596157356 50.5967888099118,8.73450654476628 50.5971928585828,8.73476689835073 50.5978203516403)))","11397","7797","15797","23594","34991"
"MULTIPOLYGON (((8.68950098409698 50.619134349578,8.69051069184962 50.6193581499006,8.69126042526229 50.6189545992421,8.69100044404466 50.6183272513062,8.68999074699303 50.6181034544974,8.68924102045811 50.6185070021108,8.68950098409698 50.619134349578)))","815","0","4815","4815","5630"
"MULTIPOLYGON (((8.68854032574009 50.6035372126531,8.68954979975608 50.6037610271413,8.6902993674524 50.6033573651604,8.6900394542575 50.6027298917354,8.6890299909372 50.6025060807621,8.68828043011623 50.602909739699,8.68854032574009 50.6035372126531)))","445641","55241","58841","114082","559723"
"MULTIPOLYGON (((8.70906751291228 50.5955494649335,8.71007704771577 50.5957731175585,8.71082649308857 50.5953692410977,8.71056639679787 50.594741715058,8.70955687269827 50.594518065946,8.70880743418564 50.5949219393607,8.70906751291228 50.5955494649335)))","118853","10853","56553","67406","186259"
"MULTIPOLYGON (((8.69296461981168 50.5765906465296,8.69397374260733 50.5768144364675,8.69472301343143 50.576410536675,8.69446315459289 50.5757828499877,8.69345404248699 50.5755590635657,8.69270477853 50.5759629603153,8.69296461981168 50.5765906465296)))","196674","15774","36774","52548","249222"
"MULTIPOLYGON (((8.70233766870075 50.581518995926,8.7033469431012 50.5817427084559,8.70409625004427 50.5813387758584,8.70383627572513 50.5807111337755,8.70282701202078 50.5804874247602,8.70207771193959 50.5808913543133,8.70233766870075 50.581518995926)))","152987","6387","19987","26374","179361"
"MULTIPOLYGON (((8.68857811104955 50.568206494318,8.68958707517458 50.5684303229455,8.6903362639553 50.5680263923686,8.69007648174276 50.5673986362061,8.68906752830262 50.5671748110955,8.68831834639025 50.5675787386306,8.68857811104955 50.568206494318)))","63741","5241","10341","15582","79323"
"MULTIPOLYGON (((8.72108913726639 50.5913731668667,8.72209871483282 50.5915967244708,8.72284809389386 50.5911927262324,8.72258788853716 50.5905651734374,8.72157832167952 50.5903416193453,8.72082894946991 50.5907456145363,8.72108913726639 50.5913731668667)))","694367","114167","189867","304034","998401"
"MULTIPOLYGON (((8.69823982296638 50.5760502311298,8.69924898324251 50.5762739788578,8.69999823887504 50.5758700354381,8.69973832736805 50.5752423473339,8.6987291777842 50.5750186031212,8.69797992901521 50.5754225434974,8.69823982296638 50.5760502311298)))","373738","11538","104038","115576","489314"
"MULTIPOLYGON (((8.67019471290223 50.5857893454886,8.67120377289468 50.5860133147876,8.67195318279375 50.5856096554727,8.67169352581656 50.5849820298993,8.67068447650492 50.5847580641181,8.66993507348978 50.5851617203926,8.67019471290223 50.5857893454886)))","1429597","96997","209597","306594","1736191"
"MULTIPOLYGON (((8.63003941231677 50.5928280242188,8.63104822837474 50.5930523134265,8.63179778464801 50.5926490085714,8.63153851795161 50.5920214175445,8.63052971255582 50.5917971318586,8.62978016319436 50.5922004336779,8.63003941231677 50.5928280242188)))","105802","2602","11802","14404","120206"
"MULTIPOLYGON (((8.65125537647137 50.5798734781998,8.65226418816943 50.580097602156,8.65301356813077 50.579694039866,8.65275412949894 50.5790663566576,8.65174532847007 50.5788422362216,8.650995955404 50.5792457954739,8.65125537647137 50.5798734781998)))","4484","384","1584","1968","6452"
"MULTIPOLYGON (((8.70642186602382 50.6046510901108,8.70743150965868 50.6048747602714,8.7081810574068 50.6044709727732,8.70792095465641 50.6038435181609,8.70691132172682 50.603619851513,8.70616178084246 50.6040236359649,8.70642186602382 50.6046510901108)))","1429561","16961","55761","72722","1502283"
"MULTIPOLYGON (((8.64525900012088 50.603049300584,8.64626809489401 50.6032734633136,8.64701773405712 50.6028701220115,8.64675827154344 50.6022426210184,8.64574918744347 50.6020184618083,8.64499955518417 50.6024218000719,8.64525900012088 50.603049300584)))","7554","0","154","154","7708"
"MULTIPOLYGON (((8.70789019360818 50.601557315846,8.70889980512739 50.6017809754682,8.70964931705513 50.6013771534655,8.7093892106016 50.6007496748869,8.70837960978748 50.6005260187775,8.70763010472191 50.600929837734,8.70789019360818 50.601557315846)))","22721","1421","2221","3642","26363"
"MULTIPOLYGON (((8.65341662018608 50.5718025266954,8.65442533399962 50.5720266365464,8.65517462362311 50.5716229967744,8.65491519254091 50.5709952501889,8.65390648939523 50.5707711438583,8.65315720666399 50.5711747805928,8.65341662018608 50.5718025266954)))","31040","1440","1740","3180","34220"
"MULTIPOLYGON (((8.62152266099302 50.5544471090402,8.62253084990026 50.5546714821083,8.62328000964687 50.5542679496853,8.62302097357652 50.5536400472267,8.62201279531536 50.5534156776836,8.62126364247857 50.5538192070741,8.62152266099302 50.5544471090402)))","113114","0","5714","5714","118828"
"MULTIPOLYGON (((8.70351509295845 50.5755095582144,8.70452429069885 50.5757332637288,8.70527353112668 50.5753292766815,8.70501356695432 50.5747015871639,8.70400437990877 50.5744778851643,8.70325514634086 50.5748818691676,8.70351509295845 50.5755095582144)))","66180","4880","9580","14460","80640"
"MULTIPOLYGON (((8.67137477015461 50.5797811164953,8.67238375354547 50.5800050787516,8.67313309692975 50.5796013649665,8.67287345004131 50.5789736919655,8.67186447733002 50.5787497332273,8.67111514082774 50.579153443972,8.67137477015461 50.5797811164953)))","654475","41875","106075","147950","802425"
"MULTIPOLYGON (((8.68161457725997 50.5934529773292,8.68262384607663 50.593676851664,8.68337331790109 50.5932731649748,8.68311351403111 50.5926456069933,8.68210425590349 50.5924217361746,8.68135479095691 50.5928254198214,8.68161457725997 50.5934529773292)))","1429552","43052","125552","168604","1598156"
"MULTIPOLYGON (((8.6716176199357 50.6180174656594,8.67262715784095 50.618241410304,8.67337691106193 50.6178379851753,8.67311711948844 50.6172106184447,8.67210759227456 50.6169866773158,8.67135784594291 50.6173900994019,8.6716176199357 50.6180174656594)))","44894","2394","14094","16488","61382"
"MULTIPOLYGON (((8.71308749124266 50.5764909075897,8.71409678526301 50.5767145356924,8.71484601910567 50.5763104843839,8.71458595207435 50.575682808018,8.71357666875413 50.5754591834289,8.71282744176526 50.5758632316921,8.71308749124266 50.5764909075897)))","33175","5575","13775","19350","52525"
"MULTIPOLYGON (((8.62863650464802 50.5605918293977,8.62964484343607 50.560816142869,8.6303940565387 50.56041260375,8.63013492394703 50.5597847541934,8.62912659581057 50.5595604442459,8.62837738961433 50.5599639803312,8.62863650464802 50.5605918293977)))","3468","268","368","636","4104"
"MULTIPOLYGON (((8.73125660152093 50.5805149567631,8.73226610938956 50.580738437006,8.73301535379949 50.5803342801536,8.73275508349835 50.5797066461062,8.73174558634043 50.5794831693748,8.73099634877305 50.5798873231793,8.73125660152093 50.5805149567631)))","20311","4411","7111","11522","31833"
"MULTIPOLYGON (((8.69316393579857 50.5726443390832,8.69417300334192 50.5728681290257,8.69492223151635 50.5724641977786,8.69466238528137 50.5718364796315,8.69365332842663 50.5716126932051,8.69290410711839 50.5720166214096,8.69316393579857 50.5726443390832)))","49235","11035","14135","25170","74405"
"MULTIPOLYGON (((8.73447491225356 50.5949062912587,8.73548465559286 50.5951297396624,8.73623404851485 50.5947256679947,8.73597369125444 50.5940981509727,8.73496395863193 50.5938747060793,8.73421457255321 50.5942787746978,8.73447491225356 50.5949062912587)))","171530","6930","13530","20460","191990"
"MULTIPOLYGON (((8.70215429290261 50.5677966615756,8.70316336764212 50.5680203811807,8.70391252784919 50.5676163457751,8.70365260645756 50.5669885938079,8.70264354240983 50.5667648777182,8.70189438906209 50.5671689100804,8.70215429290261 50.5677966615756)))","587377","95977","121177","217154","804531"
"MULTIPOLYGON (((8.68806966880477 50.5869054045366,8.68907889850125 50.587129229633,8.68982828862279 50.5867254448436,8.6895684421756 50.5860978380007,8.68855922316946 50.5858740164201,8.6878098399203 50.5862777981667,8.68806966880477 50.5869054045366)))","1429573","33073","60773","93846","1523419"
"MULTIPOLYGON (((8.66532111984739 50.5784371706961,8.66633003179679 50.5786611821686,8.66707937149644 50.5782575035471,8.66681979236117 50.5776298164928,8.66581089108779 50.5774058085391,8.66506155827383 50.5778094841211,8.66532111984739 50.5784371706961)))","1429541","247641","318341","565982","1995523"
"MULTIPOLYGON (((8.64183367057976 50.5504115714956,8.6428419762148 50.5506357830221,8.64359105707365 50.5502320677072,8.6433318254019 50.5496041439006,8.64232353042222 50.5493799358971,8.64157445645903 50.5497836481773,8.64183367057976 50.5504115714956)))","6910","310","2210","2520","9430"
"MULTIPOLYGON (((8.62883933618554 50.5566454290727,8.62984761981598 50.5568697424942,8.63059679028191 50.5564661719008,8.63033767021207 50.5558382909194,8.62932939723214 50.555613981022,8.62858023367168 50.5560175485819,8.62883933618554 50.5566454290727)))","75449","1949","16949","18898","94347"
"MULTIPOLYGON (((8.68886800103868 50.5711213701972,8.68987700971804 50.5713451953089,8.69062622921756 50.570941284688,8.69036643316911 50.5703135519973,8.68935743517569 50.5700897304023,8.68860822254491 50.5704936379813,8.68886800103868 50.5711213701972)))","577168","47368","125368","172736","749904"
"MULTIPOLYGON (((8.71134210468511 50.5590004517892,8.71235113131537 50.559224101066,8.7131001808963 50.5588199300661,8.71284019699559 50.5581921128336,8.71183118105918 50.5579684670718,8.71108213832976 50.5583726350276,8.71134210468511 50.5590004517892)))","191415","16515","52515","69030","260445"
"MULTIPOLYGON (((8.69992279749473 50.5513365123358,8.70093161563291 50.5515602565666,8.70168060352603 50.5511561129556,8.70142076642347 50.550528228156,8.70041195897088 50.5503044874418,8.69966297793532 50.5507086280107,8.69992279749473 50.5513365123358)))","79686","8386","37586","45972","125658"
"MULTIPOLYGON (((8.70655706468294 50.5585099056252,8.70756604319858 50.5587335935915,8.70831509607199 50.5583294547148,8.70805516357531 50.5577016309154,8.7070461957509 50.5574779464646,8.7062971497321 50.5578820822979,8.70655706468294 50.5585099056252)))","5621","721","1121","1842","7463"
"MULTIPOLYGON (((8.7063297357772 50.597792369626,8.70733927949894 50.5980160433568,8.70808875382487 50.5976122044441,8.70782867756673 50.5969846948465,8.70681914454815 50.5967610246289,8.70606967708467 50.5971648604958,8.7063297357772 50.597792369626)))","6851","251","451","702","7553"
"MULTIPOLYGON (((8.69513865321139 50.5508455590162,8.69614742321751 50.5510693419182,8.69689641437552 50.5506652304247,8.69663662866692 50.5500373390707,8.69562786934377 50.5498135596858,8.6948788850464 50.5502176681378,8.69513865321139 50.5508455590162)))","1736","0","136","136","1872"
"MULTIPOLYGON (((8.63889423505597 50.5566009760315,8.63990260462431 50.5568252086959,8.64065175694791 50.5564215623873,8.64039253280449 50.5557936864491,8.63938417389189 50.5555694573077,8.63863502846709 50.5559731005816,8.63889423505597 50.5566009760315)))","103564","364","2764","3128","106692"
"MULTIPOLYGON (((8.6830140574286 50.5658316881482,8.68402293950472 50.5660555624814,8.68477211273081 50.5656516555691,8.68451239700932 50.5650238773645,8.68350352561451 50.564800006549,8.68275435926001 50.5652039104204,8.6830140574286 50.5658316881482)))","1270","170","370","540","1810"
"MULTIPOLYGON (((8.63240596524406 50.580814335694,8.63341462824841 50.581038610748,8.63416405149814 50.5806351969044,8.63390480483576 50.5800075110423,8.63289615249113 50.5797832395105,8.63214673614928 50.5801866503187,8.63240596524406 50.580814335694)))","66248","748","4448","5196","71444"
"MULTIPOLYGON (((8.63228806230272 50.5916181011827,8.633296880261 50.5918423728117,8.63404641960036 50.5914390419072,8.63378713407142 50.5908114424098,8.63277832677613 50.5905871743024,8.63202879434689 50.5909905021708,8.63228806230272 50.5916181011827)))","967105","13805","51905","65710","1032815"
"MULTIPOLYGON (((8.65930279179294 50.6192730275708,8.66031224192873 50.6194970707377,8.66106203046107 50.6190937474528,8.66080236195995 50.6184663840422,8.65979292250958 50.6182423443924,8.659043140875 50.6186456646361,8.65930279179294 50.6192730275708)))","285408","10808","14108","24916","310324"
"MULTIPOLYGON (((8.65869065300719 50.5712638511411,8.65969940441342 50.5714879188196,8.66044867894775 50.5710842354279,8.66018919518727 50.5704564873958,8.65918045445145 50.5702324232372,8.65843118680583 50.5706361035908,8.65869065300719 50.5712638511411)))","1429564","25864","318364","344228","1773792"
"MULTIPOLYGON (((8.7332048523924 50.5940553157184,8.73421457255321 50.5942787746978,8.73496395863193 50.5938747060793,8.73470361770606 50.5932471815306,8.73369390826111 50.5930237260617,8.73294452902631 50.5934277916312,8.7332048523924 50.5940553157184)))","34455","3455","30255","33710","68165"
"MULTIPOLYGON (((8.70738662567412 50.6202485848877,8.70839650311243 50.6204722408239,8.70914621655956 50.6200685646212,8.70888604570235 50.6194412355297,8.7078761789746 50.6192175831051,8.70712647239363 50.6196212562605,8.70738662567412 50.6202485848877)))","5106","706","1406","2112","7218"
"MULTIPOLYGON (((8.68255309769143 50.6267092737205,8.68356285530734 50.626933126804,8.6843126824459 50.6265296857878,8.68405274508484 50.6259023947328,8.68304299816864 50.6256785451633,8.68229317791391 50.6260819831349,8.68255309769143 50.6267092737205)))","53214","814","3414","4228","57442"
"MULTIPOLYGON (((8.70791820162908 50.5662237994473,8.70892730311802 50.5664474733281,8.70967643618623 50.5660433828021,8.70941646091042 50.5654156214393,8.70840737011576 50.5651919510733,8.70765824390273 50.5655960385552,8.70791820162908 50.5662237994473)))","3348","0","248","248","3596"
"MULTIPOLYGON (((8.71364437804986 50.6176463250237,8.71465427154646 50.6178699316755,8.71540394585326 50.6174661888132,8.71514371980206 50.6168388423473,8.71413383701845 50.6166152392068,8.7133841695732 50.6170189790211,8.71364437804986 50.6176463250237)))","7771","1171","2371","3542","11313"
"MULTIPOLYGON (((8.65177351219619 50.5611747386593,8.6527820585556 50.5613988660006,8.65353123719095 50.5609951578659,8.65327186257576 50.5603673254266,8.65226332688008 50.5601432016066,8.651514155136 50.5605469067047,8.65177351219619 50.5611747386593)))","565856","13656","106556","120212","686068"
"MULTIPOLYGON (((8.65540855577316 50.6098620409374,8.65641783635388 50.6100861192841,8.6571675307234 50.609682753667,8.65690793761388 50.6090553127433,8.65589866771365 50.6088312379146,8.65514898024257 50.6092346004916,8.65540855577316 50.6098620409374)))","171451","8651","21351","30002","201453"
"MULTIPOLYGON (((8.70478425363653 50.5763609452626,8.7057934745572 50.5765846402195,8.70654272184427 50.5761806501279,8.70628274135155 50.5755529681237,8.70527353112668 50.5753292766815,8.70452429069885 50.5757332637288,8.70478425363653 50.5763609452626)))","181292","36592","54092","90684","271976"
"MULTIPOLYGON (((8.66427861245969 50.5559701994217,8.66528719130005 50.5561942283555,8.66603629209503 50.5557903869947,8.66577680716777 50.555162519738,8.66476823899605 50.5549384943244,8.66401914508306 50.5553423326474,8.66427861245969 50.5559701994217)))","360283","86183","99883","186066","546349"
"MULTIPOLYGON (((8.63522945143914 50.5854322475398,8.63623820542054 50.5856564980389,8.63698767323087 50.5852530980984,8.63672838015296 50.5846254506949,8.63571963683417 50.5844012037175,8.63497017593077 50.5848046006219,8.63522945143914 50.5854322475398)))","463208","5808","16408","22216","485424"
"MULTIPOLYGON (((8.66117554724502 50.6082932451803,8.66218485477041 50.6085172778002,8.66293452209576 50.6081138570355,8.66267487500149 50.6074864066917,8.66166557815912 50.6072623775893,8.66091591772811 50.6076657953133,8.66117554724502 50.6082932451803)))","6375","1275","1475","2750","9125"
"MULTIPOLYGON (((8.69791645681301 50.6084646918269,8.69892608256773 50.6086884288512,8.69967568643214 50.6082847340537,8.69941565767186 50.6076573052775,8.69840604261921 50.6074335717668,8.69765644562487 50.6078372635188,8.69791645681301 50.6084646918269)))","1118655","42055","68155","110210","1228865"
"MULTIPOLYGON (((8.67909783798918 50.5740844396159,8.68010680551806 50.5743083420897,8.68085607413586 50.5739045271745,8.68059636834914 50.5732768128264,8.67958741150208 50.5730529138701,8.67883814976006 50.5734567257444,8.67909783798918 50.5740844396159)))","375172","11572","47772","59344","434516"
"MULTIPOLYGON (((8.63646544344571 50.6039447643158,8.63747447543192 50.604168997361,8.63822413970239 50.6037657287852,8.63796476507701 50.6031382302017,8.6369557437597 50.6029140006769,8.63620608639901 50.6033172662153,8.63646544344571 50.6039447643158)))","1723","0","323","323","2046"
"MULTIPOLYGON (((8.61482551839006 50.5826041509855,8.61583405572851 50.5828285665559,8.61658352901579 50.5824252981169,8.61632445804489 50.5817976171409,8.61531593135763 50.5815732050946,8.6145664649902 50.5819764705003,8.61482551839006 50.5826041509855)))","15095","395","595","990","16085"
"MULTIPOLYGON (((8.64105604325902 50.5485277860743,8.6420643150469 50.5487520046013,8.64281337710072 50.5483482808206,8.64255416047098 50.5477203415476,8.64154589933746 50.5474961265438,8.64079684417948 50.54789984729,8.64105604325902 50.5485277860743)))","1928","0","128","128","2056"
"MULTIPOLYGON (((8.7286228708386 50.5719511294431,8.72963223249059 50.5721746343969,8.73038138985564 50.5717704322536,8.73012117872619 50.5711427282037,8.7291118277809 50.5709192267622,8.72836267725849 50.5713234258585,8.7286228708386 50.5719511294431)))","287927","19627","69427","89054","376981"
"MULTIPOLYGON (((8.69194966675221 50.613979679217,8.69295932100059 50.6142034619706,8.6937089947049 50.613799853789,8.69344900728579 50.6131724658989,8.69243936373806 50.6129486866592,8.69168969690891 50.6133522917958,8.69194966675221 50.613979679217)))","9982","0","382","382","10364"
"MULTIPOLYGON (((8.68437256879935 50.5735446164724,8.68538157384717 50.5737684767502,8.68613082730966 50.5733646182108,8.68587106885228 50.5727369024352,8.68486207448883 50.5725130456743,8.68411282789851 50.5729169011722,8.68437256879935 50.5735446164724)))","707180","39680","81480","121160","828340"
"MULTIPOLYGON (((8.66370110841573 50.5501393959849,8.6647095982175 50.5503634319042,8.66545863758979 50.549959550623,8.66519918027922 50.5493316364602,8.66419070114403 50.5491076040615,8.66344166865293 50.5495114823052,8.66370110841573 50.5501393959849)))","1922","0","122","122","2044"
"MULTIPOLYGON (((8.66169126704586 50.5896013663973,8.66270030896825 50.5898254025117,8.66344977481065 50.5894218358796,8.66319019184045 50.5887942361727,8.66218116059558 50.5885702035768,8.66143170164349 50.5889737671693,8.66169126704586 50.5896013663973)))","1429555","117855","263255","381110","1810665"
"MULTIPOLYGON (((8.66151588742068 50.5758819907895,8.66252472976914 50.5761060338885,8.66327404880966 50.5757023643847,8.66301451861411 50.5750746548208,8.66200568693896 50.5748506152411,8.66125637478615 50.5752542817061,8.66151588742068 50.5758819907895)))","1429508","168408","318308","486716","1916224"
"MULTIPOLYGON (((8.63433404745335 50.5943527078912,8.63534292252561 50.5945769619689,8.63609248760664 50.5941736364982,8.63583317070624 50.5935460599863,8.63482430629883 50.5933218094298,8.63407474812711 50.593725131864,8.63433404745335 50.5943527078912)))","23449","249","549","798","24247"
"MULTIPOLYGON (((8.62447713072234 50.5904512456151,8.62548586453282 50.5906755804791,8.62623540507506 50.5902722992731,8.62597620489193 50.5896446862382,8.62496748173999 50.5894203548967,8.62421794811277 50.5898236330677,8.62447713072234 50.5904512456151)))","18933","433","733","1166","20099"
"MULTIPOLYGON (((8.67339964440559 50.6001790099841,8.67440893979387 50.600402947631,8.67515849836771 50.5999993735982,8.67489875466879 50.5993718649603,8.67388946996737 50.5991479308301,8.67313991827815 50.5995515018211,8.67339964440559 50.6001790099841)))","1429503","5103","22003","27106","1456609"
"MULTIPOLYGON (((8.66752070960117 50.612550439385,8.66853013323643 50.6127744192313,8.66927983502345 50.6123709832596,8.66902010628431 50.6117435704834,8.66801069333664 50.6115195941536,8.66726099844064 50.6119230270836,8.66752070960117 50.612550439385)))","40283","283","1683","1966","42249"
"MULTIPOLYGON (((8.68855922316946 50.5858740164201,8.6895684421756 50.5860978380007,8.6903178203662 50.5856940417102,8.69005797267898 50.585066426882,8.68904876436317 50.5848426088173,8.68829939304441 50.5852464020649,8.68855922316946 50.5858740164201)))","334823","3123","24023","27146","361969"
"MULTIPOLYGON (((8.69784171162788 50.5839423740321,8.6988509824363 50.5841661217378,8.69960032338023 50.5837622412272,8.69934038665056 50.5831346160548,8.69833112653665 50.5829108718641,8.69758179245805 50.5833147493308,8.69784171162788 50.5839423740321)))","1429528","12928","73628","86556","1516084"
"MULTIPOLYGON (((8.66748085762373 50.5703654865865,8.66848967164838 50.5705894839688,8.66923892100487 50.5701857278767,8.6689793494541 50.5695579774415,8.66797054610414 50.5693339835782,8.66722130363035 50.5697377366311,8.66748085762373 50.5703654865865)))","46050","8650","8850","17500","63550"
"MULTIPOLYGON (((8.69664684307497 50.607613515928,8.69765644562487 50.6078372635188,8.69840604261921 50.6074335717668,8.69814603019295 50.6068061354692,8.69713643834417 50.6065823913921,8.69638684822064 50.6069860800989,8.69664684307497 50.607613515928)))","778519","49719","82219","131938","910457"
"MULTIPOLYGON (((8.70525886045669 50.5929958443873,8.70626832568719 50.5932195287084,8.70701775047743 50.5928156613851,8.70675770317506 50.5921881127861,8.70574824864567 50.5919644319786,8.70499883071765 50.5923682962566,8.70525886045669 50.5929958443873)))","98147","4847","18847","23694","121841"
"MULTIPOLYGON (((8.67880835815607 50.5711697328199,8.67981728113232 50.5713936388049,8.68056651902589 50.5709898039303,8.68030682706797 50.5703620661114,8.67929791477251 50.5701381636441,8.67854868375431 50.570541995478,8.67880835815607 50.5711697328199)))","122188","2888","8488","11376","133564"
"MULTIPOLYGON (((8.65266927967398 50.6121028170992,8.653678569068 50.6123269165513,8.65442829233712 50.6119235884955,8.65416871931162 50.6112961640275,8.65315944059741 50.6110720680937,8.65240972422897 50.6114753931096,8.65266927967398 50.6121028170992)))","466256","23656","41356","65012","531268"
"MULTIPOLYGON (((8.63967188490937 50.558484571443,8.64068028833258 50.5587087971046,8.64142945946659 50.5583051592627,8.64117022027885 50.5576772987942,8.64016182751231 50.5574530766554,8.63941266327697 50.5578567114624,8.63967188490937 50.558484571443)))","76852","3352","8652","12004","88856"
"MULTIPOLYGON (((8.73068134921972 50.5570131392625,8.73169051292998 50.5572366337547,8.73243950660141 50.5568323028146,8.7321793297244 50.5562044804287,8.73117017671737 50.5559809894494,8.73042118988427 50.5563853173431,8.73068134921972 50.5570131392625)))","2888","0","188","188","3076"
"MULTIPOLYGON (((8.7213699268321 50.6119499812534,8.72237980421461 50.6121735280867,8.72312940352725 50.6117696840623,8.72286911860225 50.6111422962533,8.72185925193501 50.6109187529307,8.72110965947761 50.6113225939064,8.7213699268321 50.6119499812534)))","251207","17407","29407","46814","298021"
"MULTIPOLYGON (((8.66120136031981 50.5906325097286,8.66221041291984 50.5908565493617,8.66295989068944 50.5904529942334,8.66270030896825 50.5898254025117,8.66169126704586 50.5896013663973,8.66094179616712 50.5900049184859,8.66120136031981 50.5906325097286)))","922633","19733","160533","180266","1102899"
"MULTIPOLYGON (((8.70925232597193 50.6092667780442,8.71026206061758 50.6094904235191,8.71101165283754 50.6090866498848,8.71075150354919 50.6084592338226,8.70974177961172 50.60823559186,8.70899219425451 50.6086393624473,8.70925232597193 50.6092667780442)))","340296","36696","117496","154192","494488"
"MULTIPOLYGON (((8.67869761729185 50.5819763309598,8.67970669530554 50.5822002334408,8.68045604923393 50.581796481448,8.68019631827115 50.5811688300158,8.67918725094147 50.5809449310521,8.67843790389067 50.5813486800034,8.67869761729185 50.5819763309598)))","1429597","167497","283297","450794","1880391"
"MULTIPOLYGON (((8.66897371837748 50.5495997741303,8.6699822457182 50.5498237678884,8.6707312699846 50.5494198429985,8.67047176003281 50.5487919273885,8.66946324336122 50.5485679371504,8.66871422597244 50.5489718590023,8.66897371837748 50.5495997741303)))","486","0","186","186","672"
"MULTIPOLYGON (((8.71139532284707 50.6188574839038,8.71240521456457 50.6190811081544,8.71315490590192 50.6186773913461,8.71289469865868 50.6180500533351,8.7118848176534 50.6178264325959,8.71113513317929 50.6182301463564,8.71139532284707 50.6188574839038)))","17213","2813","5613","8426","25639"
"MULTIPOLYGON (((8.71180515420643 50.5933063936084,8.71281468008668 50.593530025128,8.71356409650496 50.5931261111204,8.71330398018514 50.5924985686396,8.7122944650095 50.5922749406329,8.71154505544918 50.5926788515942,8.71180515420643 50.5933063936084)))","414783","65983","109583","175566","590349"
"MULTIPOLYGON (((8.67282098602861 50.5943516098681,8.67383019225534 50.5945755545542,8.67457968933406 50.5941719405898,8.67431997330226 50.5935443849809,8.67331077776029 50.5933204438119,8.67256128756546 50.5937240547348,8.67282098602861 50.5943516098681)))","1429540","92840","301740","394580","1824120"
"MULTIPOLYGON (((8.70758526694622 50.6163045124775,8.70859508904761 50.6165281684524,8.70934475979323 50.6161244607868,8.70908460157236 50.6154971001935,8.70807479018043 50.6152734477306,8.70732512630005 50.6156771523491,8.70758526694622 50.6163045124775)))","114203","13903","22403","36306","150509"
"MULTIPOLYGON (((8.67360011157249 50.5962342442736,8.67460935169224 50.596458181924,8.67535886758562 50.5960545764215,8.67509913647561 50.5954270363103,8.67408990704159 50.5952031021767,8.67334039803199 50.5956067046376,8.67360011157249 50.5962342442736)))","1189695","50895","80795","131690","1321385"
"MULTIPOLYGON (((8.66552197201522 50.5744913037878,8.66653082873919 50.5747153152463,8.66728012578409 50.5743116051589,8.66702055922033 50.5736838866524,8.6660117131713 50.5734598787129,8.66526242301118 50.5738635857611,8.66552197201522 50.5744913037878)))","1011499","282799","318399","601198","1612697"
"MULTIPOLYGON (((8.67515849836771 50.5999993735982,8.67616780627909 50.6002232971737,8.6769173598037 50.5998197085949,8.6766575985336 50.5991921994826,8.67564830130993 50.5989682794235,8.67489875466879 50.5993718649603,8.67515849836771 50.5999993735982)))","136309","8409","8909","17318","153627"
"MULTIPOLYGON (((8.64580858801657 50.5666910572841,8.64681716262069 50.5669152303389,8.6475664108806 50.5665116087888,8.6473070776402 50.5658838172201,8.64629851369842 50.5656596476868,8.64554927233479 50.5660632662007,8.64580858801657 50.5666910572841)))","45931","7331","7931","15262","61193"
"MULTIPOLYGON (((8.71072064736266 50.6061731610161,8.71173034988403 50.6063967959544,8.71247990627734 50.6059929878144,8.71221975328819 50.6053655477833,8.71121006147478 50.6051419163573,8.71046051194269 50.6055457214503,8.71072064736266 50.6061731610161)))","260663","28663","119063","147726","408389"
"MULTIPOLYGON (((8.66362556999018 50.6031387122833,8.66463482410116 50.6033627273156,8.66538443176299 50.6029592490224,8.66512477842225 50.6023317587378,8.66411553499395 50.6021077472231,8.66336593422385 50.6025112224755,8.66362556999018 50.6031387122833)))","23991","491","891","1382","25373"
"MULTIPOLYGON (((8.6890299909372 50.6025060807621,8.6900394542575 50.6027298917354,8.69078901001712 50.6023262182515,8.69052909558174 50.6016987368382,8.6895196429571 50.6014749293797,8.68877009407226 50.6018785998197,8.6890299909372 50.6025060807621)))","1429530","98030","159530","257560","1687090"
"MULTIPOLYGON (((8.67718294161126 50.5428683106376,8.67819144244562 50.5430922411134,8.67894038010424 50.5426882036317,8.67868081005773 50.5420602387131,8.67767231989466 50.5418363117569,8.67692338910694 50.5422403461998,8.67718294161126 50.5428683106376)))","1341","0","141","141","1482"
"MULTIPOLYGON (((8.68201454054392 50.5855622815858,8.68302369883317 50.5857861559301,8.68377308531962 50.5853824063134,8.68351330664086 50.5847547853945,8.68250415903843 50.5845309145668,8.68175477942807 50.5849346611415,8.68201454054392 50.5855622815858)))","1217593","80293","148693","228986","1446579"
"MULTIPOLYGON (((8.64678842621076 50.5646282186069,8.64779697949024 50.5648523846185,8.64854620391805 50.5644487400642,8.64828686817129 50.5638209325347,8.64727832555401 50.5635967700446,8.64652910802141 50.5640004115627,8.64678842621076 50.5646282186069)))","61177","9977","11277","21254","82431"
"MULTIPOLYGON (((8.62958289488593 50.5761961301221,8.6305914669242 50.5764204297215,8.6313408456147 50.5760170019736,8.63108164535821 50.575389277661,8.63007308397681 50.5751649815844,8.62932371219515 50.5755684062977,8.62958289488593 50.5761961301221)))","95920","3620","8720","12340","108260"
"MULTIPOLYGON (((8.67462452159827 50.5588379580984,8.67563323071382 50.5590619027123,8.67638234390582 50.5586580055829,8.67612274110665 50.5580301668791,8.67511404266592 50.557806225784,8.67436493634966 50.558210119874,8.67462452159827 50.5588379580984)))","135125","33125","40325","73450","208575"
"MULTIPOLYGON (((8.69155064195172 50.6218674786496,8.69256040683892 50.6220912613488,8.69331016594861 50.6216877161047,8.69305015329432 50.621060391207,8.69204039911 50.6208366120213,8.69129064687725 50.6212401542199,8.69155064195172 50.6218674786496)))","1419","0","219","219","1638"
"MULTIPOLYGON (((8.63762668209701 50.5557488573924,8.63863502846709 50.5559731005816,8.63938417389189 50.5555694573077,8.63912496604719 50.5549415738792,8.6381166303319 50.5547173342132,8.63736749180659 50.5551209744525,8.63762668209701 50.5557488573924)))","391716","816","5016","5832","397548"
"MULTIPOLYGON (((8.62278988470954 50.5552993765891,8.62379809682173 50.5555237391391,8.62454726347755 50.5551202036835,8.62428821111211 50.5544923087105,8.62328000964687 50.5542679496853,8.62253084990026 50.5546714821083,8.62278988470954 50.5552993765891)))","764747","347","1747","2094","766841"
"MULTIPOLYGON (((8.7152987722434 50.6282669262529,8.71630883357194 50.628490515166,8.71705861896327 50.6280868406333,8.7167983361637 50.6274595802365,8.71578828555231 50.6272359948339,8.71503850702346 50.6276396663177,8.7152987722434 50.6282669262529)))","166320","40120","43220","83340","249660"
"MULTIPOLYGON (((8.61506663324356 50.5609933407042,8.61607486089693 50.5612177630086,8.61682410208392 50.5608143286779,8.61656510870222 50.5601864750748,8.61555689169359 50.5599620562956,8.61480765742201 50.5603654875943,8.61506663324356 50.5609933407042)))","339575","12875","28975","41850","381425"
"MULTIPOLYGON (((8.69510419272831 50.5861853940701,8.6961134724293 50.5864091628787,8.69686284230307 50.5860053199125,8.69660292560838 50.5853777111816,8.69559365660116 50.5851539458881,8.69484429359498 50.5855577858106,8.69510419272831 50.5861853940701)))","1429527","105527","240027","345554","1775081"
"MULTIPOLYGON (((8.65799958712716 50.5762411577962,8.65900840441788 50.5764652290151,8.65975773352543 50.5760615885931,8.65949823845225 50.5754338799907,8.65848943183306 50.5752098122916,8.65774010961565 50.5756134496751,8.65799958712716 50.5762411577962)))","264140","59840","290640","350480","614620"
"MULTIPOLYGON (((8.6763384001132 50.5939922426973,8.67734763138133 50.5942161592441,8.67809711836273 50.59381251619,8.67783736719465 50.5931849596308,8.67682814661299 50.5929610466006,8.67607866651308 50.593364686613,8.6763384001132 50.5939922426973)))","797924","22524","97724","120248","918172"
"MULTIPOLYGON (((8.6996917712425 50.5906221746557,8.70070115440604 50.5908459047413,8.70145056367777 50.5904420610988,8.70119058292065 50.5898144904154,8.70018121045459 50.5895907638441,8.69943180804832 50.5899946044421,8.6996917712425 50.5906221746557)))","82342","1142","9042","10184","92526"
"MULTIPOLYGON (((8.66198008291716 50.5925152524726,8.66298916940607 50.5927392850773,8.66373866599383 50.5923357384131,8.66347906920208 50.5917081621841,8.66246999339175 50.5914841330978,8.66172050369472 50.5918876767221,8.66198008291716 50.5925152524726)))","1429517","40917","168817","209734","1639251"
"MULTIPOLYGON (((8.6207456204823 50.5525633876795,8.62175377553944 50.5527877677398,8.62250291646926 50.5523842268465,8.62224389543209 50.5517563089252,8.62123575102003 50.5515319323901,8.62048661700021 50.5519354702512,8.6207456204823 50.5525633876795)))","301541","5041","24241","29282","330823"
"MULTIPOLYGON (((8.70106846072394 50.5806676312251,8.70207771193959 50.5808913543133,8.70282701202078 50.5804874247602,8.70256705402393 50.5798597751629,8.70155781350346 50.5796360555894,8.7008085202848 50.5800399820984,8.70106846072394 50.5806676312251)))","1031883","2783","15483","18266","1050149"
"MULTIPOLYGON (((8.69943362286222 50.5523685177549,8.70044245168608 50.5525922655024,8.70119145150044 50.5521881333871,8.70093161563291 50.5515602565666,8.69992279749473 50.5513365123358,8.69917380453847 50.551740641409,8.69943362286222 50.5523685177549)))","78809","6209","39109","45318","124127"
"MULTIPOLYGON (((8.70163386002586 50.6041600767956,8.70264345547112 50.6043837856859,8.70339300650441 50.6039800303299,8.70313295522575 50.6033525691293,8.70212337048313 50.6031288637524,8.70137382631666 50.6035326160628,8.70163386002586 50.6041600767956)))","379525","11425","22325","33750","413275"
"MULTIPOLYGON (((8.61212480590975 50.5671806379969,8.6131330974327 50.5674050814531,8.61388241007613 50.5670017161504,8.61362342427815 50.5663739104235,8.61261514340028 50.5661494704926,8.61186583767542 50.5665528327633,8.61212480590975 50.5671806379969)))","8469","669","869","1538","10007"
"MULTIPOLYGON (((8.7150563169755 50.5546918142994,8.71606531329817 50.554915435448,8.71681431010142 50.5545112039278,8.71655430373385 50.5538833543031,8.71554531810564 50.5536597366692,8.71479632815062 50.5540639651452,8.7150563169755 50.5546918142994)))","181368","12568","43568","56136","237504"
"MULTIPOLYGON (((8.66834789141899 50.5791091805072,8.66935683909096 50.5793331673728,8.6701061806352 50.5789294711699,8.66984656762373 50.5783017911413,8.66883763062952 50.5780778077941,8.66808829596916 50.5784815009572,8.66834789141899 50.5791091805072)))","692521","24621","115721","140342","832863"
"MULTIPOLYGON (((8.72940348177186 50.5738342091929,8.73041287729755 50.5740577070929,8.73116205343868 50.5736535133983,8.73090182721177 50.573025824851,8.72989244239378 50.5728023304631,8.72914327309515 50.5732065211105,8.72940348177186 50.5738342091929)))","54311","3511","268211","271722","326033"
"MULTIPOLYGON (((8.65745623393648 50.6125958200224,8.65846557165116 50.6128198807831,8.65921529174961 50.6124165205918,8.65895566723582 50.6117891026806,8.65794634020349 50.6115650454376,8.65719662700271 50.6119684025882,8.65745623393648 50.6125958200224)))","7389","489","689","1178","8567"
"MULTIPOLYGON (((8.6827938540479 50.5874451119276,8.68380304622204 50.5876689792354,8.68455245151404 50.5872652380781,8.68429265775609 50.5866376326553,8.68328347626976 50.5864137688639,8.68253407785368 50.5868175069789,8.6827938540479 50.5874451119276)))","701671","67771","217271","285042","986713"
"MULTIPOLYGON (((8.70761343497834 50.5809782498708,8.70862274683675 50.5812019201785,8.70937203856233 50.5807979439498,8.70911201157134 50.5801703004584,8.7081027104116 50.5799466336647,8.70735342554428 50.5803506068485,8.70761343497834 50.5809782498708)))","427441","2241","4941","7182","434623"
"MULTIPOLYGON (((8.68453254103205 50.6049279041309,8.685542000718 50.605151750286,8.68629159047146 50.6047481289032,8.68603171366082 50.6041206644088,8.68502226466889 50.6038968217688,8.68427268179368 50.6043004401081,8.68453254103205 50.6049279041309)))","6563","263","3063","3326","9889"
"MULTIPOLYGON (((8.68110410654247 50.6121449348579,8.68211364108856 50.6123688056191,8.68286331440428 50.6119652647664,8.68260344629205 50.6113378561962,8.68159392244045 50.6111139889501,8.68084425600667 50.6115175267593,8.68110410654247 50.6121449348579)))","25907","707","7107","7814","33721"
"MULTIPOLYGON (((8.64730597006433 50.6057834043481,8.64831512196459 50.6060075495059,8.64906478686311 50.6056042136333,8.64880529295849 50.6049767356417,8.64779615173326 50.604752594003,8.64704649373774 50.6051559268368,8.64730597006433 50.6057834043481)))","162614","18314","32914","51228","213842"
"MULTIPOLYGON (((8.67636037756141 50.5763272864561,8.67736935394244 50.5765512100298,8.67811865145912 50.5761474326572,8.67785896571686 50.5755197347517,8.67685000001688 50.5752958146957,8.67610070937824 50.5756995890275,8.67636037756141 50.5763272864561)))","1372932","22732","43932","66664","1439596"
"MULTIPOLYGON (((8.71640652693514 50.5800764340743,8.71741590118735 50.5803000340032,8.71816516752122 50.5798959850551,8.71790505275071 50.5792683392241,8.71689568920141 50.5790447428083,8.71614642971985 50.5794487887105,8.71640652693514 50.5800764340743)))","1271","0","171","171","1442"
"MULTIPOLYGON (((8.63840428305289 50.557632475275,8.63941266327697 50.5578567114624,8.64016182751231 50.5574530766554,8.63990260462431 50.5568252086959,8.63889423505597 50.5566009760315,8.63814507772002 50.5570046078038,8.63840428305289 50.557632475275)))","93444","544","5944","6488","99932"
"MULTIPOLYGON (((8.70588386673353 50.5458152156444,8.70689265639281 50.5460389141662,8.70764157455025 50.5456346840047,8.70738169619604 50.5450067583641,8.70637291722381 50.5447830633586,8.70562400591889 50.5451872904775,8.70588386673353 50.5458152156444)))","2993","0","193","193","3186"
"MULTIPOLYGON (((8.73066485120782 50.5923533103355,8.73167452501158 50.5925767904639,8.73242389740176 50.5921727279432,8.73216358914302 50.5915451883427,8.7311539260533 50.5913217117252,8.7304045605084 50.5917257711974,8.73066485120782 50.5923533103355)))","1084123","129423","318323","447746","1531869"
"MULTIPOLYGON (((8.68054560602747 50.5886562657215,8.68155479637755 50.5888801506155,8.6823042186536 50.5884764355041,8.68204444370199 50.5878488385409,8.68103526403888 50.5876249571635,8.68028584864052 50.5880286692328,8.68054560602747 50.5886562657215)))","478435","47335","144235","191570","670005"
"MULTIPOLYGON (((8.64845983293058 50.5575872246767,8.64946829904328 50.557811380088,8.65021744508905 50.5574076695617,8.6499581181295 50.55677980666,8.64894966267775 50.5565556547705,8.64820052352472 50.5569593622609,8.64845983293058 50.5575872246767)))","1343346","5446","8646","14092","1357438"
"MULTIPOLYGON (((8.63932153676487 50.5909016924788,8.64033040495506 50.591125907876,8.64107992423268 50.5907225188004,8.64082056841487 50.5900949173646,8.63981171089103 50.5898707054884,8.63906219851874 50.590274091527,8.63932153676487 50.5909016924788)))","2478","178","2078","2256","4734"
"MULTIPOLYGON (((8.64419258561738 50.5982533333523,8.64520160192444 50.5984775066097,8.6459511914978 50.5980741368646,8.64569175786064 50.5974465969,8.6446827522247 50.5972224271625,8.64393316955492 50.5976257938696,8.64419258561738 50.5982533333523)))","122347","18847","36447","55294","177641"
"MULTIPOLYGON (((8.67731787993738 50.5919298310148,8.67832708983262 50.5921537405283,8.67907655295198 50.5917500744683,8.67881679929574 50.5911225019368,8.67780760008685 50.5908985959401,8.67705814384794 50.5913022589582,8.67731787993738 50.5919298310148)))","1429563","48763","156263","205026","1634589"
"MULTIPOLYGON (((8.66647697390799 50.590093877416,8.66748606409787 50.5903178748526,8.66823552675037 50.5899142760931,8.66797589232589 50.5892866829372,8.6669668128162 50.5890626890186,8.66621735705094 50.5894662847379,8.66647697390799 50.590093877416)))","230353","5153","26253","31406","261759"
"MULTIPOLYGON (((8.70438686561259 50.5842532138485,8.70539619708058 50.5844769087733,8.70614552967843 50.5840729815859,8.70588552394738 50.5834453625185,8.7048762031774 50.5832216711078,8.70412687744058 50.5836255952505,8.70438686561259 50.5842532138485)))","94016","6316","14716","21032","115048"
"MULTIPOLYGON (((8.68130418117524 50.6082007358075,8.68231366042559 50.6084246065841,8.68306329104695 50.6080210342611,8.68280343553709 50.6073935942047,8.68179396698011 50.6071697269434,8.68104434323976 50.6075732962232,8.68130418117524 50.6082007358075)))","30289","4789","6589","11378","41667"
"MULTIPOLYGON (((8.67253169370934 50.5914377389572,8.67354085536115 50.5916616871605,8.67429032169602 50.5912580532311,8.6740306194957 50.5906304741396,8.67302146852763 50.5904065294536,8.67227200907627 50.5908101603419,8.67253169370934 50.5914377389572)))","1429524","28524","78624","107148","1536672"
"MULTIPOLYGON (((8.72421178348183 50.5989033915565,8.72522149662827 50.5991269209203,8.72597095085357 50.5987229564875,8.72571068508168 50.5980954657391,8.72470098264797 50.5978719398865,8.72395153527352 50.5982759012712,8.72421178348183 50.5989033915565)))","4536","236","7936","8172","12708"
"MULTIPOLYGON (((8.72785126665616 50.5523947582238,8.72886033949993 50.5526182773679,8.72960928880047 50.5522139325791,8.72934915841804 50.551586071692,8.72834009627462 50.5513625560614,8.72759115381339 50.5517668978045,8.72785126665616 50.5523947582238)))","2203","0","503","503","2706"
"MULTIPOLYGON (((8.65327416164603 50.6002705973827,8.65428328526311 50.6004946968143,8.65503288045522 50.6000912743186,8.65477334513237 50.5994637554306,8.65376423219172 50.5992396595178,8.65301464389762 50.5996430789742,8.65327416164603 50.6002705973827)))","4085","1285","2485","3770","7855"
"MULTIPOLYGON (((8.64681785573179 50.5469574799683,8.64782615446702 50.5471816528319,8.64857518956317 50.5467778739463,8.64831591903248 50.5461499252324,8.64730763095411 50.5459257558916,8.64655860274968 50.546329531742,8.64681785573179 50.5469574799683)))","71474","5574","9274","14848","86322"
"MULTIPOLYGON (((8.72274410695732 50.6019976296365,8.72375385224227 50.6022211695337,8.72450334229427 50.6018172396004,8.72424308020901 50.601189772818,8.72323334563698 50.6009662364319,8.7224838624374 50.6013701633171,8.72274410695732 50.6019976296365)))","2940","840","2140","2980","5920"
"MULTIPOLYGON (((8.72128693725665 50.5874273319186,8.72229645951717 50.5876508895555,8.72304579591345 50.5872468598685,8.72278560319882 50.5866192755919,8.72177609164596 50.5863957214672,8.72102676210019 50.5867997481071,8.72128693725665 50.5874273319186)))","42264","9664","17364","27028","69292"
"MULTIPOLYGON (((8.66142822348614 50.5690213300937,8.66243696607718 50.5692453766743,8.66318621173832 50.5688416557398,8.66292670792211 50.5682138912631,8.66191797600218 50.5679898482023,8.66116873722747 50.5683935660984,8.66142822348614 50.5690213300937)))","557041","9141","25241","34382","591423"
"MULTIPOLYGON (((8.71882972328602 50.6102480736349,8.71983955427646 50.6104716416212,8.72058913987787 50.6100678036938,8.72032888763234 50.6094404008284,8.71931906735532 50.6092168363532,8.71856948861052 50.6096206712324,8.71882972328602 50.6102480736349)))","159658","15358","20558","35916","195574"
"MULTIPOLYGON (((8.69140564751572 50.5728244517782,8.69241470256358 50.5730482557887,8.69316393579857 50.5726443390832,8.69290410711839 50.5720166214096,8.69189506275832 50.5717928209154,8.69114583639074 50.5721967345785,8.69140564751572 50.5728244517782)))","808231","76231","193431","269662","1077893"
"MULTIPOLYGON (((8.71630156407155 50.5908828145186,8.71731109350269 50.591106410853,8.71806047588219 50.590702444754,8.71780032197617 50.5900748853673,8.71679080325116 50.5898512925454,8.71604142772615 50.5902552555978,8.71630156407155 50.5908828145186)))","706450","81150","212350","293500","999950"
"MULTIPOLYGON (((8.67471347395461 50.5656998154975,8.67572228282013 50.5659237566229,8.67647146936499 50.5655199109102,8.6762118401674 50.5648921271119,8.67520304197884 50.564668189505,8.67445386231104 50.565072032178,8.67471347395461 50.5656998154975)))","109682","6482","23682","30164","139846"
"MULTIPOLYGON (((8.6643165219939 50.5981632018169,8.66532571016064 50.5983872133296,8.66607526320672 50.5979836920574,8.66581562119593 50.5973561623132,8.66480644371073 50.5971321543183,8.66405689755488 50.5975356725499,8.6643165219939 50.5981632018169)))","293273","4573","7973","12546","305819"
"MULTIPOLYGON (((8.7155211701329 50.589000122249,8.71653066567436 50.5892237256379,8.71728002926239 50.5888197510864,8.71701989045439 50.5881921761925,8.71601040561811 50.5879685763163,8.71526104888474 50.5883725478213,8.7155211701329 50.589000122249)))","1429525","20025","81325","101350","1530875"
"MULTIPOLYGON (((8.67157529094833 50.5758352495155,8.67258421910512 50.5760592117629,8.67333351983361 50.5756554665138,8.67307388552437 50.5750277620575,8.67206496804603 50.5748038033284,8.67131567419861 50.5752075455374,8.67157529094833 50.5758352495155)))","114901","13101","64401","77502","192403"
"MULTIPOLYGON (((8.63051219835519 50.5496042174114,8.63152039488593 50.5498285202083,8.63226948699594 50.5494248836368,8.63201037567235 50.5487969473018,8.63100218979087 50.5485726480293,8.63025310458383 50.5489762815675,8.63051219835519 50.5496042174114)))","3255","0","155","155","3410"
"MULTIPOLYGON (((8.7118848176534 50.6178264325959,8.71289469865868 50.6180500533351,8.71364437804986 50.6176463250237,8.7133841695732 50.6170189790211,8.71237429928004 50.6167953617933,8.71162462675158 50.6171990870569,8.7118848176534 50.6178264325959)))","1459","359","1159","1518","2977"
"MULTIPOLYGON (((8.70417319053495 50.6058623829104,8.70518283238049 50.6060860706654,8.70593239714535 50.6056823092175,8.70567231319934 50.6050548630607,8.70466268205827 50.6048311788187,8.70391312415888 50.6052349372205,8.70417319053495 50.6058623829104)))","1429554","15854","72554","88408","1517962"
"MULTIPOLYGON (((8.70998070586469 50.5512857825091,8.71098960954305 50.551509445867,8.71173857894934 50.5511052265225,8.71147863782653 50.5504773468636,8.71046974483896 50.5502536870212,8.70972078228355 50.5506579033223,8.70998070586469 50.5512857825091)))","51637","9637","22437","32074","83711"
"MULTIPOLYGON (((8.7064649818974 50.5516468086699,8.70747386063146 50.5518705001594,8.70822284017961 50.5514663098914,8.70796293414051 50.5508384311771,8.70695406609552 50.5506147432035,8.70620509340067 50.5510189304285,8.7064649818974 50.5516468086699)))","8778","0","578","578","9356"
"MULTIPOLYGON (((8.68257351469224 50.6090520386513,8.68358301715505 50.6092758988671,8.6843326546568 50.6088723235005,8.68407278281548 50.6082448909617,8.68306329104695 50.6080210342611,8.68231366042559 50.6084246065841,8.68257351469224 50.6090520386513)))","4892","792","992","1784","6676"
"MULTIPOLYGON (((8.68817897410531 50.5760992665106,8.68918804871704 50.576323095138,8.68993732279204 50.5759192274726,8.68967751538527 50.5752915342222,8.68866845146068 50.5750677091113,8.68791918425582 50.5754715737345,8.68817897410531 50.5760992665106)))","359955","12555","66055","78610","438565"
"MULTIPOLYGON (((8.71766447763555 50.5985934538899,8.7186741301653 50.5988170360774,8.7194235928036 50.5984131183354,8.71916339605716 50.5977856214533,8.71815375423667 50.5975620427776,8.71740429845348 50.5979659574723,8.71766447763555 50.5985934538899)))","8670","1870","2270","4140","12810"
"MULTIPOLYGON (((8.72637536644979 50.5731636662051,8.72738472634757 50.5733871887488,8.72813390073636 50.5729830126445,8.72787370838314 50.5723553170435,8.72686435919129 50.5721317980122,8.72611519164686 50.5725359710696,8.72637536644979 50.5731636662051)))","485981","49881","204981","254862","740843"
"MULTIPOLYGON (((8.67647146936499 50.5655199109102,8.67748029073998 50.5657438379745,8.6782294722394 50.5653399777221,8.67796982548817 50.5647121934456,8.67696101479104 50.5644882698996,8.6762118401674 50.5648921271119,8.67647146936499 50.5655199109102)))","604153","29253","84653","113906","718059"
"MULTIPOLYGON (((8.65612722332125 50.5872258357414,8.6571361830798 50.587449917553,8.65788563328202 50.5870463745821,8.6576261168323 50.5864187528384,8.65661716774768 50.586194674546,8.65586772443897 50.5865982144781,8.65612722332125 50.5872258357414)))","275381","15881","39781","55662","331043"
"MULTIPOLYGON (((8.6645424501924 50.5765540954846,8.66555132826639 50.576778113981,8.66630064915708 50.576374426897,8.66604108508801 50.5757467243559,8.66503221768906 50.5755227093785,8.66428290368423 50.5759263934232,8.6645424501924 50.5765540954846)))","1429589","90589","237189","327778","1757367"
"MULTIPOLYGON (((8.68627211466464 50.6224065944858,8.68728184200224 50.6226304194315,8.68803161630647 50.6222269178397,8.68777165639267 50.621599594347,8.68676193975536 50.6213757729153,8.6860121723317 50.6217792714623,8.68627211466464 50.6224065944858)))","69080","2080","7180","9260","78340"
"MULTIPOLYGON (((8.68971922079424 50.5975300379195,8.69072861813097 50.5977538453938,8.69147811927375 50.5973501289431,8.69121821620656 50.5967226080619,8.69020882956432 50.5964988041026,8.68945933529491 50.5969025175097,8.68971922079424 50.5975300379195)))","1429560","33860","184860","218720","1648280"
"MULTIPOLYGON (((8.71823565436639 50.6220810452856,8.71924565139317 50.6223046131359,8.71999536508782 50.6219008695824,8.71973507489644 50.6212735612275,8.71872508858637 50.6210499968877,8.71797538175108 50.6214537373924,8.71823565436639 50.6220810452856)))","1371","171","871","1042","2413"
"MULTIPOLYGON (((8.72165088229935 50.6325209516813,8.72266105967598 50.6327444876798,8.72341087936971 50.6323407978996,8.72315051482781 50.6317135751708,8.7221403481729 50.6314900426818,8.72139053533828 50.6318937294121,8.72165088229935 50.6325209516813)))","7183","183","583","766","7949"
"MULTIPOLYGON (((8.69158691588488 50.5865454565352,8.69259617058725 50.5867692534885,8.69334555058783 50.5863654396108,8.69308566901619 50.5857378318231,8.6920764250059 50.5855140383852,8.6913270518753 50.5859178492197,8.69158691588488 50.5865454565352)))","606945","4945","21645","26590","633535"
"MULTIPOLYGON (((8.66512024521697 50.5823828174019,8.6661292123978 50.5826068288864,8.66687859475705 50.5822031817322,8.66661900304902 50.5815755261332,8.66561004654535 50.5813515181674,8.66486067107268 50.5817551622819,8.66512024521697 50.5823828174019)))","988917","134717","246217","380934","1369851"
"MULTIPOLYGON (((8.67705020474723 50.5713496331052,8.67805911521431 50.5715735531537,8.67880835815607 50.5711697328199,8.67854868375431 50.570541995478,8.67753978396714 50.5703180789474,8.67679054790195 50.5707218962408,8.67705020474723 50.5713496331052)))","110193","4393","14193","18586","128779"
"MULTIPOLYGON (((8.7061310775753 50.6017374495981,8.70714067660326 50.6019611233012,8.70789019360818 50.601557315846,8.70763010472191 50.600929837734,8.7066205163982 50.6007061675439,8.70587100625665 50.6011099719529,8.7061310775753 50.6017374495981)))","1005400","47700","74400","122100","1127500"
"MULTIPOLYGON (((8.71357666875413 50.5754591834289,8.71458595207435 50.575682808018,8.71533517398504 50.5752787452119,8.71507510572233 50.574651060862,8.71406583310218 50.5744274397867,8.71331661804476 50.5748314995475,8.71357666875413 50.5754591834289)))","283339","106439","141139","247578","530917"
"MULTIPOLYGON (((8.68038746418916 50.5572662373936,8.68139620014321 50.557490136311,8.68214528627818 50.5570861840683,8.68188562958766 50.5564583359484,8.68087690431096 50.5562344405495,8.68012782504758 50.5566383897521,8.68038746418916 50.5572662373936)))","113630","3830","11530","15360","128990"
"MULTIPOLYGON (((8.74522632042949 50.5898761308131,8.74623608317053 50.5900994947419,8.74698540280441 50.5896953043486,8.74672495286218 50.5890677530766,8.74571520084192 50.5888443926572,8.74496588804322 50.5892485800003,8.74522632042949 50.5898761308131)))","1000","0","700","700","1700"
"MULTIPOLYGON (((8.69687963258058 50.5683374373192,8.69788866986007 50.5685611991297,8.69863784526505 50.5681572073472,8.69837797652776 50.5675294567971,8.69736894993753 50.5673056985025,8.69661978139542 50.5677096872422,8.69687963258058 50.5683374373192)))","53528","7328","9328","16656","70184"
"MULTIPOLYGON (((8.64736458746916 50.5704576954488,8.6483732298051 50.5706818544814,8.64912251569078 50.570278249863,8.64886315234461 50.5696504892486,8.64785452067298 50.5694263337372,8.64710524168328 50.569829935319,8.64736458746916 50.5704576954488)))","10882","4082","8482","12564","23446"
"MULTIPOLYGON (((8.66832388840157 50.5967730761416,8.66933309094604 50.596997056,8.67008262197722 50.5965934941331,8.66982294357671 50.5959659554489,8.66881375171544 50.595741979108,8.66806422757162 50.5961455379339,8.66832388840157 50.5967730761416)))","73396","596","4896","5492","78888"
"MULTIPOLYGON (((8.70493866144414 50.6254033013577,8.7059485924362 50.6256269748528,8.70669836561674 50.6252233561705,8.70643820093656 50.6245960670405,8.70542828065537 50.6243723970572,8.70467851434363 50.6247760126921,8.70493866144414 50.6254033013577)))","158227","25827","30727","56554","214781"
"MULTIPOLYGON (((8.72725007579278 50.581907961995,8.72825956944746 50.582131473911,8.72900883598019 50.5817273576449,8.72874860201283 50.5810997325103,8.72773911906721 50.5808762241061,8.72698985937999 50.5812803373247,8.72725007579278 50.581907961995)))","3961","461","1361","1822","5783"
"MULTIPOLYGON (((8.67001766578705 50.5720689482134,8.67102652619943 50.5722929245115,8.6717757893193 50.5718891623403,8.67151618514557 50.5712614269107,8.67050733540972 50.5710374541312,8.66975807917119 50.5714412132627,8.67001766578705 50.5720689482134)))","41711","6411","7111","13522","55233"
"MULTIPOLYGON (((8.63938417389189 50.5555694573077,8.64039253280449 50.5557936864491,8.64114167321668 50.555390028639,8.64088244781805 50.5547621447223,8.63987409956107 50.5545379191039,8.63912496604719 50.5549415738792,8.63938417389189 50.5555694573077)))","193005","3105","15305","18410","211415"
"MULTIPOLYGON (((8.67642756630425 50.6008507982986,8.67743689742553 50.6010747113186,8.67818645783295 50.6006711196975,8.67792668023639 50.6000436180987,8.6769173598037 50.5998197085949,8.67616780627909 50.6002232971737,8.67642756630425 50.6008507982986)))","116601","8201","12701","20902","137503"
"MULTIPOLYGON (((8.71199050163977 50.607024227996,8.71300022735834 50.6072478523628,8.71374979061213 50.6068440411757,8.71348962128698 50.6062166086691,8.71247990627734 50.6059929878144,8.71173034988403 50.6063967959544,8.71199050163977 50.607024227996)))","1429553","17853","318353","336206","1765759"
"MULTIPOLYGON (((8.63509169466869 50.5540445660739,8.63609999464223 50.5542688303103,8.63684912626734 50.5538651931052,8.63658995101822 50.5532372946979,8.63558166169766 50.5530130339851,8.63483253697337 50.553416668156,8.63509169466869 50.5540445660739)))","1429510","1810","5210","7020","1436530"
"MULTIPOLYGON (((8.6712396003732 50.6082474252732,8.67224899378841 50.6084713769803,8.6729986427864 50.6080678804381,8.67273889148159 50.6074404352308,8.67172950875458 50.6072164870401,8.67097986664428 50.6076199805403,8.6712396003732 50.6082474252732)))","42269","269","2369","2638","44907"
"MULTIPOLYGON (((8.73408809863872 50.5851317108835,8.7350976974456 50.5853551664358,8.73584698625662 50.584951023432,8.73558666941931 50.5843234279246,8.73457708132603 50.5840999758832,8.73382779935663 50.5845041158384,8.73408809863872 50.5851317108835)))","285051","49551","93051","142602","427653"
"MULTIPOLYGON (((8.69938517469896 50.6053712731697,8.70039476834772 50.6055949996534,8.70114433639259 50.6051912703477,8.7008843039203 50.6045638176038,8.69987472097345 50.6043400946336,8.69912515979708 50.6047438208938,8.69938517469896 50.6053712731697)))","1429588","10988","43788","54776","1484364"
"MULTIPOLYGON (((8.62194138387628 50.5887473117019,8.62295007123174 50.5889716676283,8.62369959794327 50.5885683924921,8.62344043038307 50.5879407644641,8.62243175368434 50.5877164120606,8.62168223388917 50.5881196841623,8.62194138387628 50.5887473117019)))","4930","0","730","730","5660"
"MULTIPOLYGON (((8.66258324849124 50.5806794450562,8.66359216926603 50.5809034776286,8.66434153785141 50.5804998365535,8.66408197877412 50.5798721659453,8.66307306867462 50.5796481368919,8.66232370697722 50.5800517749278,8.66258324849124 50.5806794450562)))","1429575","285475","318375","603850","2033425"
"MULTIPOLYGON (((8.6810144645295 50.6052873687183,8.6820238991825 50.6055112430239,8.68277349905029 50.6051076507357,8.68251365738457 50.604480187185,8.68150423342394 50.6042563163949,8.68075464043679 50.60465990564,8.6810144645295 50.6052873687183)))","21231","1831","2731","4562","25793"
"MULTIPOLYGON (((8.69831469960892 50.6005752555022,8.69932421475359 50.6007989925754,8.70007373324671 50.6003952348536,8.69981372972701 50.5997677431037,8.69880422528217 50.5995440095444,8.69805471365733 50.5999477642212,8.69831469960892 50.6005752555022)))","341157","5357","26057","31414","372571"
"MULTIPOLYGON (((8.66625159802726 50.6116990366809,8.66726099844064 50.6119230270836,8.66801069333664 50.6115195941536,8.66775098092774 50.6108921738628,8.66674159120108 50.6106681869769,8.66599190319672 50.6110716168652,8.66625159802726 50.6116990366809)))","44640","240","1940","2180","46820"
"MULTIPOLYGON (((8.67587074193677 50.5773587387324,8.67687972899896 50.5775826658238,8.677629038441 50.5771788999521,8.67736935394244 50.5765512100298,8.67636037756141 50.5763272864561,8.67561107499791 50.576731049287,8.67587074193677 50.5773587387324)))","201630","26530","77430","103960","305590"
"MULTIPOLYGON (((8.72449352797852 50.6194782258797,8.72550354102099 50.6197017444374,8.72625321554163 50.6192979342235,8.7259928701653 50.6186706085014,8.72498286784201 50.6184470934537,8.72423320017603 50.6188509006182,8.72449352797852 50.6194782258797)))","5897","0","897","897","6794"
"MULTIPOLYGON (((8.72814278890973 50.5553104672451,8.72915190630963 50.5555339828573,8.72990088630368 50.5551296580097,8.72964074205826 50.5545018205959,8.72863163535975 50.554278308497,8.72788266220542 50.5546826302987,8.72814278890973 50.5553104672451)))","11599","299","2099","2398","13997"
"MULTIPOLYGON (((8.69762602043583 50.605551247364,8.69863560158355 50.6057749879274,8.69938517469896 50.6053712731697,8.69912515979708 50.6047438208938,8.6981155893504 50.6045200838441,8.6973660231047 50.6049237955567,8.69762602043583 50.605551247364)))","466118","12718","25418","38136","504254"
"MULTIPOLYGON (((8.70747888987369 50.6271051925168,8.70848886729113 50.6273288448586,8.70923865420723 50.6269252200809,8.70897845683857 50.6262979460093,8.70796849013385 50.6260742971788,8.70721871008518 50.6264779189087,8.70747888987369 50.6271051925168)))","87198","11098","11298","22396","109594"
"MULTIPOLYGON (((8.64935312270549 50.6085173985281,8.65036233173652 50.6087415261103,8.65111202237013 50.6083381956663,8.65085249707064 50.6077107406796,8.64984329871658 50.6074866166162,8.64909361498514 50.6078899440208,8.64935312270549 50.6085173985281)))","228339","7439","74839","82278","310617"
"MULTIPOLYGON (((8.61878496664401 50.5566890140316,8.6197931642821 50.5569134081925,8.62054235284126 50.556509913311,8.62028333685036 50.5558820273009,8.6192751498576 50.5556576366651,8.61852596821054 50.5560611285145,8.61878496664401 50.5566890140316)))","23170","270","1970","2240","25410"
"MULTIPOLYGON (((8.66410280711741 50.5422443605401,8.66511118656722 50.5424683963965,8.6658601407035 50.5420644522013,8.66560070851071 50.541436475187,8.66459233972525 50.5412124428517,8.66384339246835 50.5416163840098,8.66410280711741 50.5422443605401)))","218661","11261","15161","26422","245083"
"MULTIPOLYGON (((8.69646452167473 50.5938963300564,8.69747392443312 50.5941200847607,8.69822337457732 50.5937162901666,8.69796341509501 50.5930887439126,8.69695402303344 50.5928649927228,8.69620457975745 50.5932687842725,8.69646452167473 50.5938963300564)))","906968","97968","199868","297836","1204804"
"MULTIPOLYGON (((8.67255463197449 50.5737723376574,8.67356353877443 50.5739962928682,8.67431281565504 50.573592524617,8.67405317885578 50.5729648041953,8.6730442827342 50.5727408525028,8.67229501273362 50.5731446177138,8.67255463197449 50.5737723376574)))","860067","61367","181367","242734","1102801"
"MULTIPOLYGON (((8.63857505920384 50.571354494479,8.63958363882181 50.5715787237801,8.64033294980035 50.5711751918579,8.64007367425904 50.5705474336703,8.63906510530109 50.5703232078914,8.63831580122455 50.570726736778,8.63857505920384 50.571354494479)))","3280","980","2180","3160","6440"
"MULTIPOLYGON (((8.71697712546861 50.6035699566255,8.71798684402846 50.6037935422885,8.71873636128748 50.6033896675007,8.71847615313026 50.6027622100974,8.71746644528084 50.6025386279461,8.71671693487834 50.6029424996864,8.71697712546861 50.6035699566255)))","3316","616","816","1432","4748"
"MULTIPOLYGON (((8.72488888761064 50.6115893582329,8.72589878995095 50.6118128768893,8.72664837907899 50.6114090037645,8.726388059014 50.6107816150324,8.72537816739064 50.6105580998864,8.72462858511546 50.6109619699621,8.72488888761064 50.6115893582329)))","296923","14623","34623","49246","346169"
"MULTIPOLYGON (((8.66589899778601 50.5842657517835,8.66690799884789 50.5844897562412,8.66765740001904 50.5840861175498,8.66739779324193 50.5834584774406,8.66638880285816 50.5832344765013,8.6656394085735 50.5836381121529,8.66589899778601 50.5842657517835)))","660189","67989","138789","206778","866967"
"MULTIPOLYGON (((8.64964114472803 50.5515771297138,8.6506495343468 50.5518012780437,8.65139861393727 50.5513975130511,8.65113929701834 50.5507696027645,8.6501309180593 50.5505454579567,8.64938184535959 50.5509492199135,8.64964114472803 50.5515771297138)))","1059","159","259","418","1477"
"MULTIPOLYGON (((8.70241399134636 50.6060424279739,8.7034236206954 50.60626612981,8.70417319053495 50.6058623829104,8.70391312415888 50.6052349372205,8.70290350551344 50.6050112388975,8.70215394254057 50.6054149827513,8.70241399134636 50.6060424279739)))","616446","4146","8546","12692","629138"
"MULTIPOLYGON (((8.69334555058783 50.5863654396108,8.6943548177904 50.586589222492,8.69510419272831 50.5861853940701,8.69484429359498 50.5855577858106,8.69383503708533 50.5853340064447,8.69308566901619 50.5857378318231,8.69334555058783 50.5863654396108)))","1158830","58530","105630","164160","1322990"
"MULTIPOLYGON (((8.67288954980039 50.5413445329841,8.67389799178998 50.5415684985813,8.67464692074648 50.5411644817119,8.67438740084008 50.5405365022834,8.67337896951911 50.5403125402063,8.67263004743605 50.5407165540376,8.67288954980039 50.5413445329841)))","471318","14918","57618","72536","543854"
"MULTIPOLYGON (((8.69742685782862 50.6094957923945,8.69843649428548 50.6097195329322,8.69918611009028 50.6093158496378,8.69892608256773 50.6086884288512,8.69791645681301 50.6084646918269,8.69716684787883 50.6088683720759,8.69742685782862 50.6094957923945)))","1429537","7337","84937","92274","1521811"
"MULTIPOLYGON (((8.66284667776659 50.6012562273617,8.6638558979783 50.6014802494276,8.66460548681704 50.60107676267,8.6643458485523 50.6004492568871,8.6633366390223 50.600225238339,8.66258705707545 50.600628722056,8.66284667776659 50.6012562273617)))","157338","2838","8238","11076","168414"
"MULTIPOLYGON (((8.64482869714241 50.5687538180291,8.64583729307147 50.5689779981272,8.64658656516448 50.5685743995819,8.64632723443126 50.5679466239748,8.64531864916471 50.5677224473983,8.64456938396902 50.5681260429074,8.64482869714241 50.5687538180291)))","215220","58320","64820","123140","338360"
"MULTIPOLYGON (((8.68245527945096 50.5423279038489,8.68346381777649 50.5425517921591,8.68421274029817 50.542147711071,8.68395311762713 50.5415197447122,8.68294458997545 50.5412958599211,8.68219567432108 50.5416999379697,8.68245527945096 50.5423279038489)))","1691","0","291","291","1982"
"MULTIPOLYGON (((8.66683914761062 50.5400005673135,8.66784751824165 50.5402245820771,8.66859644352216 50.5398206003527,8.66833699129459 50.539192606902,8.66732863132862 50.5389685956593,8.66657971292529 50.5393725743464,8.66683914761062 50.5400005673135)))","27912","212","1212","1424","29336"
"MULTIPOLYGON (((8.68915791564913 50.5740361322291,8.69016696888667 50.5742599538235,8.69091621910747 50.5738560631589,8.69065640922168 50.5732283539421,8.68964736667112 50.5730045358642,8.68889812331946 50.5734084234866,8.68915791564913 50.5740361322291)))","965195","28895","114995","143890","1109085"
"MULTIPOLYGON (((8.71094554174462 50.5668947964637,8.71195467888142 50.5671184457178,8.71270381372942 50.5667143376062,8.71244380458743 50.5660865832851,8.71143467814668 50.5658629375455,8.71068555015199 50.5662670426126,8.71094554174462 50.5668947964637)))","1761","161","261","422","2183"
"MULTIPOLYGON (((8.71984137209006 50.5551820005428,8.72085041650126 50.5554055829978,8.72159940999241 50.5550013193542,8.7213393522273 50.5543734763007,8.72033031851316 50.5541498973599,8.71958133186717 50.5545541579586,8.71984137209006 50.5551820005428)))","2297","0","197","197","2494"
"MULTIPOLYGON (((8.67275507019888 50.5698261246545,8.67376392177297 50.5700500798539,8.67451315600523 50.5696462801411,8.67425353178441 50.5690185282688,8.67324469088755 50.5687945765878,8.67249546353441 50.5691983732608,8.67275507019888 50.5698261246545)))","682725","18525","318325","336850","1019575"
"MULTIPOLYGON (((8.64226238383731 50.584715478185,8.64327118803011 50.5849396724566,8.64402063577231 50.5845362143492,8.64376127241965 50.5839085650072,8.64275247889285 50.5836843742565,8.64200303805282 50.584087829327,8.64226238383731 50.584715478185)))","14648","1648","3148","4796","19444"
"MULTIPOLYGON (((8.71580030167494 50.6095773203529,8.71681009698485 50.6098009130005,8.71755968081615 50.6093970926708,8.7172994624792 50.6087696827414,8.71628967788095 50.6085460936053,8.71554010090814 50.6089499108873,8.71580030167494 50.6095773203529)))","618795","22395","54895","77290","696085"
"MULTIPOLYGON (((8.6731991548115 50.6041235553786,8.67420850547429 50.6043474930201,8.67495810673346 50.6039439504581,8.67469835044442 50.6033164732969,8.67368901046959 50.603092539172,8.67293941609596 50.6034960786918,8.6731991548115 50.6041235553786)))","436405","9905","318305","328210","764615"
"MULTIPOLYGON (((8.70086955973462 50.5846135925176,8.70187886622374 50.5848373155912,8.70262820896354 50.5844334174922,8.70236823835094 50.5838057993641,8.70135894255812 50.5835820798051,8.70060960668175 50.5839859748597,8.70086955973462 50.5846135925176)))","38273","1373","11373","12746","51019"
"MULTIPOLYGON (((8.69234860226224 50.6060909981854,8.69335814589595 50.6063147809853,8.6941077342142 50.6059111098714,8.69384777202556 50.6052836590021,8.69283823909028 50.6050598797165,8.69208865764535 50.6054635477858,8.69234860226224 50.6060909981854)))","16987","687","4687","5374","22361"
"MULTIPOLYGON (((8.68223497799223 50.5639483394793,8.68324382620437 50.5641722208399,8.68399298063663 50.5637683054697,8.68373327998513 50.5631405117795,8.68272444245332 50.5629166339368,8.68197529489277 50.5633205462663,8.68223497799223 50.5639483394793)))","2934","134","834","968","3902"
"MULTIPOLYGON (((8.66687859475705 50.5822031817322,8.66788757446281 50.5824271791531,8.6686369517824 50.5820235174566,8.66837734251096 50.5813958613791,8.66736837348321 50.5811718674766,8.66661900304902 50.5815755261332,8.66687859475705 50.5822031817322)))","727320","89720","156320","246040","973360"
"MULTIPOLYGON (((8.63926738778317 50.566377215856,8.64027590155687 50.5666014415978,8.64102515797145 50.5661978666988,8.64076589371193 50.5655700690935,8.63975739059711 50.565345846874,8.63900814108307 50.5657494187376,8.63926738778317 50.566377215856)))","8692","792","1592","2384","11076"
"MULTIPOLYGON (((8.73653288044366 50.5799728410562,8.73754242568323 50.580196279054,8.73829165480275 50.5797920785675,8.73803133184379 50.5791644431317,8.7370217973175 50.5789410086449,8.73627257503697 50.5793452060829,8.73653288044366 50.5799728410562)))","1085","0","885","885","1970"
"MULTIPOLYGON (((8.67871899506614 50.5643083216938,8.67972781827012 50.5645322311785,8.68047698280096 50.5641283448872,8.68021731725389 50.5635005521518,8.67920850472855 50.5632766461853,8.67845934707182 50.5636805294363,8.67871899506614 50.5643083216938)))","16277","277","977","1254","17531"
"MULTIPOLYGON (((8.70905379711155 50.6132112597549,8.71006358708477 50.6134349051938,8.71081322199742 50.6130311630195,8.71055306007334 50.6124037784536,8.70954328080938 50.6121801365267,8.70879365276041 50.6125838756538,8.70905379711155 50.6132112597549)))","151368","13868","23868","37736","189104"
"MULTIPOLYGON (((8.69283823909028 50.6050598797165,8.69384777202556 50.6052836590021,8.69459734840556 50.6048799763851,8.6943373849776 50.604252517527,8.69332786274075 50.6040287417556,8.69257829323353 50.6044324213281,8.69283823909028 50.6050598797165)))","1310976","80576","208576","289152","1600128"
"MULTIPOLYGON (((8.64001400861349 50.585925782835,8.64102281092138 50.5861499946852,8.64177227560447 50.5857465626247,8.64151293107587 50.5851189217506,8.6405041394332 50.5848947134215,8.63975468165402 50.5852981424453,8.64001400861349 50.585925782835)))","764024","26424","104924","131348","895372"
"MULTIPOLYGON (((8.72255665100258 50.5882784658458,8.72356619644284 50.588502012914,8.72431553968899 50.5880979801797,8.72405533064512 50.5874704034247,8.72304579591345 50.5872468598685,8.72229645951717 50.5876508895555,8.72255665100258 50.5882784658458)))","13206","606","6206","6812","20018"
"MULTIPOLYGON (((8.63554939186532 50.5706817574116,8.63655793572518 50.5709060112945,8.63730724481474 50.5705024969468,8.63704800314075 50.5698747317515,8.63603946993916 50.5696504813911,8.63529016775342 50.5700539927036,8.63554939186532 50.5706817574116)))","2461","261","861","1122","3583"
"MULTIPOLYGON (((8.60644385461857 50.5756080495472,8.60745221872391 50.5758325352504,8.60820163164623 50.5754292765331,8.60794267353934 50.5748015351445,8.60693432007868 50.5745770529667,8.60618491408033 50.5749803086522,8.60644385461857 50.5756080495472)))","2058","0","258","258","2316"
"MULTIPOLYGON (((8.63531455196272 50.5922908914765,8.63632340570531 50.5925151385118,8.63707294693965 50.5921117900281,8.63681362752329 50.5914841975457,8.63580478444542 50.5912599540317,8.63505525011932 50.5916632994789,8.63531455196272 50.5922908914765)))","10067","367","1467","1834","11901"
"MULTIPOLYGON (((8.64563639720842 50.5529678995174,8.6466447724215 50.5531920794681,8.64739387396339 50.5527883550477,8.64713459339864 50.5521604537121,8.64612622884361 50.5519362772839,8.6453771341954 50.5523399986689,8.64563639720842 50.5529678995174)))","482086","28786","53386","82172","564258"
"MULTIPOLYGON (((8.71013871058972 50.6003458413829,8.71114832389244 50.6005694834112,8.71189781880167 50.6001656353597,8.71163769354787 50.5995381483266,8.710628090951 50.5993145098109,8.70987860290224 50.5997183548159,8.71013871058972 50.6003458413829)))","39985","5285","13185","18470","58455"
"MULTIPOLYGON (((8.63543199003101 50.58148713627,8.63644068880845 50.5817113867374,8.63719011395242 50.5813079553173,8.63693083341305 50.5806802764656,8.63592214529712 50.5804560295201,8.63517272705919 50.5808594579044,8.63543199003101 50.58148713627)))","92812","312","4412","4724","97536"
"MULTIPOLYGON (((8.67070787915583 50.5670911153459,8.67171667367236 50.5673150881111,8.67246588222456 50.5669112829775,8.67220628938034 50.5662835081182,8.67119750553916 50.5660595388719,8.67044830386691 50.5664633409661,8.67070787915583 50.5670911153459)))","133639","7939","9039","16978","150617"
"MULTIPOLYGON (((8.63194895737585 50.5641795928064,8.63295737643526 50.5644038782294,8.63370662216581 50.5640003415111,8.63344744193209 50.5633725224042,8.63243903352708 50.5631482405045,8.63168979470148 50.5635517741885,8.63194895737585 50.5641795928064)))","2968","768","1368","2136","5104"
"MULTIPOLYGON (((8.65742245859824 50.5704120253744,8.65843118680583 50.5706361035908,8.65918045445145 50.5702324232372,8.65892098700029 50.5696046677052,8.65791226946219 50.569380593009,8.65716300870592 50.5697842703247,8.65742245859824 50.5704120253744)))","565724","27924","81124","109048","674772"
"MULTIPOLYGON (((8.71618465422545 50.61934819717,8.71719459412886 50.6195717826674,8.71794428215666 50.6191680337086,8.717684023421 50.6185407023008,8.71667409423242 50.6183171203143,8.71592441306483 50.6187208662247,8.71618465422545 50.61934819717)))","2173","0","273","273","2446"
"MULTIPOLYGON (((8.65229398100948 50.6023324146335,8.65330312597971 50.6025565211028,8.65405274503058 50.602153121619,8.6537932122124 50.6015256187052,8.65278407791877 50.6013015157547,8.6520344657669 50.6017049121993,8.65229398100948 50.6023324146335)))","6187","887","9087","9974","16161"
"MULTIPOLYGON (((8.72345120816478 50.561683701335,8.72446037731451 50.5619072521001,8.72520943396537 50.5615030107589,8.72494931462261 50.5608752216985,8.7239401561738 50.5606516744469,8.72319110636696 50.5610559127423,8.72345120816478 50.561683701335)))","2858","0","158","158","3016"
"MULTIPOLYGON (((8.62806204368132 50.5547617721347,8.62907029345916 50.5549860925529,8.62981944511057 50.5545825134906,8.62956034007867 50.5539546170435,8.62855210095036 50.5537303001496,8.62780295620455 50.5541338761786,8.62806204368132 50.5547617721347)))","313198","2798","9998","12796","325994"
"MULTIPOLYGON (((8.69987472097345 50.6043400946336,8.7008843039203 50.6045638176038,8.70163386002586 50.6041600767956,8.70137382631666 50.6035326160628,8.70036425407158 50.6033088966061,8.69961470483404 50.6037126343688,8.69987472097345 50.6043400946336)))","559082","24382","78082","102464","661546"
"MULTIPOLYGON (((8.66672661351793 50.5508114791565,8.66773513901576 50.5510354904891,8.66848418023359 50.5506315916338,8.66822468907433 50.5500036844839,8.66721617424479 50.5497796766716,8.66646713990634 50.550183572489,8.66672661351793 50.5508114791565)))","633","0","333","333","966"
"MULTIPOLYGON (((8.6920764250059 50.5855140383852,8.69308566901619 50.5857378318231,8.69383503708533 50.5853340064447,8.69357515427484 50.5847063906717,8.69256592095656 50.5844826007493,8.69181655975689 50.5848864230845,8.6920764250059 50.5855140383852)))","1429560","102660","318360","421020","1850580"
"MULTIPOLYGON (((8.73603705622478 50.5986712820173,8.7370468673583 50.5988947162869,8.7377962978522 50.5984906615169,8.73753591036972 50.597863175527,8.73652610995493 50.5976397447672,8.73577668630401 50.5980437964876,8.73603705622478 50.5986712820173)))","13246","1746","5946","7692","20938"
"MULTIPOLYGON (((8.73692668266665 50.5720793155205,8.73793611730335 50.5723027535917,8.73868526112933 50.5718984902283,8.73842496348152 50.5712707918419,8.73741553955588 50.5710473572821,8.73666640256709 50.5714516175974,8.73692668266665 50.5720793155205)))","720","0","420","420","1140"
"MULTIPOLYGON (((8.70382069386022 50.5607541577955,8.70482968127957 50.5609778668603,8.70557876307235 50.5605737655159,8.70531885058906 50.55994595815,8.70430987386018 50.5597222526008,8.70356079892424 50.560126350902,8.70382069386022 50.5607541577955)))","1173","0","173","173","1346"
"MULTIPOLYGON (((8.72482411934068 50.5517241515345,8.72583315657611 50.5519476953069,8.72658210412306 50.5515433681028,8.72632200759349 50.5509155001718,8.72531298105664 50.5506919599133,8.7245640403509 50.5510962840721,8.72482411934068 50.5517241515345)))","1129","0","229","229","1358"
"MULTIPOLYGON (((8.70346972470743 50.6284958972732,8.70447968783252 50.6287195813035,8.70522949685623 50.6283159971355,8.70496933588466 50.6276887319846,8.70395938347062 50.627465051466,8.70320958131728 50.6278686325866,8.70346972470743 50.6284958972732)))","43388","1788","2988","4776","48164"
"MULTIPOLYGON (((8.668990621257 50.6094578452048,8.67000001282967 50.6096818145014,8.67074967880986 50.609278344012,8.67048994632809 50.608650907268,8.66948056544283 50.6084269414881,8.66873090635204 50.6088304089356,8.668990621257 50.6094578452048)))","25277","577","677","1254","26531"
"MULTIPOLYGON (((8.67266630569457 50.5629646925639,8.67367505751012 50.5631886512535,8.67442421838009 50.5627848001207,8.67416462055684 50.5621569933376,8.67315587941639 50.5619330381669,8.67240672542419 50.5623368862604,8.67266630569457 50.5629646925639)))","2132","432","532","964","3096"
"MULTIPOLYGON (((8.65269724337594 50.5944434184048,8.65370627785393 50.5946675248513,8.65445581153909 50.5942640624121,8.65419630384924 50.5936364965652,8.65318728004567 50.5934123936378,8.65243775325768 50.5938158530383,8.65269724337594 50.5944434184048)))","3704","304","704","1008","4712"
"MULTIPOLYGON (((8.69528622557551 50.5999039949997,8.69629570501946 50.6001277567141,8.69704522171204 50.5997240165841,8.69678525209063 50.5990965177844,8.69577578334474 50.5988727595844,8.69502627352234 50.5992764966698,8.69528622557551 50.5999039949997)))","1429540","29240","134640","163880","1593420"
"MULTIPOLYGON (((8.71042966661445 50.6032595581793,8.71143932452455 50.6034831966633,8.71218885017455 50.6030793685674,8.71192871105377 50.6024519050342,8.71091906385062 50.6022282700626,8.7101695450614 50.6026320951118,8.71042966661445 50.6032595581793)))","30101","1501","3801","5302","35403"
"MULTIPOLYGON (((8.71220177174801 50.585414943495,8.71321118703629 50.5856385750669,8.71396051812321 50.5852345981552,8.71370042706586 50.5846069927173,8.71269102247993 50.5843833646586,8.71194169824913 50.5847873385245,8.71220177174801 50.585414943495)))","374790","8090","35690","43780","418570"
"MULTIPOLYGON (((8.61584359077401 50.5628768691045,8.61685185228536 50.5631012844161,8.61760111229636 50.5626978585575,8.61734210388082 50.5620700204194,8.61633385301515 50.5618456086329,8.61558459991943 50.5622490314594,8.61584359077401 50.5628768691045)))","2042","142","242","384","2426"
"MULTIPOLYGON (((8.65526167411612 50.578483300907,8.65627050021692 50.578707393225,8.65701985819943 50.5783037903494,8.65676038318888 50.577676098194,8.65575156775894 50.5774520093959,8.65500221666879 50.5778556092333,8.65526167411612 50.578483300907)))","187057","9257","25157","34414","221471"
"MULTIPOLYGON (((8.70036425407158 50.6033088966061,8.70137382631666 50.6035326160628,8.70212337048313 50.6031288637524,8.7018633355372 50.6025013950309,8.70085377399386 50.6022776790877,8.70010423669484 50.6026814283527,8.70036425407158 50.6033088966061)))","518101","8801","42401","51202","569303"
"MULTIPOLYGON (((8.65099545606682 50.559291227321,8.65200396856816 50.5595153616723,8.65275312839739 50.5591116450733,8.65249376883397 50.5584837971595,8.65148526699537 50.5582596663297,8.65073611405756 50.5586633798923,8.65099545606682 50.559291227321)))","472035","5835","15635","21470","493505"
"MULTIPOLYGON (((8.63306589628034 50.5935008672494,8.63407474812711 50.593725131864,8.63482430629883 50.5933218094298,8.63456500571393 50.5926942254173,8.63355616453108 50.5924699643242,8.63280661326933 50.5928732837221,8.63306589628034 50.5935008672494)))","267298","4098","17798","21896","289194"
"MULTIPOLYGON (((8.65350349753861 50.5786627828643,8.65451231110432 50.5788868892414,8.65526167411612 50.578483300907,8.65500221666879 50.5778556092333,8.65399341377308 50.5776315063762,8.65324405765482 50.5780350916727,8.65350349753861 50.5786627828643)))","4929","629","829","1458","6387"
"MULTIPOLYGON (((8.69668053466588 50.572284027864,8.69768962719481 50.5725077896694,8.69843884524383 50.5721038293389,8.69817896390019 50.571476110246,8.69716988206157 50.5712523519563,8.69642067087639 50.5716563092438,8.69668053466588 50.572284027864)))","45129","5329","32929","38258","83387"
"MULTIPOLYGON (((8.69629920756207 50.5625072665132,8.69730815573494 50.5627310353605,8.69805726971434 50.5623270036725,8.69779742865887 50.5616992061795,8.69678849117317 50.5614754408485,8.6960393840559 50.5618794694942,8.69629920756207 50.5625072665132)))","8573","1473","3373","4846","13419"
"MULTIPOLYGON (((8.66670221070692 50.5684822212372,8.66771099086391 50.5687062256412,8.66846022141677 50.5683024610875,8.6682006649299 50.5676746951689,8.66719189544661 50.5674506942841,8.6664426717766 50.5678544557988,8.66670221070692 50.5684822212372)))","874652","17452","45752","63204","937856"
"MULTIPOLYGON (((8.63482430629883 50.5933218094298,8.63583317070624 50.5935460599863,8.63658272386379 50.593142723009,8.63632340570531 50.5925151385118,8.63531455196272 50.5922908914765,8.63456500571393 50.5926942254173,8.63482430629883 50.5933218094298)))","6256","156","656","812","7068"
"MULTIPOLYGON (((8.62410594738257 50.5806785796965,8.62511453692101 50.5809029214909,8.62586397329062 50.5804995688442,8.62560481320858 50.5798718774374,8.62459623432552 50.5796475391661,8.62384680486924 50.5800508887785,8.62410594738257 50.5806785796965)))","32999","699","2399","3098","36097"
"MULTIPOLYGON (((8.70097689010281 50.5738067299104,8.70198604148259 50.5740304565373,8.7027352681899 50.573626475578,8.70247533665625 50.5729987710354,8.7014661959695 50.5727750479237,8.70071697612348 50.5731790258394,8.70097689010281 50.5738067299104)))","203849","21149","36149","57298","261147"
"MULTIPOLYGON (((8.72742936949913 50.6132911389194,8.72843931822751 50.6135146364172,8.72918892105931 50.6131107571938,8.72892856831129 50.612483383522,8.7279186303017 50.6122598895341,8.72716903432142 50.6126637657082,8.72742936949913 50.6132911389194)))","306241","16941","34441","51382","357623"
"MULTIPOLYGON (((8.72130817189656 50.5520856325709,8.72231718421675 50.5523092044832,8.72306614193076 50.5519049063571,8.72280608048111 50.5512770393635,8.72179707885777 50.5510534709654,8.72104812798734 50.5514577660467,8.72130817189656 50.5520856325709)))","9849","249","1149","1398","11247"
"MULTIPOLYGON (((8.65065033566299 50.5917090019433,8.65165931303466 50.5919331259574,8.65240882099889 50.5915296580905,8.65214934469358 50.5909020692481,8.65114037799446 50.5906779487536,8.65039087692822 50.5910814135821,8.65065033566299 50.5917090019433)))","26619","1619","8519","10138","36757"
"MULTIPOLYGON (((8.67593775962637 50.6018818685105,8.67694710143634 50.6021057850469,8.67769667377752 50.6017022049298,8.67743689742553 50.6010747113186,8.67642756630425 50.6008507982986,8.67567800084639 50.6012543753734,8.67593775962637 50.6018818685105)))","333426","8926","14726","23652","357078"
"MULTIPOLYGON (((8.69165946558192 50.6110664849137,8.69266907521957 50.6112902712055,8.69341871816828 50.6108866430608,8.6931587446047 50.6102592316693,8.69214914566668 50.6100354488916,8.69139950959272 50.6104390739914,8.69165946558192 50.6110664849137)))","7260","160","460","620","7880"
"MULTIPOLYGON (((8.68669110020362 50.5968585662294,8.68770046183016 50.5970823983371,8.68844996115959 50.596678699476,8.68819009198738 50.5960511715506,8.68718074105357 50.5958273429584,8.68643124859936 50.5962310387762,8.68669110020362 50.5968585662294)))","1429521","83921","161621","245542","1675063"
"MULTIPOLYGON (((8.69693724566562 50.6105268734689,8.69794689282466 50.6107506175202,8.6986965205701 50.610346945729,8.69843649428548 50.6097195329322,8.69742685782862 50.6094957923945,8.69667723695436 50.6098994611402,8.69693724566562 50.6105268734689)))","66956","1756","5156","6912","73868"
"MULTIPOLYGON (((8.7086057984135 50.5612448258864,8.7096148339573 50.561468496262,8.71036391246383 50.561064362794,8.71010394857291 50.5604365619942,8.70909492372225 50.5602128951336,8.7083458520695 50.5606170255578,8.7086057984135 50.5612448258864)))","781","0","281","281","1062"
"MULTIPOLYGON (((8.6381166303319 50.5547173342132,8.63912496604719 50.5549415738792,8.63987409956107 50.5545379191039,8.63961489046077 50.5539100276971,8.6386065654002 50.5536857915542,8.63785743878531 50.554089443295,8.6381166303319 50.5547173342132)))","311581","1881","5581","7462","319043"
"MULTIPOLYGON (((8.62750336794918 50.5911242256198,8.62851213755418 50.591348535896,8.62926168000314 50.5909452371124,8.62900244593401 50.5903176310881,8.62799368698934 50.5900933243341,8.62724415145357 50.5904966200823,8.62750336794918 50.5911242256198)))","7852","552","2752","3304","11156"
"MULTIPOLYGON (((8.64338906060257 50.5541790031339,8.64439743393749 50.5544032006558,8.64514655240836 50.5539995022722,8.64488729064902 50.5533716094019,8.64387892797135 50.5531474154025,8.64312981639588 50.5535511107509,8.64338906060257 50.5541790031339)))","150500","1500","45700","47200","197700"
"MULTIPOLYGON (((8.70767754554025 50.6231614980402,8.70868746760982 50.6233851504243,8.70943721181607 50.6229814941817,8.70917702708631 50.6223541886026,8.70816711572835 50.62213053973,8.70741737838864 50.622534192925,8.70767754554025 50.6231614980402)))","187738","33538","42638","76176","263914"
"MULTIPOLYGON (((8.63436663517351 50.5766898340342,8.63537525553928 50.5769140949992,8.63612463111663 50.5765106351363,8.63586537942252 50.575882917344,8.6348567697162 50.5756586599014,8.63410740104464 50.5760621167288,8.63436663517351 50.5766898340342)))","45472","5272","6372","11644","57116"
"MULTIPOLYGON (((8.70412616632278 50.5459957186837,8.70513494350869 50.5462194312687,8.70588386673353 50.5458152156444,8.70562400591889 50.5451872904775,8.7046152394191 50.5449635814089,8.70386632304801 50.5453677939909,8.70412616632278 50.5459957186837)))","99697","9597","47097","56694","156391"
"MULTIPOLYGON (((8.63384377542582 50.5953835868603,8.63485266116297 50.5956078444593,8.63560223816775 50.5952045304953,8.63534292252561 50.5945769619689,8.63433404745335 50.5943527078912,8.63358447735844 50.5947560188186,8.63384377542582 50.5953835868603)))","19866","366","1266","1632","21498"
"MULTIPOLYGON (((8.71668588491824 50.6006562176488,8.71769555886664 50.6008798068602,8.7184450453865 50.6004759121187,8.71818485110193 50.5998484312132,8.71717518786291 50.5996248455137,8.71642570819919 50.6000287372079,8.71668588491824 50.6006562176488)))","15470","570","1770","2340","17810"
"MULTIPOLYGON (((8.66923892100487 50.5701857278767,8.6702477475478 50.5704097111985,8.67099699186434 50.5700059405662,8.67073740275657 50.5693781896516,8.66972858688913 50.5691542098486,8.6689793494541 50.5695579774415,8.66923892100487 50.5701857278767)))","1278401","133001","318301","451302","1729703"
"MULTIPOLYGON (((8.70934475979323 50.6161244607868,8.71035459438967 50.6163481026759,8.71110426005477 50.6159443804599,8.7108440842595 50.6153170194022,8.70983426037343 50.6150933810249,8.70908460157236 50.6154971001935,8.70934475979323 50.6161244607868)))","6028","128","628","756","6784"
"MULTIPOLYGON (((8.71930794105933 50.6268757649218,8.72031801665054 50.6270993221413,8.72106777991214 50.6266956069991,8.7208074607231 50.6260683376868,8.71979739585064 50.6258447839774,8.71904763944858 50.6262484960704,8.71930794105933 50.6268757649218)))","1153","0","153","153","1306"
"MULTIPOLYGON (((8.65079384332684 50.5632377543215,8.65180241101393 50.5634618887054,8.65255161348085 50.563058203573,8.6522922413685 50.5624303870936,8.65128368434527 50.5622062562311,8.65053448877065 50.5626099383267,8.65079384332684 50.5632377543215)))","73550","40650","48050","88700","162250"
"MULTIPOLYGON (((8.62189333873442 50.5642232381554,8.62290167179979 50.5644476043375,8.62365093564261 50.5640441433397,8.62339185950867 50.5634163191928,8.62238353709255 50.563191956535,8.62163428016124 50.5635954144998,8.62189333873442 50.5642232381554)))","175555","15955","24755","40710","216265"
"MULTIPOLYGON (((8.71218885017455 50.6030793685674,8.7131985205722 50.6033029929689,8.71394804114117 50.6028991503249,8.71368788445301 50.6022716863264,8.71267822476315 50.6020480654371,8.71192871105377 50.6024519050342,8.71218885017455 50.6030793685674)))","20219","1219","2619","3838","24057"
"MULTIPOLYGON (((8.61339208196604 50.5680328792,8.61440039670681 50.568257312137,8.61514971626812 50.5678539438021,8.61489071417091 50.5672261455624,8.61388241007613 50.5670017161504,8.6131330974327 50.5674050814531,8.61339208196604 50.5680328792)))","2288","388","588","976","3264"
"MULTIPOLYGON (((8.64632806734708 50.5479891845682,8.64733637673923 50.5482133609544,8.64808542374526 50.5478095935686,8.64782615446702 50.5471816528319,8.64681785573179 50.5469574799683,8.64606881561802 50.547361244319,8.64632806734708 50.5479891845682)))","52344","2744","5844","8588","60932"
"MULTIPOLYGON (((8.69820691787115 50.6113780223271,8.6992165882368 50.6116017558106,8.69996622285272 50.6111980809738,8.69970618023264 50.6105706756992,8.6986965205701 50.610346945729,8.69794689282466 50.6107506175202,8.69820691787115 50.6113780223271)))","135964","5564","58164","63728","199692"
"MULTIPOLYGON (((8.64912251569078 50.570278249863,8.65013117056491 50.5705023948406,8.65088045142762 50.5700987756828,8.65062107052151 50.5694710145843,8.64961242631252 50.5692468731277,8.64886315234461 50.5696504892486,8.64912251569078 50.570278249863)))","405433","38033","83433","121466","526899"
"MULTIPOLYGON (((8.67969800122713 50.5622449511969,8.6807068030739 50.5624688536452,8.68145594376205 50.562064944356,8.68119627573056 50.561437135659,8.68018748456231 50.5612132367289,8.67943835074715 50.5616171429778,8.67969800122713 50.5622449511969)))","46321","421","6021","6442","52763"
"MULTIPOLYGON (((8.69979929225407 50.5798162484526,8.7008085202848 50.5800399820984,8.70155781350346 50.5796360555894,8.70129787182823 50.5790083984784,8.70028865449173 50.5787846683474,8.6995393681363 50.5791885918126,8.69979929225407 50.5798162484526)))","621841","100441","162341","262782","884623"
"MULTIPOLYGON (((8.63664674612565 50.55781184531,8.6376551138055 50.5580360955454,8.63840428305289 50.557632475275,8.63814507772002 50.5570046078038,8.63713672069509 50.5567803610914,8.63638755834823 50.5571839783273,8.63664674612565 50.55781184531)))","41397","2297","22397","24694","66091"
"MULTIPOLYGON (((8.72880275697814 50.603338745715,8.72981257358465 50.6035622362883,8.73056206715064 50.6031582711604,8.73030173726159 50.6025308185082,8.72929193137156 50.6023073314453,8.72854244465424 50.6027112935242,8.72880275697814 50.603338745715)))","1444","0","144","144","1588"
"MULTIPOLYGON (((8.70886901279313 50.5994947022193,8.70987860290224 50.5997183548159,8.710628090951 50.5993145098109,8.71036798202974 50.5986870152557,8.70935840262562 50.5984633661719,8.70860892143792 50.5988672081306,8.70886901279313 50.5994947022193)))","16609","909","2009","2918","19527"
"MULTIPOLYGON (((8.68776065395703 50.6016547782854,8.68877009407226 50.6018785998197,8.6895196429571 50.6014749293797,8.68925974485131 50.6008474404492,8.68825031543081 50.6006236224299,8.68750077342147 50.6010272898261,8.68776065395703 50.6016547782854)))","1406820","61020","191720","252740","1659560"
"MULTIPOLYGON (((8.65696611448381 50.6136265751107,8.65797546288098 50.6138506393891,8.65872519491367 50.6134472907049,8.65846557165116 50.6128198807831,8.65745623393648 50.6125958200224,8.65670650880194 50.612999165666,8.65696611448381 50.6136265751107)))","137478","7078","12578","19656","157134"
"MULTIPOLYGON (((8.71423917259856 50.6058127859806,8.71524890009473 50.6060363927513,8.71599844632312 50.605632555514,8.71573825819669 50.6050051145534,8.71472854141022 50.6047815112945,8.71397900204062 50.6051853454845,8.71423917259856 50.6058127859806)))","235897","37897","61997","99894","335791"
"MULTIPOLYGON (((8.74073028674551 50.5923010556716,8.74174004602294 50.5925244547947,8.74248939975425 50.5921203164894,8.74222898736961 50.591492782111,8.74121923881139 50.5912693864977,8.74046989191871 50.5916735217531,8.74073028674551 50.5923010556716)))","6756","156","856","1012","7768"
"MULTIPOLYGON (((8.64128215419388 50.5867776275752,8.64229097971892 50.5870018288887,8.64304045130523 50.5865983937912,8.64278109046335 50.5859707604173,8.64177227560447 50.5857465626247,8.64102281092138 50.5861499946852,8.64128215419388 50.5867776275752)))","1429584","285484","318384","603868","2033452"
"MULTIPOLYGON (((8.63624191796532 50.5657044894721,8.637250395987 50.5659287397929,8.63799965051391 50.5655251824673,8.63774042011692 50.564897377856,8.63673195275233 50.564673131058,8.63598270512781 50.5650766853486,8.63624191796532 50.5657044894721)))","2952","752","852","1604","4556"
"MULTIPOLYGON (((8.66206783076735 50.5993736959476,8.66307701708166 50.599597725046,8.6638265870979 50.5991942298239,8.66356696390799 50.5985667085438,8.66255778827443 50.5983426829634,8.66180822515015 50.5987461751452,8.66206783076735 50.5993736959476)))","1429558","76858","118758","195616","1625174"
"MULTIPOLYGON (((8.69294683817307 50.594256323973,8.69395621593001 50.5944801068276,8.69470567620557 50.594076341325,8.69444575185365 50.5934487960117,8.69343638479184 50.5932250166719,8.69268693138692 50.5936287791306,8.69294683817307 50.594256323973)))","32692","2492","4892","7384","40076"
"MULTIPOLYGON (((8.62442819412177 50.5659275848433,8.62543657360961 50.5661519299811,8.62618585127351 50.5657484629165,8.62592674253951 50.5651206537477,8.62491837370273 50.564896312134,8.62416910294903 50.5652997761651,8.62442819412177 50.5659275848433)))","103721","11521","14021","25542","129263"
"MULTIPOLYGON (((8.61580633114521 50.5805422397142,8.61681484718137 50.5807666482364,8.61756429663726 50.5803633567841,8.61730522313835 50.5797356598428,8.61629671775326 50.5795112548447,8.61554727521616 50.5799145432637,8.61580633114521 50.5805422397142)))","2600","0","100","100","2700"
"MULTIPOLYGON (((8.66508185917542 50.5401805056893,8.66609021729656 50.5404045345035,8.66683914761062 50.5400005673135,8.66657971292529 50.5393725743464,8.66557136546836 50.5391485490533,8.66482244203263 50.5395525132063,8.66508185917542 50.5401805056893)))","59529","929","1429","2358","61887"
"MULTIPOLYGON (((8.66574745258076 50.5528750256955,8.66675599941544 50.5530990440686,8.66750506446333 50.5526951682106,8.66724557579628 50.5520672770174,8.66623703963007 50.5518432621646,8.66548798146259 50.5522471349847,8.66574745258076 50.5528750256955)))","2477","177","377","554","3031"
"MULTIPOLYGON (((8.71464789374294 50.5802568544729,8.71565725552002 50.5804804684784,8.71640652693514 50.5800764340743,8.71614642971985 50.5794487887105,8.71513707864484 50.5792251782182,8.7143878140832 50.5796292095766,8.71464789374294 50.5802568544729)))","335","535","4435","4970","5305"
"MULTIPOLYGON (((8.66872534305044 50.5888830726743,8.66973443508559 50.5891070525268,8.67048388076791 50.5887034277202,8.67022422752966 50.5880758261017,8.66921514617541 50.5878518497671,8.66846570737865 50.5882554715331,8.66872534305044 50.5888830726743)))","1429512","83212","161412","244624","1674136"
"MULTIPOLYGON (((8.6604226829305 50.5887497205091,8.66143170164349 50.5889737671693,8.66218116059558 50.5885702035768,8.66192159394377 50.5879425963637,8.66091258590742 50.5877185532223,8.66016313384631 50.5881221137753,8.6604226829305 50.5887497205091)))","1218719","90519","245219","335738","1554457"
"MULTIPOLYGON (((8.66825954973213 50.5722487054845,8.6692683976263 50.572472695844,8.67001766578705 50.5720689482134,8.66975807917119 50.5714412132627,8.66874924195268 50.5712172264221,8.66799998067448 50.5716209710133,8.66825954973213 50.5722487054845)))","1346433","36433","95033","131466","1477899"
"MULTIPOLYGON (((8.62981944511057 50.5545825134906,8.63082770744003 50.554806819864,8.63157685408706 50.5544032262661,8.63131773150034 50.5537753293284,8.63030947982126 50.553551026479,8.62956034007867 50.5539546170435,8.62981944511057 50.5545825134906)))","117391","2091","6791","8882","126273"
"MULTIPOLYGON (((8.68828824567855 50.5652915046001,8.68929716525316 50.5655153367416,8.6900463233176 50.5651113862093,8.68978655493956 50.564483606577,8.6887776460488 50.5642597779525,8.68802849485236 50.5646637254433,8.68828824567855 50.5652915046001)))","12397","2997","9097","12094","24491"
"MULTIPOLYGON (((8.69608310730429 50.5841224782205,8.69709236561782 50.5843462399989,8.69784171162788 50.5839423740321,8.69758179245805 50.5833147493308,8.6965725448382 50.5830909910676,8.69582320569465 50.5834948539906,8.69608310730429 50.5841224782205)))","1333241","4641","45541","50182","1383423"
"MULTIPOLYGON (((8.63052971255582 50.5917971318586,8.63153851795161 50.5920214175445,8.63228806230272 50.5916181011827,8.63202879434689 50.5909905021708,8.6310199996132 50.5907662200067,8.63027046217337 50.5911695333327,8.63052971255582 50.5917971318586)))","137501","1501","3701","5202","142703"
"MULTIPOLYGON (((8.67856542235669 50.6104423379371,8.67957491047233 50.6106662298203,8.68032457002352 50.6102626950545,8.68006473457587 50.6096352714486,8.67905525715287 50.6094113830809,8.678305604485 50.6098149148036,8.67856542235669 50.6104423379371)))","9285","2885","19585","22470","31755"
"MULTIPOLYGON (((8.69999823887504 50.5758700354381,8.70100741164107 50.5760937690953,8.70175666220685 50.5756898111332,8.70149673314437 50.5750621225574,8.70048757107148 50.5748383924153,8.69973832736805 50.5752423473339,8.69999823887504 50.5758700354381)))","236080","9480","19480","28960","265040"
"MULTIPOLYGON (((8.66723157119133 50.6096373177775,8.66824095023139 50.6098613011466,8.668990621257 50.6094578452048,8.66873090635204 50.6088304089356,8.66772153799851 50.6086064290833,8.66697187386354 50.6090098819835,8.66723157119133 50.6096373177775)))","27558","1058","2258","3316","30874"
"MULTIPOLYGON (((8.68021400082968 50.6210634722803,8.68122365668216 50.6212873465193,8.68197342734217 50.6208838801173,8.68171353526554 50.6202565425204,8.68070389010983 50.6200326717961,8.6799541263341 50.6204361351541,8.68021400082968 50.6210634722803)))","85246","8646","11746","20392","105638"
"MULTIPOLYGON (((8.69909468765 50.6024576983304,8.70010423669484 50.6026814283527,8.70085377399386 50.6022776790877,8.70059375538 50.6016502028458,8.69958421703601 50.6014264763372,8.69883468660511 50.6018302225569,8.69909468765 50.6024576983304)))","548410","11110","272610","283720","832130"
"MULTIPOLYGON (((8.63243903352708 50.5631482405045,8.63344744193209 50.5633725224042,8.63419667574988 50.5629689741829,8.6339374942584 50.5623411470963,8.63292909650776 50.5621168687199,8.63217986959437 50.5625204139069,8.63243903352708 50.5631482405045)))","5257","0","457","457","5714"
"MULTIPOLYGON (((8.67858684224489 50.5927813050737,8.67959607534368 50.5930052040338,8.68034554534282 50.5926015349318,8.68008577536349 50.5919739699119,8.67907655295198 50.5917500744683,8.67832708983262 50.5921537405283,8.67858684224489 50.5927813050737)))","1429583","156083","318383","474466","1904049"
"MULTIPOLYGON (((8.62476434066669 50.5933648995664,8.6257731190238 50.5935892309426,8.62652269032285 50.5931859697158,8.62626347634947 50.592558380148,8.62525470865194 50.592334052294,8.62450514426834 50.5927373104857,8.62476434066669 50.5933648995664)))","6350","0","150","150","6500"
"MULTIPOLYGON (((8.71200347406936 50.5893607787004,8.71301294465062 50.5895844102472,8.71376231840079 50.5891804647868,8.7135022147128 50.5885528908258,8.71249275483504 50.5883292627921,8.71174338794188 50.5887332052064,8.71200347406936 50.5893607787004)))","1429574","124274","174274","298548","1728122"
"MULTIPOLYGON (((8.66273342988995 50.6120578358751,8.66374280522926 50.6122818544223,8.66449251021062 50.6118784505879,8.66423283295873 50.6112510312477,8.66322346830441 50.6110270162177,8.66247377021709 50.6114304170108,8.66273342988995 50.6120578358751)))","9495","2595","2795","5390","14885"
"MULTIPOLYGON (((8.66469350444453 50.6079344402732,8.66570283704437 50.6081584447518,8.66645249428807 50.607754994893,8.66619281204014 50.6071275435969,8.66518349012503 50.6069035426355,8.66443383977326 50.6073069894531,8.66469350444453 50.6079344402732)))","14876","176","1376","1552","16428"
"MULTIPOLYGON (((8.70601000998856 50.6301977615423,8.70702001954452 50.6304214244182,8.70776984230698 50.6300178341548,8.70750964864457 50.6293905840634,8.7064996498015 50.6291669246989,8.70574983390808 50.6295705119145,8.70601000998856 50.6301977615423)))","205263","16963","21563","38526","243789"
"MULTIPOLYGON (((8.73028693992081 50.5649081752505,8.73129621417287 50.5651316696945,8.73204529310242 50.5647274016266,8.73178509093991 50.5640996421615,8.73077582739328 50.5638761512299,8.73002675530386 50.564280416251,8.73028693992081 50.5649081752505)))","711","111","511","622","1333"
"MULTIPOLYGON (((8.62328000964687 50.5542679496853,8.62428821111211 50.5544923087105,8.62503736585991 50.5540887617522,8.62477831223398 50.5534608588014,8.62377012141569 50.553236503301,8.62302097357652 50.5536400472267,8.62328000964687 50.5542679496853)))","33605","905","4005","4910","38515"
"MULTIPOLYGON (((8.71591735150411 50.5811081058574,8.71692673645931 50.5813317092995,8.71767601472728 50.5809276718493,8.71741590118735 50.5803000340032,8.71640652693514 50.5800764340743,8.71565725552002 50.5804804684784,8.71591735150411 50.5811081058574)))","4939","0","239","239","5178"
"MULTIPOLYGON (((8.65877804978519 50.5781242511909,8.6597869009507 50.5783483153892,8.66053624887017 50.5779446834311,8.66027673873425 50.5773169903134,8.65926789824129 50.5770929296347,8.65851855721179 50.5774965585542,8.65877804978519 50.5781242511909)))","276042","45642","104942","150584","426626"
"MULTIPOLYGON (((8.69617420865569 50.5909823159085,8.6971835668265 50.5912060741442,8.69793298623403 50.5908022595921,8.69767304060312 50.5901746898487,8.69666369312811 50.5899509351278,8.69591428058834 50.5903547466357,8.69617420865569 50.5909823159085)))","74292","2492","16292","18784","93076"
"MULTIPOLYGON (((8.6631609081679 50.5865078194699,8.66416991805784 50.5867318450287,8.66491934812016 50.586328243886,8.66465976140397 50.5857006202243,8.66365076219142 50.5854765981841,8.66290133901783 50.5858801962871,8.6631609081679 50.5865078194699)))","723842","72742","121942","194684","918526"
"MULTIPOLYGON (((8.74132036349962 50.5804623256575,8.74232995680975 50.5806857249167,8.74307918256424 50.5802814922913,8.74281880817279 50.5796538634561,8.74180922557853 50.5794304677074,8.74106000665995 50.5798346972835,8.74132036349962 50.5804623256575)))","8038","0","338","338","8376"
"MULTIPOLYGON (((8.67506945845037 50.5931407595132,8.67607866651308 50.593364686613,8.67682814661299 50.5929610466006,8.67656841176813 50.5923334825301,8.67555921439094 50.5921095589472,8.67480974117323 50.592513195918,8.67506945845037 50.5931407595132)))","891933","35033","105833","140866","1032799"
"MULTIPOLYGON (((8.65471688630948 50.6148365514645,8.65572623284229 50.6150606333312,8.65647598184508 50.6146573107023,8.65621637741528 50.6140299092471,8.65520704156412 50.6138058308982,8.65445729946122 50.6142091504868,8.65471688630948 50.6148365514645)))","394906","0","2606","2606","397512"
"MULTIPOLYGON (((8.65217910556446 50.6131335466082,8.65318840563829 50.6133576495785,8.65393814084063 50.6129543330301,8.653678569068 50.6123269165513,8.65266927967398 50.6121028170992,8.65191955137289 50.6125061306077,8.65217910556446 50.6131335466082)))","36737","637","3337","3974","40711"
"MULTIPOLYGON (((8.66024755563809 50.5750302280665,8.66125637478615 50.5752542817061,8.66200568693896 50.5748506152411,8.66174617305539 50.5742228981752,8.66073736457968 50.5739988480551,8.65998805931529 50.5744025114815,8.66024755563809 50.5750302280665)))","724488","111788","318388","430176","1154664"
"MULTIPOLYGON (((8.69390837561356 50.6098555920209,8.69491798705966 50.610079360719,8.69566761300196 50.609675706522,8.69540762062523 50.6090482866719,8.69439801987955 50.6088245214876,8.69364840081026 50.6092281726396,8.69390837561356 50.6098555920209)))","21681","0","581","581","22262"
"MULTIPOLYGON (((8.70479904070133 50.5586903279289,8.70580800673973 50.5589140299624,8.70655706468294 50.5585099056252,8.7062971497321 50.5578820822979,8.70528819438404 50.55765838378,8.70453914329661 50.5580625050739,8.70479904070133 50.5586903279289)))","106","0","106","106","212"
"MULTIPOLYGON (((8.71734999006949 50.6309994937259,8.71836010853639 50.6312230649856,8.71910991960211 50.6308193958587,8.71884960533942 50.6301921585213,8.71783949759155 50.6299685907716,8.71708969338746 50.6303722568493,8.71734999006949 50.6309994937259)))","1963","163","563","726","2689"
"MULTIPOLYGON (((8.64889185784415 50.5918883171906,8.64990082267141 50.5921124552667,8.65065033566299 50.5917090019433,8.65039087692822 50.5910814135821,8.64938192277257 50.5908572790258,8.64863241668021 50.591260729311,8.64889185784415 50.5918883171906)))","664198","9998","98798","108796","772994"
"MULTIPOLYGON (((8.67535886758562 50.5960545764215,8.67636812022689 50.5962785000017,8.67711763107142 50.595874879954,8.67685788239222 50.5952473393679,8.67584864043756 50.5950234193043,8.67509913647561 50.5954270363103,8.67535886758562 50.5960545764215)))","1429554","58554","90954","149508","1579062"
"MULTIPOLYGON (((8.70475465707532 50.6116892022966,8.70576438814692 50.6119128829634,8.70651401440903 50.6115091614327,8.70625390273344 50.6108817622816,8.70524418236843 50.6106580851273,8.7044945629725 50.6110618036116,8.70475465707532 50.6116892022966)))","17125","14425","33125","47550","64675"
"MULTIPOLYGON (((8.74473742685284 50.590907849485,8.74574720031475 50.5911312169232,8.74649653189139 50.5907270380265,8.74623608317053 50.5900994947419,8.74522632042949 50.5898761308131,8.74447699568853 50.5902803066595,8.74473742685284 50.590907849485)))","1026","0","326","326","1352"
"MULTIPOLYGON (((8.68991877630566 50.5935849261418,8.69092811836048 50.5938087336298,8.69167757682769 50.5934049857165,8.69141768636774 50.5927774333589,8.6904083550063 50.5925536293861,8.68965890341155 50.5929573742559,8.68991877630566 50.5935849261418)))","120565","2265","5665","7930","128495"
"MULTIPOLYGON (((8.72900883598019 50.5817273576449,8.73001834209813 50.5819508554803,8.73076760353869 50.5815467246695,8.73050735201712 50.5809190990709,8.72949785660907 50.5806956047471,8.72874860201283 50.5810997325103,8.72900883598019 50.5817273576449)))","20462","3362","6562","9924","30386"
"MULTIPOLYGON (((8.63269347842821 50.5837284136072,8.63370218597138 50.5839526851733,8.63445163996716 50.5835492913047,8.63419237951159 50.5829216289057,8.63318368262921 50.5826973608616,8.63243423554173 50.5831007516945,8.63269347842821 50.5837284136072)))","1429562","178462","318362","496824","1926386"
"MULTIPOLYGON (((8.67529205880263 50.5715295047867,8.67630095675874 50.5717534388983,8.67705020474723 50.5713496331052,8.67679054790195 50.5707218962408,8.67578166062492 50.5704979656473,8.67503241951421 50.5709017684002,8.67529205880263 50.5715295047867)))","36233","8533","31333","39866","76099"
"MULTIPOLYGON (((8.64701773405712 50.6028701220115,8.64802684138223 50.6030942706767,8.64877647551948 50.6026909148293,8.64851699542914 50.6020634133554,8.64750789877808 50.6018392682096,8.64675827154344 50.6022426210184,8.64701773405712 50.6028701220115)))","270","570","670","1240","1510"
"MULTIPOLYGON (((8.73243170397392 50.5745046782471,8.73344113512378 50.5747281515009,8.73419031301271 50.5743239402153,8.7339300529113 50.5736962587236,8.73292063247094 50.5734727889815,8.73217146142263 50.5738769972195,8.73243170397392 50.5745046782471)))","587","0","487","487","1074"
"MULTIPOLYGON (((8.69865418296312 50.5504848732334,8.69966297793532 50.5507086280107,8.70041195897088 50.5503044874418,8.70015213817607 50.5496765951376,8.69914335388852 50.5494528438771,8.69839437971123 50.5498569814041,8.69865418296312 50.5504848732334)))","1763","763","1863","2626","4389"
"MULTIPOLYGON (((8.67162162861858 50.540492577908,8.67263004743605 50.5407165540376,8.67337896951911 50.5403125402063,8.67311946591074 50.5396845532834,8.67211105776096 50.5394605806741,8.67136214255199 50.5398645914675,8.67162162861858 50.540492577908)))","1429541","27641","113941","141582","1571123"
"MULTIPOLYGON (((8.65575156775894 50.5774520093959,8.65676038318888 50.577676098194,8.65750972924944 50.5772724838156,8.6572502529883 50.5766447836773,8.65624144822913 50.5764206983991,8.65549210906041 50.5768243097394,8.65575156775894 50.5774520093959)))","128718","5418","28318","33736","162454"
"MULTIPOLYGON (((8.66981706953831 50.576015003913,8.67082598517709 50.5762389802232,8.67157529094833 50.5758352495155,8.67131567419861 50.5752075455374,8.67030676923742 50.5749835727456,8.66955747034845 50.5753873004135,8.66981706953831 50.576015003913)))","622048","34348","78248","112596","734644"
"MULTIPOLYGON (((8.72734424906731 50.5887685544885,8.72835384262391 50.588992062823,8.72910318253713 50.5885879979492,8.72884292204707 50.587960427789,8.72783333920168 50.5877369229659,8.72708400613527 50.5881409847918,8.72734424906731 50.5887685544885)))","2254","0","1854","1854","4108"
"MULTIPOLYGON (((8.64465669444301 50.5550310855478,8.64566509097243 50.5552552725434,8.64641421633805 50.5548515711244,8.6461549382796 50.5542236857453,8.64514655240836 50.5539995022722,8.64439743393749 50.5544032006558,8.64465669444301 50.5550310855478)))","299791","2191","11091","13282","313073"
"MULTIPOLYGON (((8.66783401190966 50.5978041536844,8.66884322513733 50.5980281370602,8.6695927680994 50.5976245866975,8.66933309094604 50.596997056,8.66832388840157 50.5967730761416,8.6675743523274 50.5971766234634,8.66783401190966 50.5978041536844)))","43503","503","2103","2606","46109"
"MULTIPOLYGON (((8.6663251561356 50.5587056345117,8.6673337920181 50.5589296458942,8.66808291849226 50.5585258099563,8.6678234022029 50.5578979656743,8.66681477699095 50.5576739578117,8.66606565739793 50.5580777907112,8.6663251561356 50.5587056345117)))","2967","167","567","734","3701"
"MULTIPOLYGON (((8.67322192860338 50.5864612287711,8.67423102431884 50.5866851734551,8.67498043605556 50.586281496556,8.67472074519484 50.585653878014,8.67371166016196 50.5854299368475,8.67296225530732 50.5858336107056,8.67322192860338 50.5864612287711)))","1429587","243187","318387","561574","1991161"
"MULTIPOLYGON (((8.64817174574995 50.5546720281151,8.64918016734825 50.5548961870112,8.64992928267548 50.5544924565194,8.64966996951221 50.5538645701674,8.64866155857381 50.5536404147934,8.64791245013892 50.5540441422493,8.64817174574995 50.5546720281151)))","27469","1369","4369","5738","33207"
"MULTIPOLYGON (((8.72157832167952 50.5903416193453,8.72258788853716 50.5905651734374,8.72333725565963 50.5901611637002,8.72307704907367 50.5895336029183,8.72206749292474 50.5893100523382,8.72131813265317 50.5897140590281,8.72157832167952 50.5903416193453)))","200440","23240","65140","88380","288820"
"MULTIPOLYGON (((8.67115093656141 50.6013896623944,8.67216023011082 50.6016136176291,8.6729098056652 50.6012100696465,8.67265008078394 50.600582569471,8.67164079792057 50.6003586177532,8.67089122925257 50.6007621626941,8.67115093656141 50.6013896623944)))","311038","7438","20538","27976","339014"
"MULTIPOLYGON (((8.70039606537347 50.5679769487662,8.7014051276281 50.5682006824402,8.70215429290261 50.5677966615756,8.70189438906209 50.5671689100804,8.70088533749838 50.566945179922,8.70013617908439 50.5673491977433,8.70039606537347 50.5679769487662)))","1429503","285403","318303","603706","2033209"
"MULTIPOLYGON (((8.65690575009905 50.589108668553,8.65791474374296 50.5893327433403,8.65866421276389 50.5889292088344,8.65840468124769 50.5883016025802,8.6573956982787 50.588077531312,8.65664623615114 50.5884810627789,8.65690575009905 50.589108668553)))","1429575","67975","193275","261250","1690825"
"MULTIPOLYGON (((8.72294184531309 50.5980523613342,8.72395153527352 50.5982759012712,8.72470098264797 50.5978719398865,8.72444073321058 50.5972444416129,8.72343105396193 50.5970209051873,8.72268161343899 50.597424863524,8.72294184531309 50.5980523613342)))","12804","1604","3704","5308","18112"
"MULTIPOLYGON (((8.70849966231627 50.5720537988618,8.70950885293431 50.5722774656882,8.71025804742787 50.5718734150622,8.70999804444756 50.5712457006543,8.70898886452589 50.5710220373424,8.70823967688829 50.5714260849239,8.70849966231627 50.5720537988618)))","1453","153","653","806","2259"
"MULTIPOLYGON (((8.68406283873801 50.5882965766728,8.68507205411012 50.5885204334267,8.68582146627742 50.588116689227,8.68556165619743 50.5874890913159,8.68455245151404 50.5872652380781,8.68380304622204 50.5876689792354,8.68406283873801 50.5882965766728)))","41331","3731","11231","14962","56293"
"MULTIPOLYGON (((8.66414060304046 50.5844453574106,8.66514959157571 50.5846693759323,8.66589899778601 50.5842657517835,8.6656394085735 50.5836381121529,8.6646304307155 50.5834140971498,8.66388103139289 50.5838177182589,8.66414060304046 50.5844453574106)))","889319","12819","67819","80638","969957"
"MULTIPOLYGON (((8.72794545948081 50.559258158284,8.72895463214315 50.5594816738758,8.72970365476205 50.5590773804641,8.72944349787809 50.5584495745068,8.72843433591823 50.558226062428,8.72768532013994 50.5586303527935,8.72794545948081 50.559258158284)))","3698","1598","2298","3896","7594"
"MULTIPOLYGON (((8.65145701163691 50.5759278631988,8.65246576812244 50.5761519871318,8.65321510542583 50.57574839337,8.65295567934947 50.5751206787129,8.65194693353202 50.5748965583004,8.65119760312298 50.5753001490246,8.65145701163691 50.5759278631988)))","58126","13426","17826","31252","89378"
"MULTIPOLYGON (((8.61780456070601 50.5587517103194,8.61881277963496 50.5589761115306,8.61956199201036 50.558572639656,8.61930297854379 50.5579447696025,8.6182947702603 50.5577203719165,8.61754556479804 50.5581238407589,8.61780456070601 50.5587517103194)))","5265","0","265","265","5530"
"MULTIPOLYGON (((8.66774569727486 50.590945460023,8.66875481067218 50.5911694469111,8.66950428021128 50.590765845111,8.66924462946661 50.5901382594634,8.66823552675037 50.5899142760931,8.66748606409787 50.5903178748526,8.66774569727486 50.590945460023)))","217078","17478","22378","39856","256934"
"MULTIPOLYGON (((8.62369959794327 50.5885683924921,8.62470829786862 50.5887927343649,8.62545781957608 50.588389444687,8.62519863444312 50.587761816171,8.62418994517537 50.5875374778209,8.62344043038307 50.5879407644641,8.62369959794327 50.5885683924921)))","17487","1587","6487","8074","25561"
"MULTIPOLYGON (((8.70544291509094 50.6067135088329,8.70645258013655 50.6069371860191,8.70720215176621 50.6065334215249,8.70694205148558 50.6059059828909,8.70593239714535 50.6056823092175,8.70518283238049 50.6060860706654,8.70544291509094 50.6067135088329)))","293597","3397","14497","17894","311491"
"MULTIPOLYGON (((8.72167194666459 50.5972013130147,8.72268161343899 50.597424863524,8.72343105396193 50.5970209051873,8.72317082085839 50.596393399389,8.72216116479486 50.5961698523912,8.72141173112411 50.5965738076802,8.72167194666459 50.5972013130147)))","16356","1656","12656","14312","30668"
"MULTIPOLYGON (((8.70108418735296 50.5629982433991,8.70209318367111 50.5632219735627,8.7028422943818 50.5628179097518,8.70258240191538 50.5621901188205,8.701573416287 50.5619663921727,8.70082431243541 50.5623704529405,8.70108418735296 50.5629982433991)))","100661","2361","4461","6822","107483"
"MULTIPOLYGON (((8.69637338788612 50.5870367636242,8.69738269077842 50.5872605218746,8.6981320675191 50.5868566758645,8.69787213450069 50.586229074648,8.69686284230307 50.5860053199125,8.6961134724293 50.5864091628787,8.69637338788612 50.5870367636242)))","890904","155504","192504","348008","1238912"
"MULTIPOLYGON (((8.66440450744179 50.6050211507091,8.66541379545391 50.6052451587065,8.66616342193947 50.6048416888777,8.66590375352146 50.6042142140925,8.66489447619303 50.6039902096124,8.66414485659903 50.6043936764002,8.66440450744179 50.6050211507091)))","16677","1777","1877","3654","20331"
"MULTIPOLYGON (((8.72401411309823 50.6028486283272,8.72502388157191 50.6030721576498,8.72577337847565 50.6026682246681,8.72551310005412 50.6020407654121,8.72450334229427 50.6018172396004,8.72375385224227 50.6022211695337,8.72401411309823 50.6028486283272)))","429","0","429","429","858"
"MULTIPOLYGON (((8.69773388267775 50.5947476230278,8.69874330863198 50.5949713671707,8.69949276564367 50.594567569532,8.69923278983378 50.5939400307952,8.69822337457732 50.5937162901666,8.69747392443312 50.5941200847607,8.69773388267775 50.5947476230278)))","18214","1914","10214","12128","30342"
"MULTIPOLYGON (((8.62725043121308 50.5705464300063,8.62825890164222 50.5707707506182,8.62900822386054 50.5703672974602,8.62874906874059 50.5697395267244,8.62774060896539 50.569515209636,8.62699129365632 50.5699186597599,8.62725043121308 50.5705464300063)))","1849","149","249","398","2247"
"MULTIPOLYGON (((8.66380143438914 50.6168529927599,8.66481088823679 50.6170770007463,8.66556064281339 50.616673625349,8.66530093664818 50.6160462450071,8.66429149348751 50.6158222405374,8.66354174580519 50.6162256128931,8.66380143438914 50.6168529927599)))","5985","885","1485","2370","8355"
"MULTIPOLYGON (((8.70392753323393 50.5499436300557,8.70493636564184 50.5501673426425,8.7056853314827 50.5497631584603,8.7054254580612 50.549135264734,8.70441663634056 50.5489115556634,8.70366767735432 50.549315736803,8.70392753323393 50.5499436300557)))","4150","0","150","150","4300"
"MULTIPOLYGON (((8.70625204661365 50.5732658810734,8.70726123544716 50.5734895654864,8.70801044694376 50.5730855409004,8.7077504627493 50.5724578349456,8.70674128461137 50.5722341540472,8.70599207997243 50.572638175589,8.70625204661365 50.5732658810734)))","45821","3421","12121","15542","61363"
"MULTIPOLYGON (((8.63122278675359 50.5868214549081,8.63223152627944 50.5870457370403,8.63298101603536 50.586642377689,8.63272175935573 50.586014739241,8.63171303049087 50.5857904606308,8.6309635476448 50.5861938169465,8.63122278675359 50.5868214549081)))","403061","15461","42261","57722","460783"
"MULTIPOLYGON (((8.68152490887756 50.5865936291181,8.68253407785368 50.5868175069789,8.68328347626976 50.5864137688639,8.68302369883317 50.5857861559301,8.68201454054392 50.5855622815858,8.68126514900448 50.5859660166588,8.68152490887756 50.5865936291181)))","1429514","135514","315814","451328","1880842"
"MULTIPOLYGON (((8.70651401440903 50.6115091614327,8.70752375797683 50.611732828016,8.70827337916148 50.6113290919358,8.70801324991344 50.610701692319,8.70700351705307 50.6104780292481,8.70625390273344 50.6108817622816,8.70651401440903 50.6115091614327)))","8564","764","1364","2128","10692"
"MULTIPOLYGON (((8.71903889578601 50.5886393512987,8.72004841628051 50.5888629265281,8.72079776970048 50.5884589228853,8.72053759577386 50.58783134706,8.71952808598629 50.587607775343,8.71877873941854 50.5880117759389,8.71903889578601 50.5886393512987)))","575777","13077","22777","35854","611631"
"MULTIPOLYGON (((8.7040812805615 50.5990038166753,8.70509082249413 50.5992275079988,8.70584031383337 50.5988236951342,8.70558025637597 50.5981961939918,8.70457072514572 50.5979725061817,8.70382124067064 50.5983763160007,8.7040812805615 50.5990038166753)))","128839","15239","16539","31778","160617"
"MULTIPOLYGON (((8.68872110827619 50.6172522916632,8.68973078211287 50.617476099039,8.69048049670612 50.6170725399206,8.69022053058488 50.6164451764713,8.68921086744817 50.6162213726095,8.68846115973286 50.616624928683,8.68872110827619 50.6172522916632)))","1819","0","219","219","2038"
"MULTIPOLYGON (((8.72079776970048 50.5884589228853,8.72180730266878 50.5886824840343,8.72255665100258 50.5882784658458,8.72229645951717 50.5876508895555,8.72128693725665 50.5874273319186,8.72053759577386 50.58783134706,8.72079776970048 50.5884589228853)))","659672","1972","43272","45244","704916"
"MULTIPOLYGON (((8.70585483880457 50.5811585271735,8.70686413817879 50.5813822115557,8.70761343497834 50.5809782498708,8.70735342554428 50.5803506068485,8.70634413686787 50.5801269259805,8.7055948469278 50.5805308846207,8.70585483880457 50.5811585271735)))","350204","20404","39604","60008","410212"
"MULTIPOLYGON (((8.68681996558621 50.5683865676616,8.68782891721279 50.5686104103543,8.68857811104955 50.568206494318,8.68831834639025 50.5675787386306,8.68730940544771 50.567354899455,8.68656021848055 50.5677588124497,8.68681996558621 50.5683865676616)))","132817","2117","7617","9734","142551"
"MULTIPOLYGON (((8.63036047305223 50.5780792706434,8.63136907896395 50.5783035632362,8.63211847647978 50.5779001439582,8.63185926117536 50.5772724351223,8.6308506659215 50.577048146052,8.63010127531437 50.5774515622951,8.63036047305223 50.5780792706434)))","64648","4348","6948","11296","75944"
"MULTIPOLYGON (((8.65659019788863 50.6038562791795,8.6575994018462 50.6040803504856,8.65834902965905 50.6036769303766,8.65808944661795 50.6030494420015,8.65708025333966 50.6028253742137,8.6563306324233 50.6032287912828,8.65659019788863 50.6038562791795)))","89394","3994","12294","16288","105682"
"MULTIPOLYGON (((8.70094536978363 50.6091358782515,8.70195503124398 50.6093595906271,8.70270463690544 50.6089558782352,8.70244457423842 50.6083284565137,8.7014349234819 50.6081047476512,8.70068532468869 50.6085084569973,8.70094536978363 50.6091358782515)))","741297","11797","30497","42294","783591"
"MULTIPOLYGON (((8.6363591686348 50.5548967207394,8.63736749180659 50.5551209744525,8.6381166303319 50.5547173342132,8.63785743878531 50.554089443295,8.63684912626734 50.5538651931052,8.63609999464223 50.5542688303103,8.6363591686348 50.5548967207394)))","221626","5626","20526","26152","247778"
"MULTIPOLYGON (((8.6723541713347 50.5777183304741,8.67336313336648 50.5779422856943,8.67411245290024 50.5775385489062,8.67385280352144 50.5769108599383,8.67284385216907 50.5766869082362,8.67209453951624 50.577090641984,8.6723541713347 50.5777183304741)))","717028","25028","47728","72756","789784"
"MULTIPOLYGON (((8.64612622884361 50.5519362772839,8.64713459339864 50.5521604537121,8.64788368302906 50.5517567177913,8.64762440121144 50.5511288084776,8.64661604731445 50.5509046355718,8.64586696457718 50.5513083684573,8.64612622884361 50.5519362772839)))","222291","16691","30791","47482","269773"
"MULTIPOLYGON (((8.72439959465526 50.6126205970874,8.72540950771257 50.6128441192542,8.72615910878705 50.6124402576306,8.72589878995095 50.6118128768893,8.72488888761064 50.6115893582329,8.72413929338954 50.6119932168074,8.72439959465526 50.6126205970874)))","4775","0","575","575","5350"
"MULTIPOLYGON (((8.62566090778769 50.584444616864,8.62666956508306 50.5846689446458,8.62741903911401 50.5842656089418,8.6271598489367 50.5836379484908,8.6261512022987 50.5834136242317,8.62540173518078 50.583816956901,8.62566090778769 50.584444616864)))","363622","2422","6122","8544","372166"
"MULTIPOLYGON (((8.65993276677739 50.5897808683071,8.66094179616712 50.5900049184859,8.66169126704586 50.5896013663973,8.66143170164349 50.5889737671693,8.6604226829305 50.5887497205091,8.65967321894324 50.5891532695583,8.65993276677739 50.5897808683071)))","1429511","13811","119611","133422","1562933"
"MULTIPOLYGON (((8.6730442827342 50.5727408525028,8.67405317885578 50.5729648041953,8.67480244381284 50.5725610244434,8.67454280576891 50.5719332960392,8.67353392032556 50.571709347865,8.67278466224804 50.5721131245768,8.6730442827342 50.5727408525028)))","346657","23257","64457","87714","434371"
"MULTIPOLYGON (((8.64753716222208 50.5841776008779,8.64854600405456 50.5844017529743,8.6492954367303 50.5839982512413,8.64903602067514 50.5833706004495,8.64802718951124 50.5831464518734,8.64727776373408 50.5835499505689,8.64753716222208 50.5841776008779)))","453462","36562","65462","102024","555486"
"MULTIPOLYGON (((8.67542551057624 50.5430483890537,8.67643399890993 50.5432723335839,8.67718294161126 50.5428683106376,8.67692338910694 50.5422403461998,8.67591491144366 50.5420164051894,8.67516597561443 50.5424204250972,8.67542551057624 50.5430483890537)))","336","0","236","236","572"
"MULTIPOLYGON (((8.65090885001404 50.5524291803523,8.65191726282261 50.5526533181543,8.65266634930317 50.5522495501257,8.65240701608519 50.5516216473312,8.65139861393727 50.5513975130511,8.6506495343468 50.5518012780437,8.65090885001404 50.5524291803523)))","1247","147","347","494","1741"
"MULTIPOLYGON (((8.66149015926518 50.5935463523574,8.66249925643278 50.5937703884805,8.66324876494877 50.5933668533204,8.66298916940607 50.5927392850773,8.66198008291716 50.5925152524726,8.66123058129238 50.5929187845928,8.66149015926518 50.5935463523574)))","1429539","44239","133039","177278","1606817"
"MULTIPOLYGON (((8.6649442074797 50.5686619527878,8.6659529751165 50.5688859712511,8.66670221070692 50.5684822212372,8.6664426717766 50.5678544557988,8.66543391481262 50.5676304408549,8.66468468610624 50.5680341878301,8.6649442074797 50.5686619527878)))","40711","3711","37311","41022","81733"
"MULTIPOLYGON (((8.6459808465866 50.5804116216042,8.64698962066065 50.5806357877348,8.64773901569603 50.5802322690684,8.64747962975862 50.5796045873087,8.6464708663512 50.579380424699,8.64572147821468 50.5797839403282,8.6459808465866 50.5804116216042)))","1429595","188195","242495","430690","1860285"
"MULTIPOLYGON (((8.70807479018043 50.6152734477306,8.70908460157236 50.6154971001935,8.70983426037343 50.6150933810249,8.70957410091792 50.6144660124405,8.7085643002354 50.6142423634897,8.70781464829908 50.6146460796112,8.70807479018043 50.6152734477306)))","257007","13507","21507","35014","292021"
"MULTIPOLYGON (((8.62554195996551 50.5952476358423,8.62655077221245 50.5954719602071,8.6273003623484 50.5950687074523,8.62704113332219 50.5944411333681,8.62603233173577 50.5942168125254,8.62528274851514 50.5946200622448,8.62554195996551 50.5952476358423)))","10754","0","554","554","11308"
"MULTIPOLYGON (((8.63137418056946 50.5583497839114,8.63238251060579 50.5585740762886,8.63313169488067 50.5581704996277,8.63287254221521 50.5575426336234,8.63186422283121 50.5573183447698,8.63111504546049 50.5577219183969,8.63137418056946 50.5583497839114)))","2980","0","180","180","3160"
"MULTIPOLYGON (((8.67729613958465 50.6095910123606,8.678305604485 50.6098149148036,8.67905525715287 50.6094113830809,8.67879543803658 50.6087839519581,8.67778598382795 50.6085600530308,8.67703633804403 50.6089635817106,8.67729613958465 50.6095910123606)))","1308","108","408","516","1824"
"MULTIPOLYGON (((8.67767231989466 50.5418363117569,8.67868081005773 50.5420602387131,8.67942973580245 50.5416561897349,8.67917016451385 50.5410282168394,8.67816168502202 50.5408042934028,8.67741276614767 50.5412083393422,8.67767231989466 50.5418363117569)))","2540","340","540","880","3420"
"MULTIPOLYGON (((8.63468671616371 50.5619375873721,8.63569512646381 50.5621618517001,8.63644434335955 50.5617582774387,8.63618514305269 50.5611304418839,8.63517674340773 50.5609061810791,8.63442753341464 50.5613097523059,8.63468671616371 50.5619375873721)))","6400","0","300","300","6700"
"MULTIPOLYGON (((8.72101695852815 50.5491698319647,8.72202592630016 50.5493934074032,8.72277485332148 50.5489890893344,8.72251480572773 50.5483611988719,8.72150584865154 50.5481376269478,8.72075692847342 50.5485419419719,8.72101695852815 50.5491698319647)))","505209","5209","26209","31418","536627"
"MULTIPOLYGON (((8.63419667574988 50.5629689741829,8.6352050967052 50.563193242034,8.63595432551371 50.5627896792752,8.63569512646381 50.5621618517001,8.63468671616371 50.5619375873721,8.6339374942584 50.5623411470963,8.63419667574988 50.5629689741829)))","1076","0","176","176","1252"
"MULTIPOLYGON (((8.70495341986011 50.6077446889566,8.7059630956112 50.6079683696556,8.70671267918204 50.6075646166637,8.70645258013655 50.6069371860191,8.70544291509094 50.6067135088329,8.70469333838541 50.6071172587786,8.70495341986011 50.6077446889566)))","318181","2281","6681","8962","327143"
"MULTIPOLYGON (((8.70132761100308 50.6189064766509,8.70233741702253 50.6191301819055,8.70308712688936 50.6187265408987,8.70282702386695 50.6180991976838,8.70181722855455 50.6178754959417,8.70106752555763 50.618279133902,8.70132761100308 50.6189064766509)))","2235","0","835","835","3070"
"MULTIPOLYGON (((8.66307306867462 50.5796481368919,8.66408197877412 50.5798721659453,8.66483133543543 50.5794685133677,8.66457177510989 50.578840834776,8.66356287568562 50.5786168092416,8.66281352591175 50.5790204587799,8.66307306867462 50.5796481368919)))","1131207","160707","318307","479014","1610221"
"MULTIPOLYGON (((8.63901106226936 50.545791763959,8.64001927702095 50.546016000007,8.64076831337441 50.5456122707948,8.64050912807979 50.5449843085689,8.6395009239807 50.5447600760446,8.63875189452384 50.5451638022226,8.63901106226936 50.545791763959)))","2069","269","369","638","2707"
"MULTIPOLYGON (((8.6648695916887 50.6216478481998,8.66587912405614 50.6218718456199,8.66662892823402 50.6214684986604,8.66636919315 50.6208411573229,8.66535967147157 50.6206171634191,8.66460987418825 50.6210205073366,8.6648695916887 50.6216478481998)))","1959","0","759","759","2718"
"MULTIPOLYGON (((8.62108025034391 50.5800055051555,8.6220888040936 50.5802298715285,8.62283823855198 50.5798265364562,8.62257911234558 50.5791988380449,8.62157056924951 50.5789744751955,8.62082114170634 50.5793778072339,8.62108025034391 50.5800055051555)))","13462","162","262","424","13886"
"MULTIPOLYGON (((8.67464692074648 50.5411644817119,8.6756553752386 50.541388433256,8.67640429915477 50.5409844018516,8.67614476170666 50.5403564219415,8.67513631788401 50.5401324739173,8.67438740084008 50.5405365022834,8.67464692074648 50.5411644817119)))","77923","2823","4423","7246","85169"
"MULTIPOLYGON (((8.72712848683217 50.6280367423795,8.7281386462875 50.6282602361517,8.72888840797864 50.6278564712503,8.72862800335998 50.627229215627,8.72761785462783 50.627005725364,8.72686809979131 50.6274094872151,8.72712848683217 50.6280367423795)))","719","0","219","219","938"
"MULTIPOLYGON (((8.710628090951 50.5993145098109,8.71163769354787 50.5995381483266,8.71238717651747 50.5991342887742,8.71212705003049 50.5985067937528,8.71111745813947 50.5982831587498,8.71036798202974 50.5986870152557,8.710628090951 50.5993145098109)))","64676","3376","10476","13852","78528"
"MULTIPOLYGON (((8.64526241304973 50.5431897132823,8.6462706440987 50.5434139001476,8.64701964159385 50.543010104333,8.64676040114812 50.542382124688,8.64575218075406 50.5421579413458,8.64500319015093 50.5425617341256,8.64526241304973 50.5431897132823)))","14691","391","1291","1682","16373"
"MULTIPOLYGON (((8.62983654220659 50.596772443204,8.63084541348061 50.5969967324411,8.63159501243462 50.5965934590713,8.63133573320199 50.5959658995005,8.63032687259125 50.5957416137849,8.62957728054996 50.5961448841187,8.62983654220659 50.596772443204)))","215154","6254","13054","19308","234462"
"MULTIPOLYGON (((8.69559365660116 50.5851539458881,8.69660292560838 50.5853777111816,8.69735228355017 50.5849738567151,8.69709236561782 50.5843462399989,8.69608310730429 50.5841224782205,8.69533375622956 50.5845263296433,8.69559365660116 50.5851539458881)))","835490","14290","52790","67080","902570"
"MULTIPOLYGON (((8.68163522164117 50.5757876392396,8.68264423555169 50.5760115206175,8.68339351791902 50.5756076996198,8.68313377950151 50.5749800002856,8.68212477627462 50.5747561224248,8.68137550078172 50.5751599403812,8.68163522164117 50.5757876392396)))","365036","9936","50136","60072","425108"
"MULTIPOLYGON (((8.72557578398925 50.6066132724741,8.72658562027169 50.6068367876664,8.72733515476586 50.6064328715877,8.72707484612623 50.6058054433656,8.72606502055953 50.6055819316838,8.72531549291685 50.6059858447137,8.72557578398925 50.6066132724741)))","379","0","179","179","558"
"MULTIPOLYGON (((8.73145380749849 50.5765683983378,8.73246326006746 50.5767918786149,8.73321246182698 50.5763876903212,8.73295220417596 50.5757600247981,8.7319427623166 50.5755365480327,8.73119356739874 50.5759407332787,8.73145380749849 50.5765683983378)))","250","0","250","250","500"
"MULTIPOLYGON (((8.64543450605094 50.5569147092837,8.64644293643402 50.5571388892742,8.64719208060642 50.5567351963206,8.64693278750132 50.5561073264122,8.64592436777744 50.5558831499439,8.64517523049963 50.5562868398619,8.64543450605094 50.5569147092837)))","97767","5467","6867","12334","110101"
"MULTIPOLYGON (((8.66937483030798 50.541704549766,8.67038324728704 50.5419285434682,8.67113218631981 50.5415245556686,8.67087270149782 50.5408965772046,8.66986429518568 50.540672587023,8.66911536302869 50.5410765717849,8.66937483030798 50.541704549766)))","7447","147","447","594","8041"
"MULTIPOLYGON (((8.68734202860918 50.6272011781411,8.68835183449268 50.6274249924908,8.68910165838885 50.6270215193266,8.68884166952088 50.626394234858,8.68783187433973 50.6261704240219,8.68708205732432 50.6265738941408,8.68734202860918 50.6272011781411)))","40361","1261","8461","9722","50083"
"MULTIPOLYGON (((8.65001579470987 50.561354290862,8.65102432853696 50.5615784322562,8.65177351219619 50.5611747386593,8.651514155136 50.5605469067047,8.65050563197179 50.5603227688319,8.64975645520501 50.5607264593924,8.65001579470987 50.561354290862)))","437367","4467","24167","28634","466001"
"MULTIPOLYGON (((8.71168641037753 50.6217704733427,8.71269634672674 50.6219940940394,8.71344606882082 50.6215903971897,8.71318584770219 50.6209630826914,8.7121759220662 50.620739465506,8.71142620683576 50.6211431593076,8.71168641037753 50.6217704733427)))","7936","1036","1436","2472","10408"
"MULTIPOLYGON (((8.67313309692975 50.5796013649665,8.67414209283841 50.5798253131584,8.6748914311781 50.5794215848312,8.67463176672846 50.5787939113528,8.67362278150021 50.5785699666788,8.67287345004131 50.5789736919655,8.67313309692975 50.5796013649665)))","1429542","125342","318342","443684","1873226"
"MULTIPOLYGON (((8.71701224256823 50.5505633869322,8.71802119611351 50.5507869940219,8.71877014521861 50.5503827165237,8.71851013393244 50.5497548349804,8.71750119108137 50.5495312314055,8.71675224882237 50.5499355058593,8.71701224256823 50.5505633869322)))","13474","374","1674","2048","15522"
"MULTIPOLYGON (((8.71405338466593 50.5920946431322,8.71506291232333 50.5923182570592,8.71581231172309 50.5919143170056,8.7155521766093 50.5912867660716,8.71454265965725 50.5910631556573,8.71379326711372 50.5914670926644,8.71405338466593 50.5920946431322)))","303603","39403","135403","174806","478409"
"MULTIPOLYGON (((8.62545781957608 50.588389444687,8.6264665320695 50.5886137725058,8.62721604877141 50.5882104682861,8.62695684606605 50.5875828392826,8.62594814423105 50.5873585149863,8.62519863444312 50.587761816171,8.62545781957608 50.588389444687)))","181670","2270","7570","9840","191510"
"MULTIPOLYGON (((8.68609180208029 50.608692579725,8.68710132957572 50.6089164117871,8.68785095695938 50.6085128073244,8.68759104996975 50.6078853738436,8.68658153317035 50.6076615452962,8.68583191266465 50.608065146715,8.68609180208029 50.608692579725)))","2095","0","295","295","2390"
"MULTIPOLYGON (((8.68016647872969 50.5788820727807,8.68117552469151 50.5791059647102,8.68192484283818 50.5787021782142,8.68166510814717 50.5780745028302,8.68065607286917 50.5778506144179,8.6799067615985 50.5782543978725,8.68016647872969 50.5788820727807)))","1429575","160175","318375","478550","1908125"
"MULTIPOLYGON (((8.66667779556215 50.5861486396949,8.66768683050696 50.5863726371246,8.66843625049059 50.5859690068959,8.66817662864324 50.5853413822776,8.66716760437751 50.585117388366,8.6664181912802 50.5855210155547,8.66667779556215 50.5861486396949)))","1230033","109333","193233","302566","1532599"
"MULTIPOLYGON (((8.72257724443847 50.5529370634969,8.72358627991497 50.5531606248535,8.72433524447188 50.5527563236823,8.72407516670948 50.5521284641996,8.72306614193076 50.5519049063571,8.72231718421675 50.5523092044832,8.72257724443847 50.5529370634969)))","11217","1017","1917","2934","14151"
"MULTIPOLYGON (((8.62488340501462 50.5825616214967,8.62589202843059 50.5827859562854,8.62664148363055 50.5823826121101,8.6263823085015 50.5817549361806,8.62537369574191 50.5815306049149,8.62462424745514 50.5819339460556,8.62488340501462 50.5825616214967)))","350023","5923","29223","35146","385169"
"MULTIPOLYGON (((8.71775772744772 50.6054522964145,8.71876747991142 50.6056758750161,8.71951701596907 50.6052720086813,8.71925679270674 50.6046445667928,8.71824705095441 50.6044209917027,8.71749752175317 50.6048248549897,8.71775772744772 50.6054522964145)))","35652","1552","4552","6104","41756"
"MULTIPOLYGON (((8.64779615173326 50.604752594003,8.64880529295849 50.6049767356417,8.64955494592722 50.6045733882621,8.64929545076841 50.6039459022828,8.64828632021817 50.6037217641633,8.6475366741519 50.604125108504,8.64779615173326 50.604752594003)))","11849","149","249","398","12247"
"MULTIPOLYGON (((8.70242938366787 50.5883791899593,8.70343875792843 50.5886028989408,8.70418813826105 50.5881990177525,8.70392813747012 50.5875714306274,8.7029187739078 50.58734772516,8.70216940043832 50.5877516033036,8.70242938366787 50.5883791899593)))","634825","82625","318325","400950","1035775"
"MULTIPOLYGON (((8.64860361058219 50.5889744759431,8.64961253085114 50.5891986175208,8.65036201309414 50.5887951442257,8.65010256816949 50.5881675323909,8.64909365857115 50.5879433943333,8.64834418322698 50.5883468645904,8.64860361058219 50.5889744759431)))","23004","1004","4004","5008","28012"
"MULTIPOLYGON (((8.61817473398879 50.568527175913,8.61918309708536 50.5687515702389,8.61993241357228 50.568348169796,8.6196733600479 50.5677203780603,8.61866500759995 50.5674959872589,8.61791569802787 50.5678993846689,8.61817473398879 50.568527175913)))","2093","193","293","486","2579"
"MULTIPOLYGON (((8.68785095695938 50.6085128073244,8.6888604969684 50.6087366253091,8.68961011929083 50.6083330062982,8.68935019472761 50.6077055723469,8.68834066541545 50.6074817578769,8.68759104996975 50.6078853738436,8.68785095695938 50.6085128073244)))","20946","1046","5346","6392","27338"
"MULTIPOLYGON (((8.67602689635898 50.6087396687085,8.67703633804403 50.6089635817106,8.67778598382795 50.6085600530308,8.67752618104237 50.6079326143916,8.67651675004811 50.6077087049055,8.67576711114881 50.6081122305426,8.67602689635898 50.6087396687085)))","26357","657","2857","3514","29871"
"MULTIPOLYGON (((8.74493391512957 50.5869617007431,8.74594363326092 50.5871850682308,8.74669292217591 50.5867808578948,8.7464324861249 50.5861532831211,8.7454227787133 50.5859299191431,8.7446734966331 50.5863341264291,8.74493391512957 50.5869617007431)))","2485","185","285","470","2955"
"MULTIPOLYGON (((8.69111564074295 50.5699096298773,8.69212465123289 50.5701334374059,8.69287385374831 50.5697295007449,8.6926140389069 50.5691017595976,8.69160503910369 50.5688779555855,8.69085584345527 50.5692818892043,8.69111564074295 50.5699096298773)))","349550","24050","43550","67600","417150"
"MULTIPOLYGON (((8.66662892823402 50.6214684986604,8.6676384731407 50.6216924820049,8.66838827227341 50.6212891204957,8.66812851960621 50.6206617786843,8.6671189853894 50.620437798856,8.66636919315 50.6208411573229,8.66662892823402 50.6214684986604)))","1519","319","419","738","2257"
"MULTIPOLYGON (((8.65872519491367 50.6134472907049,8.65973455585503 50.6136713409123,8.66048428285045 50.6132679776804,8.66022464200765 50.6126405672818,8.65921529174961 50.6124165205918,8.65846557165116 50.6128198807831,8.65872519491367 50.6134472907049)))","4164","464","664","1128","5292"
"MULTIPOLYGON (((8.67240011692518 50.5423765062883,8.67340856958344 50.5426004754057,8.67415751045277 50.5421964700331,8.67389799178998 50.5415684985813,8.67288954980039 50.5413445329841,8.67214061580504 50.5417485353185,8.67240011692518 50.5423765062883)))","4813","113","213","326","5139"
"MULTIPOLYGON (((8.69833112653665 50.5829108718641,8.69934038665056 50.5831346160548,8.7000897156628 50.5827307240443,8.69982977769646 50.582103090887,8.69882052827698 50.5818793502112,8.69807120612955 50.5822832391778,8.69833112653665 50.5829108718641)))","586856","11256","26856","38112","624968"
"MULTIPOLYGON (((8.64811354941526 50.5900055380633,8.64912248035485 50.5902296831609,8.64987197452241 50.5898262213707,8.64961253085114 50.5891986175208,8.64860361058219 50.5889744759431,8.64785412331401 50.5893779346954,8.64811354941526 50.5900055380633)))","49348","2848","6248","9096","58444"
"MULTIPOLYGON (((8.69883682303377 50.5642103651738,8.69984581755666 50.5644341129205,8.70059494525836 50.5640300751471,8.70033507157646 50.5634022926698,8.69932608774252 50.5631785484391,8.69857696690164 50.5635825831697,8.69883682303377 50.5642103651738)))","126880","4380","14080","18460","145340"
"MULTIPOLYGON (((8.6981320675191 50.5868566758645,8.69914138290709 50.5870804200413,8.69989075458099 50.5866765594868,8.69963080400129 50.5860489577996,8.69862149930888 50.5858252171376,8.69787213450069 50.586229074648,8.6981320675191 50.5868566758645)))","1429540","165040","318340","483380","1912920"
"MULTIPOLYGON (((8.66313559180528 50.6041696578504,8.66414485659903 50.6043936764002,8.66489447619303 50.6039902096124,8.66463482410116 50.6033627273156,8.66362556999018 50.6031387122833,8.66287595728843 50.6035421760304,8.66313559180528 50.6041696578504)))","23270","1670","3870","5540","28810"
"MULTIPOLYGON (((8.72607443575644 50.5879174658866,8.72708400613527 50.5881409847918,8.72783333920168 50.5877369229659,8.72757309504199 50.5871093452827,8.72656353537347 50.5868858298891,8.7258142091545 50.5872898886673,8.72607443575644 50.5879174658866)))","307","0","607","607","914"
"MULTIPOLYGON (((8.6686369517824 50.5820235174566,8.66964594401124 50.5822475008134,8.6703953162897 50.5818438245745,8.67013568945519 50.5812161680189,8.66912670790517 50.5809921881802,8.66837734251096 50.5813958613791,8.6686369517824 50.5820235174566)))","1429598","285498","318398","603896","2033494"
"MULTIPOLYGON (((8.70769161117432 50.6055022068947,8.70870127800738 50.605725866486,8.70945083261855 50.6053220759414,8.70919071353366 50.604694628852,8.7081810574068 50.6044709727732,8.70743150965868 50.6048747602714,8.70769161117432 50.6055022068947)))","585007","20207","36807","57014","642021"
"MULTIPOLYGON (((8.69571888111402 50.556676640389,8.69672774019573 50.5569004162669,8.6974767927595 50.5564963446752,8.69721697938027 50.5558685002476,8.69620813098359 50.5556447278865,8.69545908528121 50.5560487964363,8.69571888111402 50.556676640389)))","98967","12267","51067","63334","162301"
"MULTIPOLYGON (((8.65748298835306 50.5949363149505,8.65849207112723 50.595160382723,8.65924160164327 50.5947568881561,8.65898204249111 50.5941293288562,8.65797297039397 50.5939052646025,8.65722344677207 50.5943087561299,8.65748298835306 50.5949363149505)))","109960","13160","17160","30320","140280"
"MULTIPOLYGON (((8.71463559138622 50.5979226580214,8.71564520824559 50.5981462648616,8.71639466911263 50.5977423647142,8.71613450626341 50.5971148607735,8.71512490011149 50.5968912574456,8.71437544610145 50.5972951545462,8.71463559138622 50.5979226580214)))","1031","231","831","1062","2093"
"MULTIPOLYGON (((8.61004201267241 50.58210963726,8.61105050162736 50.5823340914523,8.6117999779824 50.5819308551266,8.6115409584597 50.5813031676414,8.61053248015328 50.5810787169738,8.60978301072114 50.5814819502668,8.61004201267241 50.58210963726)))","12869","0","269","269","13138"
"MULTIPOLYGON (((8.65883906249993 50.6026460103867,8.65984826831842 50.6028700641069,8.66059787916459 50.6024666179463,8.6603382772976 50.6018391211056,8.65932908215919 50.6016150709035,8.65857947820778 50.602018514024,8.65883906249993 50.6026460103867)))","6370","0","170","170","6540"
"MULTIPOLYGON (((8.69488765096672 50.6077934314613,8.69589724101209 50.6080171931317,8.69664684307497 50.607613515928,8.69638684822064 50.6069860800989,8.69537726887556 50.6067623219423,8.69462767368466 50.6071659961011,8.69488765096672 50.6077934314613)))","28518","2518","7818","10336","38854"
"MULTIPOLYGON (((8.72664837907899 50.6114090037645,8.72765829389551 50.6116325083319,8.72840787792906 50.6112286206569,8.72814754029456 50.6106012314639,8.72713763619587 50.6103777304067,8.726388059014 50.6107816150324,8.72664837907899 50.6114090037645)))","55557","3457","12457","15914","71471"
"MULTIPOLYGON (((8.68910165838885 50.6270215193266,8.69011147679136 50.6272453195927,8.69086129562257 50.6268418318769,8.69060128917181 50.6262145469404,8.6895914814725 50.6259907501876,8.68884166952088 50.626394234858,8.68910165838885 50.6270215193266)))","13909","3109","7809","10918","24827"
"MULTIPOLYGON (((8.67549233901715 50.5675831344886,8.67650118174802 50.5678070685895,8.67725038709116 50.5674032313365,8.67699074282672 50.5667754630226,8.67598191077382 50.5665515324399,8.67523271230755 50.5669553666529,8.67549233901715 50.5675831344886)))","612128","19728","55428","75156","687284"
"MULTIPOLYGON (((8.69372658870689 50.5961389274943,8.69473600035762 50.5963627033033,8.69548547943819 50.5959589462583,8.6952255399977 50.5953314164484,8.69421613904305 50.595107644154,8.69346666683293 50.5955113981549,8.69372658870689 50.5961389274943)))","14211","111","611","722","14933"
"MULTIPOLYGON (((8.61621350779293 50.5726517356727,8.61722191348461 50.5728761440966,8.61797127762073 50.5724727896745,8.61771222914831 50.5718450298614,8.6167038341055 50.571620624962,8.61595447688633 50.5720239763513,8.61621350779293 50.5726517356727)))","1383","0","183","183","1566"
"MULTIPOLYGON (((8.64961242631252 50.5692468731277,8.65062107052151 50.5694710145843,8.6513703394662 50.5690673839241,8.65111095730779 50.5684396148444,8.65010232376388 50.5682154769088,8.64935306171345 50.5686191045321,8.64961242631252 50.5692468731277)))","773884","13984","24684","38668","812552"
"MULTIPOLYGON (((8.70063895466032 50.6238812270876,8.70164882672222 50.624104935819,8.70239859124026 50.6237013377828,8.70213847682516 50.623074034062,8.70112861547145 50.6228503288429,8.70037885782474 50.6232539238323,8.70063895466032 50.6238812270876)))","306769","69969","89469","159438","466207"
"MULTIPOLYGON (((8.66878986072762 50.6134018240179,8.66979930758477 50.6136257933071,8.67054901626208 50.6132223542933,8.67028927119206 50.6125949490323,8.66927983502345 50.6123709832596,8.66853013323643 50.6127744192313,8.66878986072762 50.6134018240179)))","22294","194","794","988","23282"
"MULTIPOLYGON (((8.62206087497701 50.5779434257471,8.6230694074195 50.578167785073,8.62381881804592 50.577764426989,8.62355968931584 50.5771367126131,8.62255116752684 50.5769123568108,8.62180176381456 50.5773157118608,8.62206087497701 50.5779434257471)))","4908","108","908","1016","5924"
"MULTIPOLYGON (((8.70357672178947 50.617695545173,8.70458652960319 50.6179192328305,8.7053362224498 50.6175155657692,8.70507610061467 50.6168882140973,8.70406630350876 50.6166645299522,8.7033166175303 50.6170681939667,8.70357672178947 50.617695545173)))","306778","31078","44578","75656","382434"
"MULTIPOLYGON (((8.69481397057065 50.5832710816553,8.69582320569465 50.5834948539906,8.6965725448382 50.5830909910676,8.69631264199067 50.5824633588528,8.69530341755944 50.5822395900328,8.69455408528308 50.5826434499124,8.69481397057065 50.5832710816553)))","535838","3838","21438","25276","561114"
"MULTIPOLYGON (((8.70065479958284 50.6062224444083,8.70166441643362 50.6064461603252,8.70241399134636 50.6060424279739,8.70215394254057 50.6054149827513,8.70114433639259 50.6051912703477,8.70039476834772 50.6055949996534,8.70065479958284 50.6062224444083)))","226709","1909","7709","9618","236327"
"MULTIPOLYGON (((8.61613031420072 50.5657915681576,8.61713862021872 50.5660159800001,8.61788791096468 50.565612574118,8.61762888877718 50.5649847594259,8.61662059340592 50.5647603511084,8.61587130957559 50.565163753958,8.61613031420072 50.5657915681576)))","319192","4692","53692","58384","377576"
"MULTIPOLYGON (((8.65330196780978 50.582608272087,8.65431083659453 50.5828323784845,8.65506024226745 50.5824288216219,8.65480077226124 50.5818011614,8.65379191414757 50.5815770585224,8.65304251536914 50.5819806123468,8.65330196780978 50.582608272087)))","5676","176","576","752","6428"
"MULTIPOLYGON (((8.68103526403888 50.5876249571635,8.68204444370199 50.5878488385409,8.6827938540479 50.5874451119276,8.68253407785368 50.5868175069789,8.68152490887756 50.5865936291181,8.68077550540879 50.5869973526894,8.68103526403888 50.5876249571635)))","1062337","94337","189337","283674","1346011"
"MULTIPOLYGON (((8.64644133550734 50.5970432156486,8.64745035369373 50.5972673713237,8.64819992631589 50.5968639755281,8.64794047384998 50.5962364270956,8.64693146633554 50.5960122749403,8.6461819006152 50.5964156676978,8.64644133550734 50.5970432156486)))","3303","0","803","803","4106"
"MULTIPOLYGON (((8.6633366390223 50.600225238339,8.6643458485523 50.6004492568871,8.66509542545986 50.6000457586245,8.66483578594626 50.5994182448543,8.6638265870979 50.5991942298239,8.66307701708166 50.599597725046,8.6633366390223 50.600225238339)))","1429583","3283","46883","50166","1479749"
"MULTIPOLYGON (((8.72842552104608 50.575897908212,8.72943493798736 50.5761214131361,8.73018413799752 50.5757172424338,8.72992391422292 50.5750895698547,8.72891450798947 50.5748660684427,8.72816531482289 50.5752702360978,8.72842552104608 50.575897908212)))","89478","24178","41678","65856","155334"
"MULTIPOLYGON (((8.69566761300196 50.609675706522,8.69667723695436 50.6098994611402,8.69742685782862 50.6094957923945,8.69716684787883 50.6088683720759,8.69615723462771 50.6086446209714,8.69540762062523 50.6090482866719,8.69566761300196 50.609675706522)))","38973","273","5673","5946","44919"
"MULTIPOLYGON (((8.73027024064507 50.6002444444396,8.73128002510241 50.6004679244817,8.73202948283697 50.6000639248554,8.73176914926717 50.5994364482361,8.73075937552609 50.5992129717044,8.73000992463862 50.5996169682817,8.73027024064507 50.6002444444396)))","723","0","323","323","1046"
"MULTIPOLYGON (((8.7148337675178 50.59397726352,8.71584332906782 50.5942008703919,8.7165927472614 50.5937969387914,8.716332597049 50.5931694033656,8.71532304620531 50.5929458000062,8.71457363486779 50.5933497285601,8.7148337675178 50.59397726352)))","19794","9094","24094","33188","52982"
"MULTIPOLYGON (((8.63773384879939 50.6047964879573,8.63874290401638 50.6050207104605,8.639492575196 50.6046174388472,8.63923318424959 50.6039899477682,8.63822413970239 50.6037657287852,8.63747447543192 50.604168997361,8.63773384879939 50.6047964879573)))","139108","11308","27508","38816","177924"
"MULTIPOLYGON (((8.69042677753304 50.5748876550571,8.69143585395666 50.5751114661002,8.69218511104589 50.5747075723932,8.69192528484315 50.5740798706857,8.69091621910747 50.5738560631589,8.69016696888667 50.5742599538235,8.69042677753304 50.5748876550571)))","273854","10154","30654","40808","314662"
"MULTIPOLYGON (((8.69588392029886 50.5880681878496,8.69689323388594 50.5882919496149,8.69764262255937 50.5878881151054,8.69738269077842 50.5872605218746,8.69637338788612 50.5870367636242,8.69562400608011 50.5874405950897,8.69588392029886 50.5880681878496)))","80857","7857","15057","22914","103771"
"MULTIPOLYGON (((8.70330117598352 50.5971212991439,8.70431068401909 50.5973449975193,8.70506015655669 50.5969411761991,8.70480011419453 50.596313659549,8.7037906168603 50.5960899646871,8.703041151187 50.5964937829619,8.70330117598352 50.5971212991439)))","18791","1691","2191","3882","22673"
"MULTIPOLYGON (((8.69586687360649 50.6057311929311,8.69687644225134 50.6059549475737,8.69762602043583 50.605551247364,8.6973660231047 50.6049237955567,8.69635646515999 50.6047000444278,8.69560689384643 50.6051037415926,8.69586687360649 50.6057311929311)))","339846","8146","19546","27692","367538"
"MULTIPOLYGON (((8.70331634217393 50.5794558341106,8.70432559518224 50.5796795396112,8.70507487826216 50.5792755840156,8.70481490147299 50.5786479259636,8.70380565916061 50.5784242239775,8.70305638294155 50.5788281765289,8.70331634217393 50.5794558341106)))","434294","55794","85094","140888","575182"
"MULTIPOLYGON (((8.62222847715661 50.5916610195574,8.62323720905511 50.5918853719985,8.62398676652266 50.5914821168419,8.62372758517508 50.590854512279,8.62271886393435 50.5906301633607,8.62196931338356 50.5910334154825,8.62222847715661 50.5916610195574)))","11010","0","410","410","11420"
"MULTIPOLYGON (((8.68493224669966 50.5970384043634,8.68594159581561 50.5972622505446,8.68669110020362 50.5968585662294,8.68643124859936 50.5962310387762,8.68542191017526 50.5960071961105,8.68467241266366 50.5964108773826,8.68493224669966 50.5970384043634)))","1385524","35124","90424","125548","1511072"
"MULTIPOLYGON (((8.63658272386379 50.593142723009,8.63759160082998 50.593366959507,8.6383411489719 50.5929636079866,8.63808181324019 50.592336023005,8.63707294693965 50.5921117900281,8.63632340570531 50.5925151385118,8.63658272386379 50.593142723009)))","768","0","168","168","936"
"MULTIPOLYGON (((8.66378897276009 50.5570018850404,8.66479756226913 50.5572259174945,8.66554667498028 50.556822087633,8.66528719130005 50.5561942283555,8.66427861245969 50.5559701994217,8.66352950663103 50.5563740262453,8.66378897276009 50.5570018850404)))","304753","83053","85753","168806","473559"
"MULTIPOLYGON (((8.67611605064059 50.6155968197939,8.67712559222046 50.6158207292545,8.67787531146155 50.6154172520154,8.67761548223693 50.6147898683587,8.67660595135004 50.6145659624136,8.67585623899489 50.6149694366096,8.67611605064059 50.6155968197939)))","10931","431","1231","1662","12593"
"MULTIPOLYGON (((8.64191937950064 50.5572736494507,8.6429277848078 50.5574978575404,8.6436769390146 50.5570941936602,8.64341768101735 50.5564663247255,8.64240928636766 50.5562421201583,8.64166013905785 50.5566457810033,8.64191937950064 50.5572736494507)))","114471","4171","16371","20542","135013"
"MULTIPOLYGON (((8.66609983470107 50.5803201994465,8.66710878052769 50.5805442038938,8.66785813903699 50.5801405337348,8.66759854483425 50.5795128621683,8.66658960968462 50.5792888612397,8.66584025806089 50.579692528359,8.66609983470107 50.5803201994465)))","1429517","183917","297217","481134","1910651"
"MULTIPOLYGON (((8.68466229906963 50.5764592587581,8.68567134867623 50.5766831155202,8.68642063286341 50.576279276939,8.68616086057158 50.5756515846375,8.68515182165039 50.5754277313922,8.68440254433577 50.5758315669317,8.68466229906963 50.5764592587581)))","464132","25932","86832","112764","576896"
"MULTIPOLYGON (((8.64549081364686 50.5814427990222,8.6464995983876 50.5816669686735,8.64724900534414 50.5812634615112,8.64698962066065 50.5806357877348,8.6459808465866 50.5804116216042,8.64523144652948 50.5808151257294,8.64549081364686 50.5814427990222)))","354699","32999","117099","150098","504797"
"MULTIPOLYGON (((8.6817042632924 50.6003116766391,8.68271363196934 50.6005355474408,8.68346317721662 50.6001319121808,8.68320334690786 50.5995044091621,8.6821939889221 50.5992805418762,8.68144445055403 50.5996841740933,8.6817042632924 50.6003116766391)))","803637","5737","12437","18174","821811"
"MULTIPOLYGON (((8.68884918562203 50.5887881926506,8.68985844920498 50.589012010707,8.69060785812994 50.5886082343758,8.69034799659982 50.5879806430313,8.68933874370821 50.5877568284905,8.6885893416555 50.5881606017787,8.68884918562203 50.5887881926506)))","74897","5297","5397","10694","85591"
"MULTIPOLYGON (((8.70466268205827 50.6048311788187,8.70567231319934 50.6050548630607,8.70642186602382 50.6046510901108,8.70616178084246 50.6040236359649,8.70515216040582 50.6037999552358,8.70440261444626 50.6042037251397,8.70466268205827 50.6048311788187)))","1429520","12020","87420","99440","1528960"
"MULTIPOLYGON (((8.68041415034366 50.6171197769781,8.68142375088723 50.6173436512367,8.68217347884192 50.6169401533612,8.6819135993698 50.6163127842709,8.6809040095219 50.6160889135272,8.6801542884506 50.6164924083589,8.68041415034366 50.6171197769781)))","150448","1448","2248","3696","154144"
"MULTIPOLYGON (((8.69911091792909 50.5847937389251,8.70012021192603 50.5850174760724,8.70086955973462 50.5846135925176,8.70060960668175 50.5839859748597,8.69960032338023 50.5837622412272,8.6988509824363 50.5841661217378,8.69911091792909 50.5847937389251)))","41312","5012","6812","11824","53136"
"MULTIPOLYGON (((8.6989707549837 50.6309171846763,8.69998071451536 50.6311409039063,8.70073055758805 50.6307373718543,8.70047043425542 50.6301101236194,8.69946048543327 50.6298864079015,8.69871064923441 50.6302899369065,8.6989707549837 50.6309171846763)))","368","0","168","168","536"
"MULTIPOLYGON (((8.68381326867762 50.5500432504668,8.68482192989158 50.5502671247552,8.68557093259637 50.5498630920301,8.68531126721937 50.5492351880566,8.68430261668231 50.5490113172866,8.68355362084547 50.5494153469717,8.68381326867762 50.5500432504668)))","585","185","785","970","1555"
"MULTIPOLYGON (((8.7071241463787 50.5820098465932,8.70813346893582 50.582233520415,8.70888277259417 50.5818295556851,8.70862274683675 50.5812019201785,8.70761343497834 50.5809782498708,8.70686413817879 50.5813822115557,8.7071241463787 50.5820098465932)))","955974","10674","115274","125948","1081922"
"MULTIPOLYGON (((8.63445163996716 50.5835492913047,8.63546036006775 50.5837735488159,8.63620980905109 50.5833701404061,8.63595053102683 50.582742477521,8.63494182158785 50.5825182235317,8.63419237951159 50.5829216289057,8.63445163996716 50.5835492913047)))","1429576","47976","68176","116152","1545728"
"MULTIPOLYGON (((8.69116977231714 50.612097501442,8.69217939265447 50.6123212912478,8.69292904754328 50.6119176746071,8.69266907521957 50.6112902712055,8.69165946558192 50.6110664849137,8.69090981756842 50.6114700985096,8.69116977231714 50.612097501442)))","257380","180","1380","1560","258940"
"MULTIPOLYGON (((8.67086168733228 50.5984760791908,8.67187093629869 50.598700037945,8.67262048110255 50.5982964699956,8.67236077005411 50.5976689463334,8.67135153177271 50.5974449910961,8.67060199385486 50.5978485560042,8.67086168733228 50.5984760791908)))","29030","1230","2430","3660","32690"
"MULTIPOLYGON (((8.62038655918963 50.5849814690693,8.62139517878023 50.5852058390083,8.62214466782226 50.5848025469273,8.62188553035717 50.5841748879415,8.62087692142136 50.5839505215258,8.62012743929598 50.5843538105727,8.62038655918963 50.5849814690693)))","365508","2708","7708","10416","375924"
"MULTIPOLYGON (((8.64819992631589 50.5968639755281,8.64920895705094 50.5970881171402,8.64995852464714 50.5966847068003,8.64969905460775 50.5960571578866,8.64869003454552 50.5958330197941,8.64794047384998 50.5962364270956,8.64819992631589 50.5968639755281)))","4661","361","461","822","5483"
"MULTIPOLYGON (((8.71598648097961 50.6232922062352,8.71699647623398 50.6235157916862,8.71774620696607 50.6231120741878,8.71748593558284 50.6224847742872,8.7164759510444 50.6222611923468,8.71572622717337 50.6226649067966,8.71598648097961 50.6232922062352)))","600","0","100","100","700"
"MULTIPOLYGON (((8.71269102247993 50.5843833646586,8.71370042706586 50.5846069927173,8.71444974621789 50.5842030043067,8.71418965392854 50.5835753908832,8.7131802600449 50.5833517663378,8.71243094774848 50.5837557517026,8.71269102247993 50.5843833646586)))","23101","3201","8401","11602","34703"
"MULTIPOLYGON (((8.72498286784201 50.6184470934537,8.7259928701653 50.6186706085014,8.72674253273716 50.6182667867854,8.7264821861317 50.6176394530713,8.72547219452755 50.6174159415336,8.72472253880983 50.6178197602001,8.72498286784201 50.6184470934537)))","14105","505","1905","2410","16515"
"MULTIPOLYGON (((8.69499593855946 50.596990225126,8.69600537340878 50.5972139903738,8.69675485935912 50.5968102302844,8.69649490359049 50.5961827079916,8.69548547943819 50.5959589462583,8.69473600035762 50.5963627033033,8.69499593855946 50.596990225126)))","8741","0","741","741","9482"
"MULTIPOLYGON (((8.62954909889561 50.5938588970869,8.63055792561581 50.5940831898165,8.63130749381149 50.5936798964683,8.63104822837474 50.5930523134265,8.63003941231677 50.5928280242188,8.62928985103343 50.5932313145311,8.62954909889561 50.5938588970869)))","270168","16068","45968","62036","332204"
"MULTIPOLYGON (((8.66674159120108 50.6106681869769,8.66775098092774 50.6108921738628,8.66850066388843 50.6104887294268,8.66824095023139 50.6098613011466,8.66723157119133 50.6096373177775,8.66648189512181 50.6100407591719,8.66674159120108 50.6106681869769)))","53060","460","2160","2620","55680"
"MULTIPOLYGON (((8.72393020532266 50.578322714962,8.7249396187511 50.5785462550677,8.72568885281042 50.5781421364463,8.72542866659442 50.5775144807661,8.72441926387225 50.5772909441728,8.72367003665994 50.5776950597473,8.72393020532266 50.578322714962)))","26978","8378","17178","25556","52534"
"MULTIPOLYGON (((8.6695279829959 50.5731004228124,8.67053685408481 50.5733244026292,8.67128612912749 50.5729206519589,8.67102652619943 50.5722929245115,8.67001766578705 50.5720689482134,8.6692683976263 50.572472695844,8.6695279829959 50.5731004228124)))","1429569","62469","216269","278738","1708307"
"MULTIPOLYGON (((8.6989444350729 50.5534005036988,8.6999532745825 50.5536242549628,8.70070228631834 50.5532201343435,8.70044245168608 50.5525922655024,8.69943362286222 50.5523685177549,8.69868461798497 50.5527726353321,8.6989444350729 50.5534005036988)))","81688","6188","38388","44576","126264"
"MULTIPOLYGON (((8.68488189251323 50.5548424289142,8.68589063210909 50.5550662926749,8.68663968430514 50.5546622883606,8.68637999003725 50.554034423326,8.6853712611203 50.5538105630834,8.68462221579241 50.5542145643573,8.68488189251323 50.5548424289142)))","474","0","474","474","948"
"MULTIPOLYGON (((8.74200045718459 50.5931519811854,8.74301023963575 50.5933753697306,8.74375960020501 50.5929712283753,8.74349917148526 50.592343701525,8.74248939975425 50.5921203164894,8.74174004602294 50.5925244547947,8.74200045718459 50.5931519811854)))","2435","135","435","570","3005"
"MULTIPOLYGON (((8.66986429518568 50.540672587023,8.67087270149782 50.5408965772046,8.67162162861858 50.540492577908,8.67136214255199 50.5398645914675,8.67035374690666 50.5396406048064,8.66960482666121 50.5400446010653,8.66986429518568 50.540672587023)))","334109","9009","16109","25118","359227"
"MULTIPOLYGON (((8.67362278150021 50.5785699666788,8.67463176672846 50.5787939113528,8.67538109314249 50.5783901715242,8.67512142744813 50.5777624900622,8.67411245290024 50.5775385489062,8.67336313336648 50.5779422856943,8.67362278150021 50.5785699666788)))","518774","30674","88874","119548","638322"
"MULTIPOLYGON (((8.73409548393262 50.5674618587857,8.73510482766616 50.5676853215355,8.73585392711219 50.5672810443259,8.73559367598666 50.5666533074139,8.73458434296127 50.5664298481759,8.7338352503534 50.5668341223382,8.73409548393262 50.5674618587857)))","154375","78875","103475","182350","336725"
"MULTIPOLYGON (((8.72140171902321 50.5589489476055,8.72241083115045 50.5591725159746,8.72315986218474 50.5587682692298,8.72289977424706 50.5581404571614,8.72189067281884 50.5579168923061,8.72114164862938 50.5583211360055,8.72140171902321 50.5589489476055)))","618","218","418","636","1254"
"MULTIPOLYGON (((8.71603430608082 50.5526276395644,8.71704328101468 50.5528512536836,8.71779225396834 50.5524469991741,8.71753224514108 50.5518191335897,8.71652328090153 50.5515955229853,8.71577431479508 50.5519997744506,8.71603430608082 50.5526276395644)))","3164","164","1264","1428","4592"
"MULTIPOLYGON (((8.70510429936219 50.5439314246615,8.70611305517587 50.5441551302136,8.70686195456111 50.5437508916003,8.70660209128008 50.5431229504773,8.70559334615243 50.5428992484417,8.70484445361988 50.5433034840127,8.70510429936219 50.5439314246615)))","168337","16637","63237","79874","248211"
"MULTIPOLYGON (((8.68083523343147 50.5915702893074,8.68184446835746 50.5917941706806,8.68259392137258 50.5913904755314,8.6823341325838 50.5907629020512,8.68132490834585 50.5905390241943,8.68057546220878 50.5909427163013,8.68083523343147 50.5915702893074)))","395831","42331","111531","153862","549693"
"MULTIPOLYGON (((8.7051962378297 50.5507952283899,8.70620509340067 50.5510189304285,8.70695406609552 50.5506147432035,8.70669417636555 50.5499868569828,8.7056853314827 50.5497631584603,8.70493636564184 50.5501673426425,8.7051962378297 50.5507952283899)))","5679","279","379","658","6337"
"MULTIPOLYGON (((8.6748248024232 50.5548908959613,8.67583345633428 50.5551148405573,8.67658252689637 50.5547109119717,8.67632293667266 50.5540830418294,8.67531429343533 50.5538591007525,8.67456522974806 50.5542630262989,8.6748248024232 50.5548908959613)))","2556","156","256","412","2968"
"MULTIPOLYGON (((8.73584698625662 50.584951023432,8.73685659752113 50.5851744649009,8.73760588123374 50.5847703073514,8.73734554684157 50.584142711382,8.73633594629151 50.5839192734239,8.73558666941931 50.5843234279246,8.73584698625662 50.584951023432)))","296801","50301","92301","142602","439403"
"MULTIPOLYGON (((8.65753645663578 50.5596043283866,8.658545029915 50.5598284100458,8.65929418155376 50.559424646797,8.65903475302623 50.5587968049265,8.65802619041324 50.5585727267881,8.65727704566165 50.5589764869995,8.65753645663578 50.5596043283866)))","3860","260","460","720","4580"
"MULTIPOLYGON (((8.61800798637575 50.5548053420173,8.61901615016168 50.5550297431699,8.61976531990155 50.5546262398174,8.61950631894337 50.5539983383443,8.61849816580179 50.5537739407171,8.61774900297414 50.5541774410376,8.61800798637575 50.5548053420173)))","901797","1897","23397","25294","927091"
"MULTIPOLYGON (((8.66402758172055 50.5952495270617,8.66503672531225 50.5954735420883,8.66578624760867 50.5950700008478,8.66552661942363 50.5944424476212,8.66451748651241 50.5942184361126,8.66376797110584 50.5946219743128,8.66402758172055 50.5952495270617)))","244361","9261","21361","30622","274983"
"MULTIPOLYGON (((8.61935864139009 50.5625188194299,8.62036692803284 50.5627432066533,8.62111617805194 50.5623397517213,8.6208571345155 50.5617119125986,8.61984885852015 50.5614875289,8.61909961541392 50.5618909807993,8.61935864139009 50.5625188194299)))","111681","6881","14481","21362","133043"
"MULTIPOLYGON (((8.67640429915477 50.5409844018516,8.67741276614767 50.5412083393422,8.67816168502202 50.5408042934028,8.67790213003258 50.5401763130114,8.67689367371001 50.5399523790406,8.67614476170666 50.5403564219415,8.67640429915477 50.5409844018516)))","2154","0","354","354","2508"
"MULTIPOLYGON (((8.68604073934166 50.5665032865382,8.68704965710168 50.5667271362613,8.687798832145 50.5663232117677,8.6875390825588 50.5656954405924,8.68653017548189 50.5654715943865,8.68578100730821 50.5658755158388,8.68604073934166 50.5665032865382)))","54265","8365","27065","35430","89695"
"MULTIPOLYGON (((8.73506605084972 50.5830682213999,8.73607562822948 50.5832916699304,8.73682489316311 50.582887503933,8.73656457387655 50.5822598924537,8.73555500721025 50.5820364474341,8.73480574911716 50.582440610383,8.73506605084972 50.5830682213999)))","29880","2080","3580","5660","35540"
"MULTIPOLYGON (((8.7163134442549 50.573215208424,8.71732271864789 50.5734388119112,8.71807191161518 50.5730347115677,8.71781182333855 50.5724070107826,8.7168025596463 50.5721834108089,8.71605337353006 50.5725875081069,8.7163134442549 50.573215208424)))","33823","4323","7423","11746","45569"
"MULTIPOLYGON (((8.68304299816864 50.6256785451633,8.68405274508484 50.6259023947328,8.68480256027988 50.6254989422101,8.68454262167556 50.6248716431626,8.68353288545898 50.6246477971073,8.68278307714723 50.6250512465854,8.68304299816864 50.6256785451633)))","74277","1077","5877","6954","81231"
"MULTIPOLYGON (((8.67193008864678 50.603272130495,8.67293941609596 50.6034960786918,8.67368901046959 50.603092539172,8.6734292705079 50.6024650544971,8.67241995374577 50.6022411098169,8.6716703662584 50.602644646295,8.67193008864678 50.603272130495)))","1429543","18343","81843","100186","1529729"
"MULTIPOLYGON (((8.63171303049087 50.5857904606308,8.63272175935573 50.586014739241,8.63347123719136 50.5856113683837,8.63321197925292 50.5849837219519,8.63220326104891 50.5847594468637,8.63145379012262 50.5851628146853,8.63171303049087 50.5857904606308)))","1429550","2150","22850","25000","1454550"
"MULTIPOLYGON (((8.70983426037343 50.6150933810249,8.7108440842595 50.6153170194022,8.71159373797976 50.6149132856833,8.7113335609505 50.6142859166345,8.71032374777466 50.614062281769,8.70957410091792 50.6144660124405,8.70983426037343 50.6150933810249)))","129760","24760","30160","54920","184680"
"MULTIPOLYGON (((8.64076831337441 50.5456122707948,8.64177654066357 50.5458364927976,8.6425255720047 50.5454327490511,8.64226636916135 50.5448047863361,8.64125815252548 50.5445805678566,8.64050912807979 50.5449843085689,8.64076831337441 50.5456122707948)))","13703","1403","8703","10106","23809"
"MULTIPOLYGON (((8.72009980529114 50.6110990364962,8.72110965947761 50.6113225939064,8.72185925193501 50.6109187529307,8.72159898335005 50.6102913575931,8.72058913987787 50.6100678036938,8.71983955427646 50.6104716416212,8.72009980529114 50.6110990364962)))","86932","5932","9632","15564","102496"
"MULTIPOLYGON (((8.6993690089766 50.6230302045276,8.70037885782474 50.6232539238323,8.70112861547145 50.6228503288429,8.70086851739812 50.6222230175954,8.69985867925724 50.6219993018032,8.69910892848257 50.6224028937461,8.6993690089766 50.6230302045276)))","5385","685","1585","2270","7655"
"MULTIPOLYGON (((8.70041195897088 50.5503044874418,8.70142076642347 50.550528228156,8.70216974239557 50.5501240730494,8.7019099040582 50.5494961802707,8.70090110729116 50.5492724430731,8.70015213817607 50.5496765951376,8.70041195897088 50.5503044874418)))","86387","8587","38087","46674","133061"
"MULTIPOLYGON (((8.64574918744347 50.6020184618083,8.64675827154344 50.6022426210184,8.64750789877808 50.6018392682096,8.6472484350096 50.6012117592292,8.64623936158275 50.6009876035387,8.64548974125139 50.6013909533091,8.64574918744347 50.6020184618083)))","3920","320","520","840","4760"
"MULTIPOLYGON (((8.71913226792604 50.5954991620892,8.72014188832828 50.595722733741,8.72089131514618 50.5953187814995,8.72063111470843 50.5946912606537,8.71962150501525 50.5944676925138,8.71887208505086 50.594871641708,8.71913226792604 50.5954991620892)))","11113","1513","65613","67126","78239"
"MULTIPOLYGON (((8.63465421616698 50.5796040856936,8.63566288106744 50.5798283431715,8.63641228738665 50.5794249032823,8.63615302189933 50.5787972089509,8.6351443676594 50.5785729549951,8.63439496824638 50.5789763918486,8.63465421616698 50.5796040856936)))","57566","1566","12366","13932","71498"
"MULTIPOLYGON (((8.63061435728837 50.5986550894875,8.63162326245582 50.5988793717092,8.63237288024614 50.5984761068105,8.63211358595658 50.5978485627264,8.63110469145337 50.5976242840261,8.63035508057564 50.5980275458885,8.63061435728837 50.5986550894875)))","113905","6905","7005","13910","127815"
"MULTIPOLYGON (((8.72716505654808 50.5573747263177,8.72817419535093 50.5575982489564,8.72892319920085 50.5571939470967,8.72866305740733 50.5565661256443,8.72765392930601 50.5563426065188,8.72690493229682 50.5567469053326,8.72716505654808 50.5573747263177)))","9126","1926","4426","6352","15478"
"MULTIPOLYGON (((8.70545754212884 50.5890502922664,8.70646695206789 50.5892739766098,8.70721633418971 50.5888700778313,8.70695629951133 50.5882424977546,8.7059469002723 50.588018816925,8.70519752501174 50.5884227126583,8.70545754212884 50.5890502922664)))","789489","14689","86089","100778","890267"
"MULTIPOLYGON (((8.6431566902607 50.5757935536071,8.64416537337484 50.5760177443012,8.64491472387328 50.575614211738,8.6446553843579 50.5749864915172,8.64364671190751 50.5747623043444,8.64289736830887 50.5751658338712,8.6431566902607 50.5757935536071)))","10346","1246","1746","2992","13338"
"MULTIPOLYGON (((8.6986051450883 50.6034889008328,8.69961470483404 50.6037126343688,8.70036425407158 50.6033088966061,8.70010423669484 50.6026814283527,8.69909468765 50.6024576983304,8.69834514528111 50.6028614330479,8.6986051450883 50.6034889008328)))","770234","8534","177834","186368","956602"
"MULTIPOLYGON (((8.74210146423207 50.5823451797599,8.74311109142469 50.5825685719553,8.74386033595379 50.5821643477765,8.74359994645462 50.5815367344517,8.74259032997887 50.5813133457664,8.74184109228554 50.5817175668958,8.74210146423207 50.5823451797599)))","6897","497","897","1394","8291"
"MULTIPOLYGON (((8.69472301343143 50.576410536675,8.69573214872235 50.5766343125434,8.69648141448408 50.5762303982086,8.69622153808906 50.5756027110485,8.6952124134887 50.5753789386959,8.69446315459289 50.5757828499877,8.69472301343143 50.576410536675)))","538791","44191","89791","133982","672773"
"MULTIPOLYGON (((8.66106203046107 50.6190937474528,8.66207149314077 50.6193177765464,8.66282127663301 50.6189144387124,8.66256159054911 50.6182870748263,8.66155213855565 50.6180630492497,8.66080236195995 50.6184663840422,8.66106203046107 50.6190937474528)))","1429538","18838","40238","59076","1488614"
"MULTIPOLYGON (((8.64886293350914 50.6095481609443,8.64987215321719 50.6097722920453,8.65062185578217 50.6093689731086,8.65036233173652 50.6087415261103,8.64935312270549 50.6085173985281,8.64860342704323 50.6089207144255,8.64886293350914 50.6095481609443)))","192291","14491","188991","203482","395773"
"MULTIPOLYGON (((8.69829826437409 50.6182353115755,8.69930803467847 50.6184590414856,8.70005774274833 50.6180554180757,8.69979767364217 50.6174280678018,8.69878791404307 50.6172043414046,8.69803821284496 50.6176079617684,8.69829826437409 50.6182353115755)))","1791","291","1091","1382","3173"
"MULTIPOLYGON (((8.70681914454815 50.5967610246289,8.70782867756673 50.5969846948465,8.70857813995463 50.596580844433,8.70831806246216 50.5959533268477,8.70730854014663 50.5957296601433,8.70655908462067 50.596133507511,8.70681914454815 50.5967610246289)))","248725","7125","253325","260450","509175"
"MULTIPOLYGON (((8.67400097863968 50.5883440519807,8.67501010824053 50.5885679896322,8.67575953878743 50.5881643211944,8.67549983285172 50.5875367181464,8.67449071393442 50.5873127840122,8.67374129026943 50.5877164494088,8.67400097863968 50.5883440519807)))","1429524","194424","318324","512748","1942272"
"MULTIPOLYGON (((8.70342328779888 50.5686481251656,8.70443238571417 50.5688718342166,8.70518155277985 50.5684677957673,8.70492161507174 50.5678400513108,8.70391252784919 50.5676163457751,8.70316336764212 50.5680203811807,8.70342328779888 50.5686481251656)))","16241","3141","4641","7782","24023"
"MULTIPOLYGON (((8.6551149244285 50.5470909437362,8.65612329645846 50.5473150498791,8.65687231835563 50.5469112098173,8.65661296133672 50.5462832666488,8.65560459996794 50.5460591640277,8.65485558495701 50.5464630010533,8.6551149244285 50.5470909437362)))","8103","2003","2503","4506","12609"
"MULTIPOLYGON (((8.6348567697162 50.5756586599014,8.63586537942252 50.575882917344,8.63661474308241 50.5754794459768,8.63635549013086 50.5748517202024,8.63534689108397 50.574627466282,8.63459753432933 50.5750309346138,8.6348567697162 50.5756586599014)))","6545","1645","4145","5790","12335"
"MULTIPOLYGON (((8.70567077020994 50.5674360013641,8.70667986991377 50.56765969283,8.7074290199816 50.5672556283422,8.70716906348876 50.5666278754322,8.70615997447844 50.5664041874813,8.70541083126754 50.5668082489253,8.70567077020994 50.5674360013641)))","2633","233","1033","1266","3899"
"MULTIPOLYGON (((8.71554531810564 50.5536597366692,8.71655430373385 50.5538833543031,8.71730328861217 50.5534791112881,8.71704328101468 50.5528512536836,8.71603430608082 50.5526276395644,8.71528532805022 50.5530318795352,8.71554531810564 50.5536597366692)))","61453","5353","15553","20906","82359"
"MULTIPOLYGON (((8.71814233518036 50.6152237727811,8.7191522322248 50.615447344235,8.71990187246529 50.6150435492663,8.71964160880339 50.6144161858923,8.71863172247354 50.6141926179493,8.7178820890911 50.6145964098696,8.71814233518036 50.6152237727811)))","189","0","289","289","478"
"MULTIPOLYGON (((8.64843081366749 50.5752554422124,8.64943953440902 50.5754795907389,8.65018886984259 50.5750760145549,8.64992947763855 50.5744482928817,8.64892076756334 50.5742241478761,8.64817143902598 50.5746277210229,8.64843081366749 50.5752554422124)))","121397","15997","44297","60294","181691"
"MULTIPOLYGON (((8.6732880241883 50.6109810948452,8.67429747472808 50.6112050289536,8.67504714943584 50.610801537832,8.67478736671702 50.6101741156445,8.67377792686735 50.6099501850521,8.67302825904646 50.6103536731313,8.6732880241883 50.6109810948452)))","32984","184","384","568","33552"
"MULTIPOLYGON (((8.62638883341357 50.5618023771047,8.62739717029751 50.5620267081463,8.62814640031529 50.5616231950673,8.62788728654114 50.56099535398,8.62687896030799 50.5607710264623,8.62612973719835 50.5611745365079,8.62638883341357 50.5618023771047)))","1659","159","459","618","2277"
"MULTIPOLYGON (((8.64655706811432 50.5862398404214,8.64756593128415 50.5864639995587,8.6483153878056 50.5860605208346,8.64805597425771 50.5854328860108,8.64704712175661 50.585208730394,8.6462976721348 50.5856122060805,8.64655706811432 50.5862398404214)))","376314","37414","54814","92228","468542"
"MULTIPOLYGON (((8.72724095857932 50.5995739549888,8.72825070738309 50.5997974596929,8.72900016336528 50.5993934776636,8.72873986369485 50.5987659939789,8.72773012560557 50.5985424927856,8.72698067647235 50.5989464717662,8.72724095857932 50.5995739549888)))","1685","385","3085","3470","5155"
"MULTIPOLYGON (((8.69731892549031 50.62029719343,8.69832871720536 50.6205209303659,8.69907844916305 50.6201173299647,8.698818382533 50.6194899956738,8.69780860152333 50.6192662622508,8.69705887643845 50.6196698596059,8.69731892549031 50.62029719343)))","2402","102","202","304","2706"
"MULTIPOLYGON (((8.60959037234707 50.5654761015771,8.6105986174343 50.5657005660691,8.61134791623994 50.5652972068301,8.61108896303855 50.5646693861307,8.61008072859456 50.5644449251644,8.60933143670881 50.5648482813718,8.60959037234707 50.5654761015771)))","112091","11191","28991","40182","152273"
"MULTIPOLYGON (((8.72685514576649 50.5898001665263,8.72786475003438 50.5900236783722,8.72861410188666 50.5896196249965,8.72835384262391 50.588992062823,8.72734424906731 50.5887685544885,8.72659490406231 50.5891726048162,8.72685514576649 50.5898001665263)))","14154","2454","4554","7008","21162"
"MULTIPOLYGON (((8.6503905502185 50.5711301479576,8.65139922829513 50.5713542824007,8.65214851605194 50.5709506602058,8.65188911883816 50.570322906605,8.65088045142762 50.5700987756828,8.65013117056491 50.5705023948406,8.6503905502185 50.5711301479576)))","108502","16402","64202","80604","189106"
"MULTIPOLYGON (((8.6311380963623 50.5799623647336,8.63214673614928 50.5801866503187,8.63289615249113 50.5797832395105,8.63263692213754 50.5791555461524,8.63162829300936 50.5789312640897,8.63087888357608 50.5793346718627,8.6311380963623 50.5799623647336)))","73607","1107","4107","5214","78821"
"MULTIPOLYGON (((8.69561076729463 50.5674859148802,8.69661978139542 50.5677096872422,8.69736894993753 50.5673056985025,8.69710909751534 50.5666779404435,8.69610009410285 50.5664541715976,8.69535093242433 50.5668581572947,8.69561076729463 50.5674859148802)))","41865","4565","13265","17830","59695"
"MULTIPOLYGON (((8.72413771136755 50.5567041091386,8.72514681455597 50.5569276564085,8.72589581665103 50.5565233721347,8.72563570871516 50.5558955436365,8.72462661622647 50.5556719998802,8.72387762097404 50.5560762811086,8.72413771136755 50.5567041091386)))","1312","112","312","424","1736"
"MULTIPOLYGON (((8.6395009239807 50.5447600760446,8.64050912807979 50.5449843085689,8.64125815252548 50.5445805678566,8.6409989659761 50.5439525976542,8.6399907725294 50.5437283686535,8.6392417549798 50.5441321063316,8.6395009239807 50.5447600760446)))","32621","31321","139221","170542","203163"
"MULTIPOLYGON (((8.65249562346964 50.5983880266635,8.6535047131907 50.5986121331224,8.65425428955633 50.5982087021603,8.65399476930289 50.5975811677782,8.65298569025729 50.5973570648383,8.6522361207898 50.5977604927615,8.65249562346964 50.5983880266635)))","2001","401","1001","1402","3403"
"MULTIPOLYGON (((8.72694929070706 50.5966600036386,8.72795899489877 50.5968835118954,8.72870842014832 50.5964795099163,8.72844813435768 50.5958520027289,8.72743844087939 50.5956284979831,8.72668902247847 50.5960324969138,8.72694929070706 50.5966600036386)))","1209","2009","12609","14618","15827"
"MULTIPOLYGON (((8.64733528617321 50.5881227124724,8.64834418322698 50.5883468645904,8.64909365857115 50.5879433943333,8.64883422996219 50.5873157749959,8.64782534357809 50.5870916263981,8.6470758751334 50.5874950936175,8.64733528617321 50.5881227124724)))","42851","651","6551","7202","50053"
"MULTIPOLYGON (((8.7115272698242 50.5727247747104,8.71253649609519 50.5729484169057,8.71328569236798 50.5725443486926,8.71302565551578 50.5719166413292,8.71201643994292 50.571693002648,8.71126725052423 50.5720970678162,8.7115272698242 50.5727247747104)))","136277","20877","102077","122954","259231"
"MULTIPOLYGON (((8.64275247889285 50.5836843742565,8.64376127241965 50.5839085650072,8.64451070824018 50.5835050953951,8.64425134363242 50.5828774380693,8.64324256077157 50.5826532508396,8.64249313185268 50.5830567174148,8.64275247889285 50.5836843742565)))","66457","9657","27657","37314","103771"
"MULTIPOLYGON (((8.67449071393442 50.5873127840122,8.67549983285172 50.5875367181464,8.67624925146982 50.5871330382061,8.67598954428938 50.5865054271729,8.67498043605556 50.586281496556,8.67423102431884 50.5866851734551,8.67449071393442 50.5873127840122)))","1429582","285482","318382","603864","2033446"
"MULTIPOLYGON (((8.69256592095656 50.5844826007493,8.69357515427484 50.5847063906717,8.69432451041278 50.5843025537927,8.69406462636366 50.5836749300347,8.69305540373733 50.5834511436278,8.6923060544683 50.5838549774635,8.69256592095656 50.5844826007493)))","1429590","13790","105290","119080","1548670"
"MULTIPOLYGON (((8.65555016601115 50.5813975930339,8.65655903666065 50.5816216818513,8.65730842538058 50.5812180989435,8.65704893655837 50.5805904302566,8.65604007658074 50.5803663449589,8.65529069475357 50.5807699248283,8.65555016601115 50.5813975930339)))","29216","2016","4216","6232","35448"
"MULTIPOLYGON (((8.66091258590742 50.5877185532223,8.66192159394377 50.5879425963637,8.66267104096945 50.5875390212675,8.66241147306838 50.5869114060695,8.66140247570863 50.5866873664468,8.66065303557341 50.5870909385036,8.66091258590742 50.5877185532223)))","541476","33776","54576","88352","629828"
"MULTIPOLYGON (((8.67466868224726 50.6010304482814,8.67567800084639 50.6012543753734,8.67642756630425 50.6008507982986,8.67616780627909 50.6002232971737,8.67515849836771 50.5999993735982,8.67440893979387 50.600402947631,8.67466868224726 50.6010304482814)))","1429508","10908","19208","30116","1459624"
"MULTIPOLYGON (((8.64246453094055 50.5807702408812,8.64347327992292 50.5809944351258,8.64422268500036 50.5805909455417,8.64396333419427 50.5799632647497,8.64295459587682 50.5797390740264,8.64220519770061 50.5801425605738,8.64246453094055 50.5807702408812)))","122346","5046","36346","41392","163738"
"MULTIPOLYGON (((8.69249308051106 50.5599524831034,8.69350195915857 50.5601762835958,8.69425105254954 50.5597722610342,8.693991260429 50.5591444410221,8.69298239246588 50.5589206440467,8.69223330593906 50.5593246635665,8.69249308051106 50.5599524831034)))","1885","485","1085","1570","3455"
"MULTIPOLYGON (((8.65408035525583 50.5844912203357,8.65508925792133 50.5847153197122,8.65583868241182 50.5843117713149,8.65557919734258 50.5836841265795,8.65457030534916 50.5834600307226,8.653820887753 50.5838635760816,8.65408035525583 50.5844912203357)))","18470","870","6270","7140","25610"
"MULTIPOLYGON (((8.64387892797135 50.5531474154025,8.64488729064902 50.5533716094019,8.64563639720842 50.5529678995174,8.6453771341954 50.5523399986689,8.64436878217498 50.5521158081922,8.64361968251043 50.5525195150414,8.64387892797135 50.5531474154025)))","98236","4736","12236","16972","115208"
"MULTIPOLYGON (((8.69716988206157 50.5712523519563,8.69817896390019 50.571476110246,8.69892817002165 50.571072138417,8.69866828744137 50.5704444113414,8.69765921629304 50.5702206565674,8.69691001703484 50.5706246253534,8.69716988206157 50.5712523519563)))","42560","2960","9360","12320","54880"
"MULTIPOLYGON (((8.7040193635648 50.5568068438759,8.70502829574524 50.5570305529446,8.70577733490883 50.5566264201546,8.70551743503615 50.5559985813389,8.70450851354512 50.555774875786,8.70375948123746 50.5561790055331,8.7040193635648 50.5568068438759)))","700","0","300","300","1000"
"MULTIPOLYGON (((8.69776701891401 50.5594117310848,8.69877593502558 50.5596354893831,8.69952501323342 50.5592314232037,8.69926516846924 50.5586036017684,8.69825626304465 50.5583798469865,8.69750719169735 50.5587839101235,8.69776701891401 50.5594117310848)))","856","0","256","256","1112"
"MULTIPOLYGON (((8.63681717614216 50.5715337685086,8.63782574321113 50.5717580118621,8.63857505920384 50.571354494479,8.63831580122455 50.570726736778,8.63730724481474 50.5705024969468,8.63655793572518 50.5709060112945,8.63681717614216 50.5715337685086)))","3722","122","222","344","4066"
"MULTIPOLYGON (((8.65186021433475 50.5680359726821,8.65286886041329 50.5682600965625,8.65361811241529 50.5678564398612,8.65335871144631 50.5672286623165,8.65235007603363 50.567004541957,8.65160083092417 50.5674081956212,8.65186021433475 50.5680359726821)))","117699","23699","42899","66598","184297"
"MULTIPOLYGON (((8.66088670093371 50.605379988523,8.66189596387292 50.6056040246599,8.66264560043877 50.605200583924,8.66238596717162 50.604573110092,8.66137671491437 50.6043490774729,8.66062708524246 50.6047525151682,8.66088670093371 50.605379988523)))","18682","182","782","964","19646"
"MULTIPOLYGON (((8.73017576319505 50.5933848894601,8.73118544771288 50.5936083730993,8.731934832044 50.5932043220769,8.73167452501158 50.5925767904639,8.73066485120782 50.5923533103355,8.72991547372252 50.5927573583094,8.73017576319505 50.5933848894601)))","276206","22906","110306","133212","409418"
"MULTIPOLYGON (((8.68826928534746 50.5829597263002,8.68927845978062 50.5831835514034,8.69002780723939 50.5827797351541,8.68976797339366 50.5821520968443,8.68875880964976 50.5819282752571,8.68800946906244 50.5823320884637,8.68826928534746 50.5829597263002)))","13105","505","1205","1710","14815"
"MULTIPOLYGON (((8.74248939975425 50.5921203164894,8.74349917148526 50.592343701525,8.74424852011148 50.5919395486725,8.7439880901694 50.5913120138345,8.74297832915842 50.5910886323085,8.74222898736961 50.591492782111,8.74248939975425 50.5921203164894)))","6390","0","590","590","6980"
"MULTIPOLYGON (((8.62610168292007 50.5588874652676,8.62710997529671 50.5591117997827,8.62785917458589 50.5587082667308,8.6276000745909 50.5580804021971,8.62659179286405 50.5578560712062,8.62584260048255 50.5582596012249,8.62610168292007 50.5588874652676)))","3197","0","197","197","3394"
"MULTIPOLYGON (((8.69503045905811 50.5616556900977,8.6960393840559 50.5618794694942,8.69678849117317 50.5614754408485,8.69652866642999 50.5608476358486,8.69551975211845 50.5606238599686,8.69477065186399 50.5610278855722,8.69503045905811 50.5616556900977)))","62199","5699","28799","34498","96697"
"MULTIPOLYGON (((8.66322346830441 50.6110270162177,8.66423283295873 50.6112510312477,8.66498252600532 50.610847615907,8.66472284750412 50.6102201885776,8.66371349353469 50.6099961770647,8.66296380738165 50.6103995893642,8.66322346830441 50.6110270162177)))","18569","2969","3069","6038","24607"
"MULTIPOLYGON (((8.72479492588112 50.6047309736757,8.72580472825826 50.6049544959338,8.72655424395686 50.6045505714036,8.72629395042691 50.6039231276639,8.72528415876456 50.6036996089166,8.72453464991753 50.6041035303983,8.72479492588112 50.6047309736757)))","293","0","293","293","586"
"MULTIPOLYGON (((8.65797297039397 50.5939052646025,8.65898204249111 50.5941293288562,8.65973156107917 50.5937258227846,8.6594720006766 50.5930982554988,8.65846293925641 50.5928741947637,8.65771342756195 50.5932776977959,8.65797297039397 50.5939052646025)))","705446","13346","63746","77092","782538"
"MULTIPOLYGON (((8.70152658426635 50.6149624040268,8.70253633495754 50.615186109315,8.70328600212387 50.6147824368434,8.70302591173015 50.61415506213,8.7020161717449 50.6139313603545,8.70126651144757 50.6143350297799,8.70152658426635 50.6149624040268)))","443775","58275","86075","144350","588125"
"MULTIPOLYGON (((8.71103808654275 50.573756527292,8.71204732351196 50.5739801730014,8.71279653171543 50.5735761162857,8.71253649609519 50.5729484169057,8.7115272698242 50.5727247747104,8.71077806847534 50.5731288283812,8.71103808654275 50.573756527292)))","666168","90568","314868","405436","1071604"
"MULTIPOLYGON (((8.70232225471018 50.5991839095904,8.70333178414867 50.5994076149929,8.7040812805615 50.5990038166753,8.70382124067064 50.5983763160007,8.70281172193363 50.5981526141118,8.70206223238613 50.5985564093839,8.70232225471018 50.5991839095904)))","17355","255","555","810","18165"
"MULTIPOLYGON (((8.63673195275233 50.564673131058,8.63774042011692 50.564897377856,8.63848966272979 50.5644938090276,8.63823043107637 50.5638659964362,8.63722197436885 50.5636417531609,8.63647273865784 50.5640453189543,8.63673195275233 50.564673131058)))","31191","6191","7691","13882","45073"
"MULTIPOLYGON (((8.62243175368434 50.5877164120606,8.62344043038307 50.5879407644641,8.62418994517537 50.5875374778209,8.62393077635319 50.5869098418089,8.62292211031114 50.5866854929283,8.62217260243468 50.587088776537,8.62243175368434 50.5877164120606)))","221484","584","6084","6668","228152"
"MULTIPOLYGON (((8.65497320672371 50.5755688949429,8.65598198827963 50.5757929907598,8.6567313155272 50.5753893679169,8.65647185432692 50.5747616522951,8.65546308344074 50.5745375599982,8.65471376308518 50.5749411798032,8.65497320672371 50.5755688949429)))","186822","9722","58722","68444","255266"
"MULTIPOLYGON (((8.64142945946659 50.5583051592627,8.6424378754313 50.558529370875,8.6431870415506 50.5581257184963,8.6429277848078 50.5574978575404,8.64191937950064 50.5572736494507,8.64117022027885 50.5576772987942,8.64142945946659 50.5583051592627)))","223120","2620","2920","5540","228660"
"MULTIPOLYGON (((8.68172488704041 50.582648013785,8.68273400076079 50.5828718916478,8.68348335651379 50.5824681220705,8.68322359167084 50.5818404776722,8.68221448863623 50.5816166033261,8.68146513975897 50.5820203698617,8.68172488704041 50.582648013785)))","667039","16639","30039","46678","713717"
"MULTIPOLYGON (((8.67384578091449 50.5569544279457,8.67485445617322 50.5571783795799,8.67560355057118 50.5567744739913,8.67534396283463 50.5561466198076,8.67433529824975 50.5559226716924,8.67358621072767 50.5563265742419,8.67384578091449 50.5569544279457)))","282083","95883","98183","194066","476149"
"MULTIPOLYGON (((8.71456730268994 50.5557238724545,8.71557630970713 50.5559474971178,8.71632531843554 50.5555432770925,8.71606531329817 50.554915435448,8.7150563169755 50.5546918142994,8.71430731509581 50.5550960312805,8.71456730268994 50.5557238724545)))","211968","19268","57868","77136","289104"
"MULTIPOLYGON (((8.7406347880188 50.5854405648477,8.74164444736242 50.5856639675736,8.74239372771113 50.5852597778834,8.74213334187904 50.5846321885167,8.74112369325253 50.5844087893009,8.74037441974114 50.5848129759417,8.7406347880188 50.5854405648477)))","294804","27004","69704","96708","391512"
"MULTIPOLYGON (((8.63987409956107 50.5545379191039,8.64088244781805 50.5547621447223,8.64163157631903 50.5543584754109,8.6413723496654 50.5537305835159,8.64036401206399 50.5535063614204,8.63961489046077 50.5539100276971,8.63987409956107 50.5545379191039)))","1429515","7415","63015","70430","1499945"
"MULTIPOLYGON (((8.63347123719136 50.5856113683837,8.63447997861541 50.5858356329386,8.63522945143914 50.5854322475398,8.63497017593077 50.5848046006219,8.63396144516847 50.5845803395889,8.63321197925292 50.5849837219519,8.63347123719136 50.5856113683837)))","622405","4505","62805","67310","689715"
"MULTIPOLYGON (((8.68808868063212 50.5692381580597,8.68909765544212 50.5694619902039,8.68984685614774 50.5690580711259,8.68958707517458 50.5684303229455,8.68857811104955 50.568206494318,8.68782891721279 50.5686104103543,8.68808868063212 50.5692381580597)))","978129","129829","149529","279358","1257487"
"MULTIPOLYGON (((8.65030398914043 50.5642692329303,8.65131256749146 50.5644933708354,8.65206178187457 50.5640896972046,8.65180241101393 50.5634618887054,8.65079384332684 50.5632377543215,8.65004463583654 50.5636414249157,8.65030398914043 50.5642692329303)))","449412","21012","39312","60324","509736"
"MULTIPOLYGON (((8.69932608774252 50.5631785484391,8.70033507157646 50.5634022926698,8.70108418735296 50.5629982433991,8.70082431243541 50.5623704529405,8.6998153392904 50.5621467122258,8.69906623037418 50.5625507584537,8.69932608774252 50.5631785484391)))","199110","610","1510","2120","201230"
"MULTIPOLYGON (((8.64949719232538 50.5800528879337,8.65050599148389 50.5802770259485,8.65125537647137 50.5798734781998,8.650995955404 50.5792457954739,8.64998716691384 50.5790216609795,8.64923778882281 50.5794252056907,8.64949719232538 50.5800528879337)))","1429574","285474","318374","603848","2033422"
"MULTIPOLYGON (((8.63629500374746 50.5902289970956,8.63730383616063 50.5904532370883,8.63805335354934 50.5900498655923,8.63779403161781 50.5894222571401,8.63678520986926 50.5891980206687,8.63603569938773 50.5896013891282,8.63629500374746 50.5902289970956)))","39706","506","3206","3712","43418"
"MULTIPOLYGON (((8.68141456206081 50.5973979947748,8.68242388615025 50.5976218691019,8.68317340065097 50.5972182138783,8.6829135841836 50.5965906873705,8.68190427078434 50.5963668165594,8.68115476316242 50.5967704687402,8.68141456206081 50.5973979947748)))","202388","13988","28788","42776","245164"
"MULTIPOLYGON (((8.64007629161019 50.5505910467019,8.64108458470698 50.5508152722752,8.64183367057976 50.5504115714956,8.64157445645903 50.5497836481773,8.64056617401674 50.5495594261271,8.63981709504082 50.5499631238722,8.64007629161019 50.5505910467019)))","9880","5580","9480","15060","24940"
"MULTIPOLYGON (((8.7059469002723 50.588018816925,8.70695629951133 50.5882424977546,8.70770566969832 50.5878385874763,8.70744563378555 50.5872109994135,8.70643624524644 50.5869873220977,8.70568688192028 50.5873912293309,8.7059469002723 50.588018816925)))","710426","69426","138226","207652","918078"
"MULTIPOLYGON (((8.66016001783228 50.5681695089798,8.66116873722747 50.5683935660984,8.66191797600218 50.5679898482023,8.66165848849474 50.5673620762257,8.66064977976978 50.567138022627,8.65990054788215 50.567541737485,8.66016001783228 50.5681695089798)))","510113","24013","70513","94526","604639"
"MULTIPOLYGON (((8.71017900760014 50.5473378711387,8.71118785604791 50.5475615344999,8.71193678283716 50.5471572837151,8.71167685432881 50.5465293726125,8.71066801657075 50.5463057127671,8.70991909663145 50.5467099605087,8.71017900760014 50.5473378711387)))","9801","301","601","902","10703"
"MULTIPOLYGON (((8.68825031543081 50.6006236224299,8.68925974485131 50.6008474404492,8.69000928180023 50.6004437585062,8.6897493824538 50.5998162615878,8.68873996372796 50.5995924470835,8.68799043365399 50.5999961259827,8.68825031543081 50.6006236224299)))","829199","39299","75899","115198","944397"
"MULTIPOLYGON (((8.64477263218421 50.5442214657429,8.64578087388813 50.5444456561313,8.64652988329159 50.5440418718162,8.6462706440987 50.5434139001476,8.64526241304973 50.5431897132823,8.64451341053879 50.5435934945626,8.64477263218421 50.5442214657429)))","12685","0","285","285","12970"
"MULTIPOLYGON (((8.731934832044 50.5932043220769,8.73294452902631 50.5934277916312,8.73369390826111 50.5930237260617,8.73343358366913 50.5923961939868,8.73242389740176 50.5921727279432,8.73167452501158 50.5925767904639,8.731934832044 50.5932043220769)))","173016","34216","168216","202432","375448"
"MULTIPOLYGON (((8.66235670333035 50.6022871968919,8.66336593422385 50.6025112224755,8.66411553499395 50.6021077472231,8.6638558979783 50.6014802494276,8.66284667776659 50.6012562273617,8.66209708388886 50.6016596995736,8.66235670333035 50.6022871968919)))","66421","1521","1621","3142","69563"
"MULTIPOLYGON (((8.64255033930505 50.5876294542784,8.64355918804723 50.5878536450544,8.64430866653608 50.5874502069198,8.64404928938032 50.5868225810464,8.64304045130523 50.5865983937912,8.64229097971892 50.5870018288887,8.64255033930505 50.5876294542784)))","362226","15026","30526","45552","407778"
"MULTIPOLYGON (((8.66990556959927 50.582875149385,8.67091458502917 50.5830991221955,8.6716639641912 50.5826954429163,8.67140432103983 50.5820677938669,8.6703953162897 50.5818438245745,8.66964594401124 50.5822475008134,8.66990556959927 50.582875149385)))","1429547","285447","318347","603794","2033341"
"MULTIPOLYGON (((8.66650144115778 50.5724284341542,8.66751027653194 50.5726524385746,8.66825954973213 50.5722487054845,8.66799998067448 50.5716209710133,8.66699115597509 50.5713969701119,8.66624188965866 50.5718007001628,8.66650144115778 50.5724284341542)))","393530","53030","97530","150560","544090"
"MULTIPOLYGON (((8.68964736667112 50.5730045358642,8.69065640922168 50.5732283539421,8.69140564751572 50.5728244517782,8.69114583639074 50.5721967345785,8.6901368045271 50.571972920017,8.68938757310166 50.5723768191388,8.68964736667112 50.5730045358642)))","821026","61626","104726","166352","987378"
"MULTIPOLYGON (((8.66480644371073 50.5971321543183,8.66581562119593 50.5973561623132,8.66656516231166 50.5969526295365,8.66630551905257 50.5963250918056,8.66529635224881 50.5961010873285,8.66454681802282 50.5965046170647,8.66480644371073 50.5971321543183)))","74173","4873","5673","10546","84719"
"MULTIPOLYGON (((8.65670437867884 50.5930536229963,8.65771342756195 50.5932776977959,8.65846293925641 50.5928741947637,8.65820339517356 50.5922466199714,8.65719435696647 50.5920225486907,8.65644485216632 50.5924260486836,8.65670437867884 50.5930536229963)))","107087","3787","9487","13274","120361"
"MULTIPOLYGON (((8.71462328280818 50.6155841338957,8.71563315487887 50.615807733525,8.71638280529358 50.6154039676575,8.7161225767773 50.6147766052088,8.71511271541953 50.6145530090908,8.71436307186527 50.6149567719103,8.71462328280818 50.6155841338957)))","21870","1570","2670","4240","26110"
"MULTIPOLYGON (((8.64967021146353 50.593771049851,8.65067921018034 50.5939951809043,8.65142874199659 50.5935917360477,8.65116926819705 50.5929641631763,8.65016028015283 50.5927400356425,8.64941075523566 50.5931434774607,8.64967021146353 50.593771049851)))","202685","21885","39485","61370","264055"
"MULTIPOLYGON (((8.64759423056388 50.6086965727765,8.64860342704323 50.6089207144255,8.64935312270549 50.6085173985281,8.64909361498514 50.6078899440208,8.64808442918193 50.6076658058908,8.64733474042304 50.6080691187492,8.64759423056388 50.6086965727765)))","264869","12869","165969","178838","443707"
"MULTIPOLYGON (((8.71545235549335 50.5467960230587,8.71646124133919 50.5470196442227,8.71721015290598 50.546615349825,8.71695017178064 50.5459874373072,8.71594129662704 50.5457638196584,8.71519239190665 50.5461681110122,8.71545235549335 50.5467960230587)))","14443","943","1743","2686","17129"
"MULTIPOLYGON (((8.69845523412631 50.554432470167,8.69946408432171 50.5546562249476,8.70021310797931 50.5542521158244,8.6999532745825 50.5536242549628,8.6989444350729 50.5534005036988,8.69819541827443 50.5538046097799,8.69845523412631 50.554432470167)))","74869","5569","30369","35938","110807"
"MULTIPOLYGON (((8.64070638441044 50.5809495076234,8.64171512084429 50.5811737159243,8.64246453094055 50.5807702408812,8.64220519770061 50.5801425605738,8.64119647193083 50.5799183557942,8.64044706873704 50.5803218278008,8.64070638441044 50.5809495076234)))","29330","430","2330","2760","32090"
"MULTIPOLYGON (((8.65687885204184 50.6067695733831,8.65788810058122 50.6069936411757,8.65863775915344 50.6065902410388,8.65837816228951 50.6059627761497,8.65736892443045 50.6057387118752,8.65661927275509 50.6061421089719,8.65687885204184 50.6067695733831)))","4442","742","2342","3084","7526"
"MULTIPOLYGON (((8.72176559008127 50.6040603575779,8.7227753567922 50.6042839044975,8.72352487073 50.6038799975646,8.72326461110349 50.6032525467604,8.72225485510558 50.603029003352,8.72150534802126 50.6034329072367,8.72176559008127 50.6040603575779)))","1189","0","189","189","1378"
"MULTIPOLYGON (((8.6567313155272 50.5753893679169,8.65774010961565 50.5756134496751,8.65848943183306 50.5752098122916,8.65822995307137 50.574582096188,8.65722116965355 50.5743580179496,8.65647185432692 50.5747616522951,8.6567313155272 50.5753893679169)))","179292","43292","67492","110784","290076"
"MULTIPOLYGON (((8.71474082148466 50.58711738346,8.71575028313834 50.5873409939023,8.71649962793552 50.5869370108983,8.71623950422436 50.5863094204983,8.71523005327488 50.5860858135689,8.71448071533249 50.5864897935267,8.71474082148466 50.58711738346)))","297815","48315","82515","130830","428645"
"MULTIPOLYGON (((8.73828532891981 50.5974591092585,8.73929514179429 50.5976825259302,8.74004455524206 50.5972784451137,8.73978414897423 50.5966509506753,8.73877434681931 50.5964275375133,8.73802494021276 50.59683161528,8.73828532891981 50.5974591092585)))","31012","1812","3912","5724","36736"
"MULTIPOLYGON (((8.72277485332148 50.5489890893344,8.72378383355127 50.5492126507041,8.72453275549049 50.548808318097,8.72427269035801 50.5481804271651,8.72326372082492 50.5479568693096,8.72251480572773 50.5483611988719,8.72277485332148 50.5489890893344)))","1429514","7614","25914","33528","1463042"
"MULTIPOLYGON (((8.67676082476872 50.5684348289219,8.67776969068781 50.5686587524791,8.67851890290718 50.5682549121857,8.67825924233138 50.5676271513755,8.67725038709116 50.5674032313365,8.67650118174802 50.5678070685895,8.67676082476872 50.5684348289219)))","48248","2748","23048","25796","74044"
"MULTIPOLYGON (((8.71073394054608 50.5885095630946,8.71174338794188 50.5887332052064,8.71249275483504 50.5883292627921,8.71223266747479 50.5877016813119,8.71122323078153 50.5874780427134,8.7104738707461 50.5878819820819,8.71073394054608 50.5885095630946)))","1429502","111102","234202","345304","1774806"
"MULTIPOLYGON (((8.64523259232331 50.5608612989706,8.64624107788234 50.5610854789989,8.64699026469013 50.5606818175134,8.6467309590435 50.5600539790354,8.64572248414473 50.5598298025291,8.64497330423247 50.5602334609788,8.64523259232331 50.5608612989706)))","589111","19211","47311","66522","655633"
"MULTIPOLYGON (((8.68979112540326 50.6220472125611,8.69080087777572 50.6222710093429,8.69155064195172 50.6218674786496,8.69129064687725 50.6212401542199,8.6902809052068 50.6210163609517,8.68953114790894 50.6214198885997,8.68979112540326 50.6220472125611)))","14206","306","5206","5512","19718"
"MULTIPOLYGON (((8.6111440914032 50.5692429145495,8.61215240421649 50.5694673650562,8.6129017406808 50.5690640227641,8.61264275741232 50.5684362329974,8.61163445524422 50.568211786016,8.61088512569954 50.5686151252761,8.6111440914032 50.5692429145495)))","6555","455","1555","2010","8565"
"MULTIPOLYGON (((8.61555689169359 50.5599620562956,8.61656510870222 50.5601864750748,8.6173143379807 50.55978302924,8.61705534333577 50.5591551676581,8.61604713697182 50.5589307524042,8.61529791460822 50.559334195207,8.61555689169359 50.5599620562956)))","104735","8135","18235","26370","131105"
"MULTIPOLYGON (((8.69341871816828 50.6108866430608,8.69442834031487 50.6111104152728,8.69517797819728 50.6107067725794,8.69491798705966 50.610079360719,8.69390837561356 50.6098555920209,8.6931587446047 50.6102592316693,8.69341871816828 50.6108866430608)))","134898","0","1298","1298","136196"
"MULTIPOLYGON (((8.65355896283211 50.5433232102989,8.65456726717481 50.5435473304518,8.65531625147869 50.5431434734646,8.65505692455348 50.5425154993602,8.65404863087003 50.5422913827294,8.65329965345268 50.5426952366808,8.65355896283211 50.5433232102989)))","10734","1134","1434","2568","13302"
"MULTIPOLYGON (((8.68892077545374 50.613308281664,8.68993039397838 50.6135320890635,8.69068006587183 50.613128498476,8.69042011236377 50.6125011035337,8.68941050453805 50.6122772996484,8.68866083952158 50.6126808871913,8.68892077545374 50.613308281664)))","4134","0","134","134","4268"
"MULTIPOLYGON (((8.63390918295919 50.5600540667037,8.6349175594013 50.5602783380335,8.63566675748242 50.5598747553041,8.63540757221881 50.5592469042794,8.63439920643086 50.5590226364729,8.63365001525252 50.5594262161679,8.63390918295919 50.5600540667037)))","79303","4103","6803","10906","90209"
"MULTIPOLYGON (((8.70368368583533 50.6068935675106,8.70469333838541 50.6071172587786,8.70544291509094 50.6067135088329,8.70518283238049 50.6060860706654,8.70417319053495 50.6058623829104,8.7034236206954 50.60626612981,8.70368368583533 50.6068935675106)))","118799","5099","14599","19698","138497"
"MULTIPOLYGON (((8.66231997467699 50.5600968250216,8.66332859619245 50.5603208680363,8.66407774465383 50.5599170726741,8.66381826471578 50.5592892373352,8.6628096538692 50.5590651978407,8.66206051229189 50.559468990165,8.66231997467699 50.5600968250216)))","325781","87781","92181","179962","505743"
"MULTIPOLYGON (((8.69080733893894 50.5846626190907,8.69181655975689 50.5848864230845,8.69256592095656 50.5844826007493,8.6923060544683 50.5838549774635,8.69129684434144 50.5836311769853,8.69054749001189 50.5840349962774,8.69080733893894 50.5846626190907)))","1429502","20202","66802","87004","1516506"
"MULTIPOLYGON (((8.658235084892 50.6144780413214,8.65924445651671 50.6147020950463,8.65999419544693 50.6142987433213,8.65973455585503 50.6136713409123,8.65872519491367 50.6134472907049,8.65797546288098 50.6138506393891,8.658235084892 50.6144780413214)))","116251","6551","8951","15502","131753"
"MULTIPOLYGON (((8.7250119245802 50.5654503244193,8.72602116145887 50.5656738610894,8.72677025565643 50.5652696366463,8.72651010613174 50.5646418785795,8.72550087995596 50.5644183454224,8.72475179260214 50.5648225668192,8.7250119245802 50.5654503244193)))","2111","411","611","1022","3133"
"MULTIPOLYGON (((8.70663484461224 50.5830414238317,8.70764417786812 50.5832651011675,8.70839349345951 50.5828611479366,8.70813346893582 50.582233520415,8.7071241463787 50.5820098465932,8.70637483764663 50.5824137967791,8.70663484461224 50.5830414238317)))","916538","30538","142838","173376","1089914"
"MULTIPOLYGON (((8.69253014308458 50.6198057258961,8.69353988656608 50.6200295015684,8.69428962178901 50.6196259333143,8.69402960665466 50.6189985924333,8.69301987387591 50.6187748202744,8.69227014552888 50.6191783854831,8.69253014308458 50.6198057258961)))","1889","0","689","689","2578"
"MULTIPOLYGON (((8.67420137854751 50.5843986254367,8.67521045289789 50.5846225630857,8.67595984077884 50.5842188631822,8.67570014742847 50.5835912286707,8.67469108376052 50.5833672945392,8.67394170276062 50.5837709914017,8.67420137854751 50.5843986254367)))","1397329","75229","173929","249158","1646487"
"MULTIPOLYGON (((8.64840177973671 50.5929193358648,8.64941075523566 50.5931434774607,8.65016028015283 50.5927400356425,8.64990082267141 50.5921124552667,8.64889185784415 50.5918883171906,8.6481423398267 50.5922917559706,8.64840177973671 50.5929193358648)))","1429519","111719","318319","430038","1859557"
"MULTIPOLYGON (((8.7154969977337 50.6243232006274,8.71650700370411 50.6245467895891,8.71725674638498 50.6241430835941,8.71699647623398 50.6235157916862,8.71598648097961 50.6232922062352,8.71523674516033 50.6236959091815,8.7154969977337 50.6243232006274)))","1516","116","216","332","1848"
"MULTIPOLYGON (((8.72461683953736 50.5733442911454,8.72562618697232 50.5735678277663,8.72637536644979 50.5731636662051,8.72611519164686 50.5725359710696,8.72510585491698 50.5723124379613,8.72435668228507 50.5727165964759,8.72461683953736 50.5733442911454)))","11260","2160","22160","24320","35580"
"MULTIPOLYGON (((8.65911935017234 50.5456996375636,8.66012773658193 50.5459237120848,8.66087673651363 50.5455198314537,8.66061734315246 50.5448918793382,8.65960896740568 50.5446678083385,8.65885997435737 50.5450716859329,8.65911935017234 50.5456996375636)))","383","183","483","666","1049"
"MULTIPOLYGON (((8.67224242596544 50.5885237541558,8.6732515430462 50.5887477058748,8.67400097863968 50.5883440519807,8.67374129026943 50.5877164494088,8.67273218387137 50.5874925012074,8.67198275516101 50.5878961520605,8.67224242596544 50.5885237541558)))","1429576","80776","152076","232852","1662428"
"MULTIPOLYGON (((8.72657282209435 50.5692167615316,8.72758212670933 50.569440284102,8.72833125845617 50.5690360765569,8.72807107874466 50.568408349488,8.72706178483448 50.5681848304302,8.72631265993112 50.5685890349287,8.72657282209435 50.5692167615316)))","1410","810","1110","1920","3330"
"MULTIPOLYGON (((8.70164944906845 50.5864964144904,8.70265878944234 50.5867201305185,8.70340815097824 50.5863162408749,8.70314816527708 50.5856886382478,8.70213883560042 50.585464925734,8.70138948092783 50.585868812333,8.70164944906845 50.5864964144904)))","44636","6336","6836","13172","57808"
"MULTIPOLYGON (((8.71622037988936 50.5663533340523,8.7172295544429 50.5665769410906,8.71797867405794 50.566172789355,8.71771861226984 50.5655450336263,8.71670944841491 50.565321430102,8.71596033564961 50.5657255787924,8.71622037988936 50.5663533340523)))","3499","0","199","199","3698"
"MULTIPOLYGON (((8.7168025596463 50.5721834108089,8.71781182333855 50.5724070107826,8.71856100437435 50.5720028989421,8.71830091486753 50.5713751901736,8.71729166187602 50.5711515937135,8.71654248769068 50.5715557025084,8.7168025596463 50.5721834108089)))","100473","9773","19273","29046","129519"
"MULTIPOLYGON (((8.72196338850316 50.600115215164,8.7229730998874 50.6003387621236,8.723722571145 50.5999348237384,8.72346232416594 50.5993073414416,8.72245262349363 50.5990837979932,8.72170315908859 50.5994877333305,8.72196338850316 50.600115215164)))","11902","302","902","1204","13106"
"MULTIPOLYGON (((8.64114167321668 50.555390028639,8.64215004467003 50.5556142437322,8.64289918006815 50.5552105713859,8.6426399371159 50.5545826869813,8.64163157631903 50.5543584754109,8.64088244781805 50.5547621447223,8.64114167321668 50.555390028639)))","144217","3817","9817","13634","157851"
"MULTIPOLYGON (((8.65347574386445 50.5963260835212,8.65448481223462 50.596550182942,8.65523436474403 50.5961467289689,8.65497484198638 50.5955191786141,8.65396578429157 50.5952950827123,8.65321623867921 50.5956985336463,8.65347574386445 50.5963260835212)))","3485","185","385","570","4055"
"MULTIPOLYGON (((8.70337785437158 50.6216394917629,8.70438771752008 50.6218631793839,8.70513745307032 50.6214595437874,8.70487731860307 50.620832223617,8.70386746616348 50.6206085395082,8.70311773748234 50.6210121720577,8.70337785437158 50.6216394917629)))","9517","1717","4317","6034","15551"
"MULTIPOLYGON (((8.66985833629366 50.6181969175184,8.67086786166584 50.6184208762389,8.6716176199357 50.6180174656594,8.67135784594291 50.6173900994019,8.67034833126128 50.6171661441973,8.66959857988199 50.6175695517344,8.66985833629366 50.6181969175184)))","30497","5597","11097","16694","47191"
"MULTIPOLYGON (((8.63768024663775 50.5802768335406,8.63868894730676 50.5805010664313,8.63943835551672 50.5800976089655,8.63917905615351 50.5794699216452,8.63817036614681 50.5792456922762,8.63742096484114 50.579649146706,8.63768024663775 50.5802768335406)))","17596","296","3996","4292","21888"
"MULTIPOLYGON (((8.65895289494082 50.5918431054347,8.6599619456841 50.592067162651,8.66071144041697 50.5916636335706,8.66045187751413 50.5910360503133,8.65944283744765 50.5908119966157,8.65869334960734 50.5912155226567,8.65895289494082 50.5918431054347)))","586889","40989","126589","167578","754467"
"MULTIPOLYGON (((8.701573416287 50.5619663921727,8.70258240191538 50.5621901188205,8.70333150070089 50.5617860435127,8.70307160699962 50.5611582446001,8.70206263206094 50.5609345214681,8.701313540134 50.561338593733,8.701573416287 50.5619663921727)))","77164","0","364","364","77528"
"MULTIPOLYGON (((8.7174780330688 50.584873821608,8.71848748578992 50.5850974109461,8.71923680163263 50.5846933903998,8.71897665790181 50.5840657835618,8.71796721588559 50.5838421977364,8.71721790689546 50.5842462152364,8.7174780330688 50.584873821608)))","2575","375","975","1350","3925"
"MULTIPOLYGON (((8.72423154373698 50.5635670361219,8.72524074675025 50.5637905798401,8.72598982217415 50.5633863469481,8.72572968774102 50.5627585733838,8.72472049542965 50.5625350331789,8.72397142684964 50.562939263025,8.72423154373698 50.5635670361219)))","1058","0","158","158","1216"
"MULTIPOLYGON (((8.71435685106272 50.5773422040742,8.71536616825941 50.5775658216155,8.71611540895521 50.5771617672614,8.71585532560132 50.5765340984117,8.71484601910567 50.5763104843839,8.71409678526301 50.5767145356924,8.71435685106272 50.5773422040742)))","4238","338","1038","1376","5614"
"MULTIPOLYGON (((8.69597500714313 50.5949276479016,8.69698442059845 50.5951514061205,8.69773388267775 50.5947476230278,8.69747392443312 50.5941200847607,8.69646452167473 50.5938963300564,8.69571506646415 50.5943001101047,8.69597500714313 50.5949276479016)))","11693","493","1093","1586","13279"
"MULTIPOLYGON (((8.6575702956087 50.6017944497545,8.65857947820778 50.602018514024,8.65932908215919 50.6016150709035,8.65906949661616 50.6009875665534,8.65806032469625 50.6007635058021,8.65731072764028 50.6011669458827,8.6575702956087 50.6017944497545)))","6463","763","1663","2426","8889"
"MULTIPOLYGON (((8.64289918006815 50.5552105713859,8.64390756406045 50.5554347724305,8.64465669444301 50.5550310855478,8.64439743393749 50.5544032006558,8.64338906060257 50.5541790031339,8.6426399371159 50.5545826869813,8.64289918006815 50.5552105713859)))","725991","991","15291","16282","742273"
"MULTIPOLYGON (((8.71872508858637 50.6210499968877,8.71973507489644 50.6212735612275,8.72048477664252 50.6208698061712,8.72022448521985 50.620242489824,8.71921450962648 50.6200189289947,8.7184648147392 50.6204226810022,8.71872508858637 50.6210499968877)))","174","0","474","474","648"
"MULTIPOLYGON (((8.68582146627742 50.588116689227,8.68683069415785 50.5883405319104,8.68758010126859 50.5879367731665,8.68732027362493 50.5873091747819,8.68631105643408 50.5870853356146,8.68556165619743 50.5874890913159,8.68582146627742 50.588116689227)))","117385","13085","19385","32470","149855"
"MULTIPOLYGON (((8.62263500748152 50.5837715843538,8.62364362898653 50.5839959367177,8.62439310110838 50.5835926185893,8.62413394481043 50.5829649511314,8.62312533396102 50.5827406022906,8.62237586875408 50.5831439173847,8.62263500748152 50.5837715843538)))","20248","248","3648","3896","24144"
"MULTIPOLYGON (((8.73251859505845 50.5990324371106,8.73352838126548 50.5992558995553,8.73427782195909 50.5988518738817,8.73401746960039 50.5982243888127,8.7330076941104 50.5980009298782,8.73225826026217 50.5984049525026,8.73251859505845 50.5990324371106)))","2292","592","1892","2484","4776"
"MULTIPOLYGON (((8.67836518953951 50.6143863796139,8.67937473295151 50.6146102714824,8.68012443520002 50.6142067681887,8.67986458715248 50.6135793760699,8.67885505443423 50.6133554877167,8.67810535906992 50.6137589879671,8.67836518953951 50.6143863796139)))","13916","916","29116","30032","43948"
"MULTIPOLYGON (((8.65647598184508 50.6146573107023,8.65748534092476 50.6148813784983,8.658235084892 50.6144780413214,8.65797546288098 50.6138506393891,8.65696611448381 50.6136265751107,8.65621637741528 50.6140299092471,8.65647598184508 50.6146573107023)))","28695","1495","5495","6990","35685"
"MULTIPOLYGON (((8.69470567620557 50.594076341325,8.69571506646415 50.5943001101047,8.69646452167473 50.5938963300564,8.69620457975745 50.5932687842725,8.69519520019486 50.5930450190075,8.69444575185365 50.5934487960117,8.69470567620557 50.594076341325)))","13733","1633","6333","7966","21699"
"MULTIPOLYGON (((8.62961667380346 50.5585290396123,8.63062499128834 50.5587533460359,8.63137418056946 50.5583497839114,8.63111504546049 50.5577219183969,8.63010673862708 50.5574976154971,8.62935755625128 50.557901174588,8.62961667380346 50.5585290396123)))","12212","2112","6412","8524","20736"
"MULTIPOLYGON (((8.6273003623484 50.5950687074523,8.62830918716401 50.5952930177606,8.62905877229188 50.5948897504626,8.62879952569015 50.5942621758921,8.62779071153597 50.5940378691058,8.62704113332219 50.5944411333681,8.6273003623484 50.5950687074523)))","32567","3667","3767","7434","40001"
"MULTIPOLYGON (((8.66058816239382 50.5426040914624,8.66159651681511 50.5428281554194,8.66234548101309 50.5424242402937,8.66208608390814 50.5417962642478,8.66107774014946 50.5415722038122,8.66032878283325 50.5419761159013,8.66058816239382 50.5426040914624)))","1429585","30885","96985","127870","1557455"
"MULTIPOLYGON (((8.71804903436671 50.6083658509102,8.71905883144857 50.6085894259605,8.7198083982493 50.6081855795799,8.7195481611115 50.6075581611971,8.71853837474207 50.6073345896581,8.71778881479809 50.6077384329907,8.71804903436671 50.6083658509102)))","17996","2896","3696","6592","24588"
"MULTIPOLYGON (((8.72384635644974 50.5537884763561,8.72485541508252 50.5540120271561,8.72560438648167 50.5536077229396,8.72534429240593 50.5529798709684,8.72433524447188 50.5527563236823,8.72358627991497 50.5531606248535,8.72384635644974 50.5537884763561)))","10960","960","2660","3620","14580"
"MULTIPOLYGON (((8.70450851354512 50.555774875786,8.70551743503615 50.5559985813389,8.70626646227612 50.5555944370529,8.70600656116976 50.5549665902572,8.70499765036806 50.5547428882201,8.7042486299835 50.5551470294631,8.70450851354512 50.555774875786)))","693","0","693","693","1386"
"MULTIPOLYGON (((8.72764491747375 50.574014876366,8.72865430053939 50.5742383883442,8.72940348177186 50.5738342091929,8.72914327309515 50.5732065211105,8.72813390073636 50.5729830126445,8.72738472634757 50.5733871887488,8.72764491747375 50.574014876366)))","299541","14441","82341","96782","396323"
"MULTIPOLYGON (((8.68344298771527 50.6177913751116,8.68445262399897 50.6180152247274,8.68520235377749 50.6176117092582,8.68494244039101 50.6169843472176,8.68393281480478 50.6167605011164,8.68318309190772 50.6171640135413,8.68344298771527 50.6177913751116)))","15281","281","681","962","16243"
"MULTIPOLYGON (((8.64730763095411 50.5459257558916,8.64831591903248 50.5461499252324,8.64906494221895 50.5457461348473,8.64880567043603 50.5451181781565,8.64779739301447 50.5448940123383,8.64704837671917 50.5452977996883,8.64730763095411 50.5459257558916)))","101784","8784","10984","19768","121552"
"MULTIPOLYGON (((8.66848418023359 50.5506315916338,8.66949271824345 50.5508555889121,8.67024175442475 50.5504516755203,8.6699822457182 50.5498237678884,8.66897371837748 50.5495997741303,8.66822468907433 50.5500036844839,8.66848418023359 50.5506315916338)))","5178","778","2578","3356","8534"
"MULTIPOLYGON (((8.63558166169766 50.5530130339851,8.63658995101822 50.5532372946979,8.63733907073348 50.5528336459914,8.63707989422794 50.5522057396062,8.63607161556029 50.5519814824169,8.63532250274535 50.5523851280893,8.63558166169766 50.5530130339851)))","448423","1623","5223","6846","455269"
"MULTIPOLYGON (((8.70301055385628 50.5942073766729,8.70402001729628 50.5944310785852,8.70476945909644 50.5940272373085,8.70450943059273 50.5933996971647,8.70349997785302 50.5931759987661,8.70275054291684 50.5935798369976,8.70301055385628 50.5942073766729)))","272479","8979","17979","26958","299437"
"MULTIPOLYGON (((8.69136928907142 50.6081531766459,8.69237885410221 50.6083769664743,8.69312846629778 50.6079733183671,8.6928685065883 50.6073458834761,8.69185895225608 50.607122097162,8.69110934693488 50.6075257422246,8.69136928907142 50.6081531766459)))","63665","1365","12765","14130","77795"
"MULTIPOLYGON (((8.63620980905109 50.5833701404061,8.63721854170735 50.5835943838618,8.63796798567677 50.5831909609107,8.63770869008415 50.5825632975399,8.63669996809035 50.5823390576059,8.63595053102683 50.582742477521,8.63620980905109 50.5833701404061)))","138644","2144","9244","11388","150032"
"MULTIPOLYGON (((8.6465003822755 50.5617133094973,8.64750889103258 50.561937478996,8.64825808473521 50.5615338144745,8.64799876278605 50.5609059834904,8.64699026469013 50.5606818175134,8.64624107788234 50.5610854789989,8.6465003822755 50.5617133094973)))","1047836","22336","95736","118072","1165908"
"MULTIPOLYGON (((8.61200380351482 50.5779858391786,8.61301224987591 50.5782102792723,8.6137616785735 50.5778069969192,8.61350265398928 50.577179277505,8.61249421827651 50.5769548409359,8.61174479649971 50.5773581202564,8.61200380351482 50.5779858391786)))","494","0","894","894","1388"
"MULTIPOLYGON (((8.67929791477251 50.5701381636441,8.68030682706797 50.5703620661114,8.68105605303773 50.5699582197369,8.68079635983727 50.5693304739359,8.67978745822251 50.5691065749864,8.67903823912762 50.5695104183202,8.67929791477251 50.5701381636441)))","143492","12992","61192","74184","217676"
"MULTIPOLYGON (((8.72158886850048 50.5726736320016,8.72259818030101 50.5728971932628,8.72334735801897 50.572493049291,8.72308721708905 50.5718653471043,8.72207791599182 50.5716417893562,8.72132874512133 50.5720459302817,8.72158886850048 50.5726736320016)))","147557","47257","69457","116714","264271"
"MULTIPOLYGON (((8.64266665544007 50.5768247833837,8.64367534921803 50.5770489775992,8.64442471163551 50.5766454565397,8.64416537337484 50.5760177443012,8.6431566902607 50.5757935536071,8.64240733474356 50.5761970716302,8.64266665544007 50.5768247833837)))","5519","419","819","1238","6757"
"MULTIPOLYGON (((8.70773376543768 50.5524983708944,8.70874266733479 50.5527220518339,8.70949165373556 50.5523178585228,8.70923173138674 50.5516899873153,8.70822284017961 50.5514663098914,8.70747386063146 50.5518705001594,8.70773376543768 50.5524983708944)))","16002","4102","9802","13904","29906"
"MULTIPOLYGON (((8.67829730706185 50.5898673413769,8.67930649558447 50.5900912438569,8.6800559348428 50.5896875547919,8.67979617869925 50.5890599662888,8.67878700086285 50.5888360673255,8.67803756848391 50.5892397533487,8.67829730706185 50.5898673413769)))","1429511","149011","318311","467322","1896833"
"MULTIPOLYGON (((8.71122323078153 50.5874780427134,8.71223266747479 50.5877016813119,8.71298202243226 50.5872977273982,8.71272193383944 50.5866701379319,8.71171250784869 50.5864465028467,8.7109631597484 50.5868504537145,8.71122323078153 50.5874780427134)))","1409442","109442","164342","273784","1683226"
"MULTIPOLYGON (((8.70831509607199 50.5583294547148,8.709324087063 50.5585531286134,8.71007313486514 50.5581489751971,8.70981318482298 50.5575211509261,8.70880420452406 50.5572974805428,8.70805516357531 50.5577016309154,8.70831509607199 50.5583294547148)))","1539","139","639","778","2317"
"MULTIPOLYGON (((8.68246329398444 50.6198530646124,8.68347295166314 50.6200769212572,8.68422270532373 50.6196734287993,8.68396279442313 50.6190460827407,8.68295314744197 50.6188222296104,8.68220340066398 50.6192257190242,8.68246329398444 50.6198530646124)))","14022","922","2422","3344","17366"
"MULTIPOLYGON (((8.72970365476205 50.5590773804641,8.73071283987891 50.5593008819821,8.73146185740836 50.5588965740298,8.73120168298164 50.558268767606,8.73019250856813 50.5580452696009,8.72944349787809 50.5584495745068,8.72970365476205 50.5590773804641)))","257","0","157","157","414"
"MULTIPOLYGON (((8.70376050943444 50.6314084626156,8.70477051719914 50.6316321430922,8.70552035699042 50.631228578887,8.70526018214634 50.6306013372528,8.70425018509373 50.6303776602878,8.70350035217323 50.6307812214454,8.70376050943444 50.6314084626156)))","1483","183","783","966","2449"
"MULTIPOLYGON (((8.67867622871028 50.5996400149738,8.67968556166244 50.5998639104054,8.68043510508416 50.5994602927344,8.68017530867275 50.5988327826743,8.67916598640996 50.5986088907589,8.67841644986934 50.5990125053874,8.67867622871028 50.5996400149738)))","342094","4594","5894","10488","352582"
"MULTIPOLYGON (((8.70552035699042 50.631228578887,8.70653037725936 50.6314522452742,8.70728021197112 50.6310486665159,8.70702001954452 50.6304214244182,8.70601000998856 50.6301977615423,8.70526018214634 50.6306013372528,8.70552035699042 50.631228578887)))","94986","9086","13086","22172","117158"
"MULTIPOLYGON (((8.65762372503725 50.5664658126431,8.65863239804059 50.5666898908354,8.65938162304047 50.5662861790153,8.65912216814863 50.5656583920407,8.65811350581367 50.5654343173687,8.65736428770223 50.565838026151,8.65762372503725 50.5664658126431)))","482980","3880","7780","11660","494640"
"MULTIPOLYGON (((8.68796032976134 50.5977099182752,8.68896971459023 50.5979337398241,8.68971922079424 50.5975300379195,8.68945933529491 50.5969025175097,8.68844996115959 50.596678699476,8.68770046183016 50.5970823983371,8.68796032976134 50.5977099182752)))","1429518","51118","142518","193636","1623154"
"MULTIPOLYGON (((8.64157007576925 50.5896915167834,8.64257894584571 50.5899157146008,8.64332844818076 50.5895122994768,8.64306907353583 50.5888846895726,8.64206021412655 50.5886604952759,8.64131071869513 50.5890639073628,8.64157007576925 50.5896915167834)))","1429585","2685","70685","73370","1502955"
"MULTIPOLYGON (((8.65924160164327 50.5947568881561,8.66025069695439 50.5949809418632,8.66100022243538 50.5945774327519,8.66074064571243 50.5939498729732,8.65973156107917 50.5937258227846,8.65898204249111 50.5941293288562,8.65924160164327 50.5947568881561)))","1429596","57096","234596","291692","1721288"
"MULTIPOLYGON (((8.69479665463094 50.6009352109249,8.69580614477302 50.6011589761535,8.69655567340256 50.6007552475258,8.69629570501946 50.6001277567141,8.69528622557551 50.5999039949997,8.69453670381666 50.6003077205829,8.69479665463094 50.6009352109249)))","1402347","30447","65247","95694","1498041"
"MULTIPOLYGON (((8.68768948358254 50.5771308044266,8.68869856888144 50.5773546365704,8.68944785488397 50.5769507804049,8.68918804871704 50.576323095138,8.68817897410531 50.5760992665106,8.68742969497349 50.5765031196339,8.68768948358254 50.5771308044266)))","26615","2815","11415","14230","40845"
"MULTIPOLYGON (((8.66082496662387 50.5808590249551,8.66183387487004 50.5810830715894,8.66258324849124 50.5806794450562,8.66232370697722 50.5800517749278,8.66131480940549 50.5798277318126,8.66056544267345 50.5802313553068,8.66082496662387 50.5808590249551)))","847429","107629","264529","372158","1219587"
"MULTIPOLYGON (((8.72470098264797 50.5978719398865,8.72571068508168 50.5980954657391,8.72646012736529 50.5976914898068,8.72619986036494 50.5970639910702,8.72519016864385 50.5968404687288,8.72444073321058 50.5972444416129,8.72470098264797 50.5978719398865)))","1540","1640","7040","8680","10220"
"MULTIPOLYGON (((8.69602603156529 50.5419177056007,8.69703468046873 50.5421414849679,8.69778357447817 50.5417372990892,8.69752381272599 50.5411093368843,8.69651517450326 50.5408855610347,8.69576628735211 50.5412897438724,8.69602603156529 50.5419177056007)))","1625","0","125","125","1750"
"MULTIPOLYGON (((8.61907179183907 50.5596039736054,8.62008003397755 50.5598283642983,8.62082925326547 50.5594248893914,8.62057022350248 50.558797026824,8.61956199201036 50.558572639656,8.61881277963496 50.5589761115306,8.61907179183907 50.5596039736054)))","9236","136","836","972","10208"
"MULTIPOLYGON (((8.68444257004833 50.5980695931263,8.6854519298562 50.5982934428231,8.68620144617827 50.5978897700107,8.68594159581561 50.5972622505446,8.68493224669966 50.5970384043634,8.68418273725457 50.5974420741327,8.68444257004833 50.5980695931263)))","634332","51932","251732","303664","937996"
"MULTIPOLYGON (((8.70957045771761 50.5768516681484,8.71057972678182 50.5770753243999,8.7113289707789 50.5766713021776,8.71106893885572 50.5760436267488,8.71005968048993 50.5758199740113,8.70931044334904 50.5762239931887,8.70957045771761 50.5768516681484)))","687447","212747","309747","522494","1209941"
"MULTIPOLYGON (((8.66030908193454 50.5995531334585,8.66131825571301 50.5997771766244,8.66206783076735 50.5993736959476,8.66180822515015 50.5987461751452,8.66079906205158 50.5985221354974,8.66004949389042 50.5989256131341,8.66030908193454 50.5995531334585)))","1298838","49838","147838","197676","1496514"
"MULTIPOLYGON (((8.66857251675983 50.557494118237,8.66958115448618 50.5577181120432,8.67033026400555 50.5573142500681,8.67007072891922 50.5566863973254,8.66906210186417 50.5564624070389,8.66831299922425 50.5568662659755,8.66857251675983 50.557494118237)))","5651","2951","3551","6502","12153"
"MULTIPOLYGON (((8.63607161556029 50.5519814824169,8.63707989422794 50.5522057396062,8.63782900203361 50.5518020793983,8.63756982427191 50.5511741650353,8.63656155625707 50.5509499113696,8.63581245535121 50.5513535685433,8.63607161556029 50.5519814824169)))","64448","2848","4148","6996","71444"
"MULTIPOLYGON (((8.63174627611768 50.5681256159908,8.63275475034998 50.5683499014573,8.63350403872608 50.5679463962146,8.63324484596417 50.5673186085399,8.63223638238741 50.5670943265965,8.63148710091713 50.5674978288047,8.63174627611768 50.5681256159908)))","2318","118","318","436","2754"
"MULTIPOLYGON (((8.71242576919658 50.5461251103335,8.71343461942162 50.5463487561138,8.71418352921642 50.5459444792974,8.71392358193799 50.5453165597442,8.71291474240342 50.5450929174794,8.71216583945692 50.5454971912524,8.71242576919658 50.5461251103335)))","6315","215","1015","1230","7545"
"MULTIPOLYGON (((8.71053555275709 50.5924552095083,8.71154505544918 50.5926788515942,8.7122944650095 50.5922749406329,8.71203436501924 50.5916473906317,8.71102487303084 50.5914237520588,8.71027547032914 50.5918276599742,8.71053555275709 50.5924552095083)))","84683","1983","3583","5566","90249"
"MULTIPOLYGON (((8.70976885468168 50.5729051721129,8.71077806847534 50.5731288283812,8.7115272698242 50.5727247747104,8.71126725052423 50.5720970678162,8.71025804742787 50.5718734150622,8.70950885293431 50.5722774656882,8.70976885468168 50.5729051721129)))","170069","20869","45069","65938","236007"
"MULTIPOLYGON (((8.64745086635686 50.5773179724281,8.64845960843117 50.5775421279962,8.6492089677047 50.5771385748188,8.64894957800672 50.5765108691105,8.64794084659882 50.5762867170632,8.64719149422257 50.5766902672035,8.64745086635686 50.5773179724281)))","12012","3512","4512","8024","20036"
"MULTIPOLYGON (((8.63678520986926 50.5891980206687,8.63779403161781 50.5894222571401,8.6385435370841 50.5890188741382,8.63828421389527 50.5883912577013,8.63727540281126 50.5881670247512,8.63652590425164 50.5885704047167,8.63678520986926 50.5891980206687)))","38524","1124","2024","3148","41672"
"MULTIPOLYGON (((8.67591491144366 50.5420164051894,8.67692338910694 50.5422403461998,8.67767231989466 50.5418363117569,8.67741276614767 50.5412083393422,8.67640429915477 50.5409844018516,8.6756553752386 50.541388433256,8.67591491144366 50.5420164051894)))","302","0","402","402","704"
"MULTIPOLYGON (((8.70464785075093 50.6224904915621,8.7056577371104 50.6227141686088,8.70640747952905 50.6223105299652,8.70614732871992 50.6216832173222,8.70513745307032 50.6214595437874,8.70438771752008 50.6218631793839,8.70464785075093 50.6224904915621)))","14986","3486","5586","9072","24058"
"MULTIPOLYGON (((8.692620940307 50.6266621157916,8.69363078374206 50.6268858878895,8.69438059243893 50.6264823710702,8.69412055082366 50.6258550851991,8.6931107180935 50.6256313166143,8.69236091627382 50.6260348303876,8.692620940307 50.6266621157916)))","2987","387","487","874","3861"
"MULTIPOLYGON (((8.71550908698891 50.6066638257225,8.71651883768035 50.6068874219206,8.71726839076687 50.6064835816357,8.71700818630394 50.6058561482005,8.71599844632312 50.605632555514,8.71524890009473 50.6060363927513,8.71550908698891 50.6066638257225)))","183526","12726","20026","32752","216278"
"MULTIPOLYGON (((8.69669736769469 50.5546127959075,8.69770620540634 50.5548365647518,8.69845523412631 50.554432470167,8.69819541827443 50.5538046097799,8.69718659124771 50.5535808444523,8.69643756938808 50.5539849359952,8.69669736769469 50.5546127959075)))","30166","3566","15866","19432","49598"
"MULTIPOLYGON (((8.70139024245597 50.5482403792303,8.70239902853755 50.5484641129113,8.70314798066846 50.548059934814,8.70288813986198 50.5474320260779,8.70187936446587 50.5472082959135,8.70113041919091 50.5476124709687,8.70139024245597 50.5482403792303)))","74296","6896","34796","41692","115988"
"MULTIPOLYGON (((8.71472854141022 50.6047815112945,8.71573825819669 50.6050051145534,8.71648779248285 50.604601265815,8.71622760312441 50.603973816865,8.71521789704755 50.603750217118,8.71446836961965 50.6041540628091,8.71472854141022 50.6047815112945)))","24138","938","4138","5076","29214"
"MULTIPOLYGON (((8.61976531990155 50.5546262398174,8.62077349624903 50.554850626928,8.62152266099302 50.5544471090402,8.62126364247857 50.5538192070741,8.62025547677631 50.5535948234888,8.61950631894337 50.5539983383443,8.61976531990155 50.5546262398174)))","935760","1360","8760","10120","945880"
"MULTIPOLYGON (((8.71280929433644 50.5559044392085,8.71381828888535 50.5561280779405,8.71456730268994 50.5557238724545,8.71430731509581 50.5550960312805,8.71329833124057 50.5548723960634,8.71254932428591 50.5552765985054,8.71280929433644 50.5559044392085)))","2782","182","482","664","3446"
"MULTIPOLYGON (((8.70909492372225 50.5602128951336,8.71010394857291 50.5604365619942,8.71085301515349 50.5600324170301,8.71059305003025 50.5594046082493,8.70958403587263 50.5591809449038,8.70883497614533 50.559585086824,8.70909492372225 50.5602128951336)))","795","0","195","195","990"
"MULTIPOLYGON (((8.61682410208392 50.5608143286779,8.61783234230394 50.5610387369394,8.61858157849661 50.5606352880724,8.61832256755516 50.5600074339763,8.6173143379807 50.55978302924,8.61656510870222 50.5601864750748,8.61682410208392 50.5608143286779)))","111951","7351","10751","18102","130053"
"MULTIPOLYGON (((8.69682923627456 50.621328105113,8.69783903869504 50.6215518455617,8.69858878259708 50.6211482566651,8.69832871720536 50.6205209303659,8.69731892549031 50.62029719343,8.69656918846164 50.6207007792805,8.69682923627456 50.621328105113)))","352","0","152","152","504"
"MULTIPOLYGON (((8.68691013283203 50.5752477345562,8.68791918425582 50.5754715737345,8.68866845146068 50.5750677091113,8.688408660371 50.5744400083519,8.68739961963342 50.5742161726903,8.6866503592994 50.5746200342714,8.68691013283203 50.5752477345562)))","1151385","22285","74485","96770","1248155"
"MULTIPOLYGON (((8.64370240582796 50.5992842200492,8.64471143280625 50.5995083968266,8.64546103430646 50.5991050385879,8.64520160192444 50.5984775066097,8.64419258561738 50.5982533333523,8.64344299102123 50.598656688553,8.64370240582796 50.5992842200492)))","7646","446","846","1292","8938"
"MULTIPOLYGON (((8.697717301993 50.6124090794316,8.69872698306182 50.6126328164284,8.69947662961916 50.612229153095,8.6992165882368 50.6116017558106,8.69820691787115 50.6113780223271,8.69745727818482 50.6117816826148,8.697717301993 50.6124090794316)))","38021","1721","7221","8942","46963"
"MULTIPOLYGON (((8.70447878633227 50.5911131844901,8.70548821767151 50.5913368758612,8.70623762366387 50.5909330000828,8.70597759145478 50.5903054359788,8.70496817081564 50.5900817481215,8.70421877168563 50.5904856208547,8.70447878633227 50.5911131844901)))","541158","3858","171858","175716","716874"
"MULTIPOLYGON (((8.70134328074076 50.6012464420788,8.70235283158242 50.6014701545084,8.70310235187157 50.601066379194,8.70284231445273 50.6004388944956,8.70183277431272 50.6002151855795,8.70108326088999 50.6006189578484,8.70134328074076 50.6012464420788)))","341884","1984","7284","9268","351152"
"MULTIPOLYGON (((8.69633953387564 50.6223589972992,8.69734934700161 50.6225827412608,8.69809910284823 50.622179163869,8.69783903869504 50.6215518455617,8.69682923627456 50.621328105113,8.69607948730186 50.6217316794587,8.69633953387564 50.6223589972992)))","2474","174","1874","2048","4522"
"MULTIPOLYGON (((8.6699940870772 50.5897346461599,8.67100320231795 50.5899586154635,8.67175265488513 50.5895549876162,8.67149298532678 50.5889273935061,8.67048388076791 50.5887034277202,8.66973443508559 50.5891070525268,8.6699940870772 50.5897346461599)))","1429523","43523","310123","353646","1783169"
"MULTIPOLYGON (((8.73105937348243 50.5844612949172,8.73206893665674 50.584684775124,8.73281822372192 50.5842806497141,8.73255794076945 50.5836530471458,8.73154838830695 50.5834295704503,8.73079910808524 50.583833692812,8.73105937348243 50.5844612949172)))","182404","41404","76004","117408","299812"
"MULTIPOLYGON (((8.65791226946219 50.569380593009,8.65892098700029 50.5696046677052,8.65967024272631 50.56920097585,8.65941077402557 50.5685732123365,8.65840206715692 50.5683491411604,8.65765281831971 50.5687528299778,8.65791226946219 50.569380593009)))","1429539","90939","126539","217478","1647017"
"MULTIPOLYGON (((8.70508959252877 50.5616056662452,8.70609860311847 50.5618293647578,8.70684769176739 50.56142526037,8.70658776297061 50.560797460513,8.70557876307235 50.5605737655159,8.70482968127957 50.5609778668603,8.70508959252877 50.5616056662452)))","1592","192","292","484","2076"
"MULTIPOLYGON (((8.65148526699537 50.5582596663297,8.65249376883397 50.5584837971595,8.65324291674857 50.5580800690597,8.65298355593384 50.5574522131666,8.65197506475796 50.5572280858583,8.65122592373423 50.5576318109217,8.65148526699537 50.5582596663297)))","604208","1508","25008","26516","630724"
"MULTIPOLYGON (((8.62552745507405 50.5530573003405,8.62653565844762 50.5532816417978,8.62728479628717 50.5528780688018,8.62702572384628 50.5522501573814,8.62601753112039 50.5520258194488,8.6252684001878 50.552429389412,8.62552745507405 50.5530573003405)))","114796","1896","4596","6492","121288"
"MULTIPOLYGON (((8.67805089267768 50.5516154228626,8.67905952707065 50.5518393428439,8.67980855683616 50.5514353652272,8.67954894533679 50.5508074706686,8.67854032161824 50.5505835542063,8.67779129872476 50.5509875287836,8.67805089267768 50.5516154228626)))","52465","1565","5965","7530","59995"
"MULTIPOLYGON (((8.7116068121555 50.5972517882,8.71261639334076 50.5974754196903,8.71336585243195 50.5970715371368,8.71310572347919 50.5964440261395,8.71209615299962 50.5962203981618,8.71134670076727 50.5966242776689,8.7116068121555 50.5972517882)))","598406","212306","234306","446612","1045018"
"MULTIPOLYGON (((8.67740714012522 50.5987885993999,8.67841644986934 50.5990125053874,8.67916598640996 50.5986088907589,8.67890620632484 50.5979813731852,8.67789690726922 50.597757470714,8.67714737761035 50.5981610823003,8.67740714012522 50.5987885993999)))","863879","5879","22879","28758","892637"
"MULTIPOLYGON (((8.68079352040296 50.6268888330202,8.68180326549351 50.6271127001854,8.68255309769143 50.6267092737205,8.68229317791391 50.6260819831349,8.68128344352222 50.6258581194841,8.68053361820935 50.6262615429046,8.68079352040296 50.6268888330202)))","55317","1317","4917","6234","61551"
"MULTIPOLYGON (((8.74317491542618 50.5871425149585,8.74418462110817 50.5873658965328,8.74493391512957 50.5869617007431,8.7446734966331 50.5863341264291,8.74366380166995 50.5861107483646,8.74291451448456 50.5865149411044,8.74317491542618 50.5871425149585)))","3876","0","376","376","4252"
"MULTIPOLYGON (((8.65457030534916 50.5834600307226,8.65557919734258 50.5836841265795,8.65632860990928 50.5832805666785,8.65606912358887 50.5826529139591,8.65506024226745 50.5824288216219,8.65431083659453 50.5828323784845,8.65457030534916 50.5834600307226)))","2348","748","1448","2196","4544"
"MULTIPOLYGON (((8.66253231518404 50.6160015943502,8.66354174580519 50.6162256128931,8.66429149348751 50.6158222405374,8.66403180365386 50.6151948526805,8.66302238371879 50.6149708376545,8.66227264293144 50.6153742069687,8.66253231518404 50.6160015943502)))","4354","554","2454","3008","7362"
"MULTIPOLYGON (((8.66636430336091 50.6008972693638,8.66737354863869 50.6011212632917,8.66812312739496 50.6007177474425,8.66786345398414 50.6000902407064,8.66685421938977 50.5998662502958,8.66610464752296 50.600269763104,8.66636430336091 50.6008972693638)))","17867","467","2667","3134","21001"
"MULTIPOLYGON (((8.68622093300539 50.5802253012712,8.68723005036621 50.5804491439643,8.68797937215285 50.5800453222995,8.68771956970649 50.5794176609839,8.68671046303307 50.5791938218072,8.68596114811871 50.5795976404299,8.68622093300539 50.5802253012712)))","180043","2343","19543","21886","201929"
"MULTIPOLYGON (((8.6307995013647 50.5525195199875,8.63180774239342 50.5527438193127,8.63255686522257 50.552340202711,8.63229774011977 50.5517122898175,8.63128950974129 50.5514879940164,8.63054039381551 50.5518916075847,8.6307995013647 50.5525195199875)))","2872","0","172","172","3044"
"MULTIPOLYGON (((8.72453275549049 50.548808318097,8.72554174817619 50.5490318653974,8.72629066503184 50.5486275182519,8.72603058236101 50.547999626851,8.72502160037281 50.5477760830646,8.72427269035801 50.5481804271651,8.72453275549049 50.548808318097)))","176258","19058","43758","62816","239074"
"MULTIPOLYGON (((8.67547014500353 50.5852501896126,8.67647924255393 50.5854741167122,8.67722863731525 50.5850704137676,8.67696892764589 50.5844427867645,8.67595984077884 50.5842188631822,8.67521045289789 50.5846225630857,8.67547014500353 50.5852501896126)))","1429536","213836","291936","505772","1935308"
"MULTIPOLYGON (((8.6652578523696 50.5539067697489,8.66626640987276 50.5541307916423,8.66701548683606 50.5537269272831,8.66675599941544 50.5530990440686,8.66574745258076 50.5528750256955,8.66499838249838 50.5532788870168,8.6652578523696 50.5539067697489)))","45185","8485","10785","19270","64455"
"MULTIPOLYGON (((8.66681477699095 50.5576739578117,8.6678234022029 50.5578979656743,8.66857251675983 50.557494118237,8.66831299922425 50.5568662659755,8.66730438468272 50.5566422616327,8.66655527700648 50.5570461060316,8.66681477699095 50.5576739578117)))","2827","227","727","954","3781"
"MULTIPOLYGON (((8.72302542931561 50.62257150619,8.72403547451593 50.6227950352775,8.72478518488458 50.6223912595706,8.72452484319674 50.6217639578258,8.72351480871579 50.6215404322483,8.72276510520339 50.6219442049057,8.72302542931561 50.62257150619)))","3341","0","141","141","3482"
"MULTIPOLYGON (((8.72353492765785 50.5862152344066,8.72454445168098 50.5864387744508,8.72529377105183 50.5860347187202,8.72503355955087 50.5854071259927,8.72402404623621 50.5851835894605,8.72327473371418 50.5855876421438,8.72353492765785 50.5862152344066)))","204475","44075","63875","107950","312425"
"MULTIPOLYGON (((8.72011072893473 50.5934362034513,8.72112032791892 50.5936597680793,8.72186973085787 50.593255792839,8.72160952796025 50.5926282560182,8.72059993968495 50.5924046949022,8.71985054359851 50.5928086670952,8.72011072893473 50.5934362034513)))","28830","6930","39330","46260","75090"
"MULTIPOLYGON (((8.70947805357306 50.5699902563425,8.71048722279843 50.57021391614,8.71123639343299 50.5698098425193,8.71097638798738 50.5691821121456,8.7099672294583 50.5689584558625,8.70921806567864 50.5693625264388,8.70947805357306 50.5699902563425)))","1429521","285421","318321","603742","2033263"
"MULTIPOLYGON (((8.72598038889856 50.5810568148405,8.72698985937999 50.5812803373247,8.72773911906721 50.5808762241061,8.72747890142694 50.5802485914506,8.7264694416537 50.5800250724784,8.72572018881265 50.5804291826498,8.72598038889856 50.5810568148405)))","22210","410","810","1220","23430"
"MULTIPOLYGON (((8.71737322809803 50.5956795140498,8.71838283602232 50.5959030997837,8.71913226792604 50.5954991620892,8.71887208505086 50.594871641708,8.71786248783479 50.5946480594861,8.71711306278579 50.5950519941336,8.71737322809803 50.5956795140498)))","17735","1835","63035","64870","82605"
"MULTIPOLYGON (((8.69332786274075 50.6040287417556,8.6943373849776 50.604252517527,8.6950869494196 50.6038488234071,8.69482698475257 50.6032213565603,8.693817473214 50.6029975843032,8.69306791564429 50.6034012753785,8.69332786274075 50.6040287417556)))","351121","9321","18121","27442","378563"
"MULTIPOLYGON (((8.64111080652504 50.5730584354672,8.64211943255928 50.5732826437057,8.64286875733968 50.5728791057116,8.64260944918538 50.5722513625152,8.641600833813 50.5720271577984,8.6408515159332 50.5724306927564,8.64111080652504 50.5730584354672)))","7005","805","1305","2110","9115"
"MULTIPOLYGON (((8.68228373960499 50.606138698586,8.68329319746863 50.606362562332,8.68404280421639 50.6059589670005,8.68378294622069 50.6053315109663,8.68277349905029 50.6051076507357,8.6820238991825 50.6055112430239,8.68228373960499 50.606138698586)))","4978","278","978","1256","6234"
"MULTIPOLYGON (((8.66093845780147 50.5700527925024,8.66194721106371 50.5702768426028,8.66269646864498 50.5698731331695,8.66243696607718 50.5692453766743,8.66142822348614 50.5690213300937,8.66067897279181 50.5694250364886,8.66093845780147 50.5700527925024)))","145538","5238","23538","28776","174314"
"MULTIPOLYGON (((8.66409045427146 50.6197658101027,8.66509995272159 50.6199898145649,8.66584973806694 50.61958645914,8.66559001806763 50.6189591022949,8.66458053030549 50.6187351013492,8.66383075185482 50.6191384537322,8.66409045427146 50.6197658101027)))","711974","17574","23674","41248","753222"
"MULTIPOLYGON (((8.67745054705244 50.5634566094087,8.67845934707182 50.5636805294363,8.67920850472855 50.5632766461853,8.67894885549131 50.5626488459469,8.67794006614965 50.5624249294376,8.67719091536765 50.5628288096485,8.67745054705244 50.5634566094087)))","339375","23175","99975","123150","462525"
"MULTIPOLYGON (((8.65975773352543 50.5760615885931,8.66076656334592 50.5762856457523,8.66151588742068 50.5758819907895,8.66125637478615 50.5752542817061,8.66024755563809 50.5750302280665,8.65949823845225 50.5754338799907,8.65975773352543 50.5760615885931)))","622056","22456","69656","92112","714168"
"MULTIPOLYGON (((8.70617441198082 50.5487310690567,8.70718324617555 50.5489547640631,8.70793219502711 50.5485505538482,8.70767230283115 50.5479226516697,8.70666347932446 50.5476989601793,8.70591453732582 50.5481031673515,8.70617441198082 50.5487310690567)))","3492","0","392","392","3884"
"MULTIPOLYGON (((8.64909365857115 50.5879433943333,8.65010256816949 50.5881675323909,8.65085203848819 50.5877640475911,8.65059259231038 50.5871364277717,8.6495836933826 50.5869122932341,8.64883422996219 50.5873157749959,8.64909365857115 50.5879433943333)))","327588","48588","68788","117376","444964"
"MULTIPOLYGON (((8.66385172709486 50.5815311402531,8.66486067107268 50.5817551622819,8.66561004654535 50.5813515181674,8.665350471153 50.5807238550635,8.66434153785141 50.5804998365535,8.66359216926603 50.5809034776286,8.66385172709486 50.5815311402531)))","1311408","182308","318308","500616","1812024"
"MULTIPOLYGON (((8.70762750831914 50.5633086289592,8.70863656524934 50.5635323063649,8.70938566760861 50.5631281958896,8.70912570618292 50.5625004110524,8.70811665994594 50.5622767371616,8.70736756444152 50.5626808445932,8.70762750831914 50.5633086289592)))","228029","18129","53229","71358","299387"
"MULTIPOLYGON (((8.69985867925724 50.6219993018032,8.70086851739812 50.6222230175954,8.70161826309945 50.6218194111013,8.70135816378857 50.6211920918617,8.70034833635492 50.620968379582,8.69959859752506 50.6213719830296,8.69985867925724 50.6219993018032)))","6324","624","924","1548","7872"
"MULTIPOLYGON (((8.67064273086421 50.5425565139555,8.67165117101726 50.5427804971258,8.67240011692518 50.5423765062883,8.67214061580504 50.5417485353185,8.67113218631981 50.5415245556686,8.67038324728704 50.5419285434682,8.67064273086421 50.5425565139555)))","1726","0","126","126","1852"
"MULTIPOLYGON (((8.65941657989557 50.6084726047081,8.66042587488105 50.608696651398,8.66117554724502 50.6082932451803,8.66091591772811 50.6076657953133,8.65990663342478 50.607441752141,8.65915696795635 50.6078451553182,8.65941657989557 50.6084726047081)))","10878","978","2178","3156","14034"
"MULTIPOLYGON (((8.67624925146982 50.5871330382061,8.67725838290454 50.5873569582727,8.67800779647433 50.5869532637888,8.6777480717293 50.5863256522798,8.67673895097893 50.5861017357304,8.67598954428938 50.5865054271729,8.67624925146982 50.5871330382061)))","1429534","285434","318334","603768","2033302"
"MULTIPOLYGON (((8.7014661959695 50.5727750479237,8.70247533665625 50.5729987710354,8.70322455143472 50.5725947785777,8.70296461866578 50.5719670660521,8.70195548867197 50.5717433464555,8.70120628075428 50.5721473358695,8.7014661959695 50.5727750479237)))","154164","15964","23364","39328","193492"
"MULTIPOLYGON (((8.65376423219172 50.5992396595178,8.65477334513237 50.5994637554306,8.65552292839544 50.5990603214291,8.65526339182053 50.5984327945542,8.65425428955633 50.5982087021603,8.6535047131907 50.5986121331224,8.65376423219172 50.5992396595178)))","8444","2344","10844","13188","21632"
"MULTIPOLYGON (((8.69338089947399 50.5510258590083,8.69438965699436 50.5512496559721,8.69513865321139 50.5508455590162,8.6948788850464 50.5502176681378,8.69387013820818 50.5499938746913,8.69312114885293 50.5503979686059,8.69338089947399 50.5510258590083)))","411","0","111","111","522"
"MULTIPOLYGON (((8.63024225973957 50.5888833849919,8.63125102058748 50.5891076741682,8.63200053418485 50.5887043378292,8.63174128002348 50.5880767153495,8.63073252983665 50.5878524296952,8.62998302315019 50.5882557629986,8.63024225973957 50.5888833849919)))","16400","100","900","1000","17400"
"MULTIPOLYGON (((8.68513206599957 50.5930933240038,8.68614135983956 50.593317170195,8.68689082155211 50.5929134544156,8.68663098254923 50.5922858954879,8.6856216994 50.5920620528124,8.68487224456298 50.5924657655489,8.68513206599957 50.5930933240038)))","372030","10230","19630","29860","401890"
"MULTIPOLYGON (((8.6901368045271 50.571972920017,8.69114583639074 50.5721967345785,8.69189506275832 50.5717928209154,8.69163525039434 50.571165095733,8.69062622921756 50.570941284688,8.68987700971804 50.5713451953089,8.6901368045271 50.571972920017)))","1429536","231436","318336","549772","1979308"
"MULTIPOLYGON (((8.67028326259329 50.5926485710649,8.67129242240537 50.5928725368536,8.67204190571564 50.5924689289718,8.67178222232867 50.5918413583423,8.67077307319949 50.5916173960711,8.6700235967745 50.5920210009119,8.67028326259329 50.5926485710649)))","195037","19037","44337","63374","258411"
"MULTIPOLYGON (((8.65263839467647 50.5699192729077,8.65364707462158 50.5701433897741,8.65439634543401 50.5697397415374,8.65413692940903 50.5691119794718,8.65312826013076 50.5688878661261,8.65237899621072 50.5692915113255,8.65263839467647 50.5699192729077)))","16287","1387","3487","4874","21161"
"MULTIPOLYGON (((8.65018886984259 50.5750760145549,8.65119760312298 50.5753001490246,8.65194693353202 50.5748965583004,8.65168752376575 50.5742688361438,8.65067880115256 50.5740447051948,8.64992947763855 50.5744482928817,8.65018886984259 50.5750760145549)))","118356","15956","26356","42312","160668"
"MULTIPOLYGON (((8.67742884907332 50.5811247669731,8.67843790389067 50.5813486800034,8.67918725094147 50.5809449310521,8.67892753629677 50.5803172721115,8.67791849216251 50.5800933625985,8.67716915198995 50.5804971085087,8.67742884907332 50.5811247669731)))","514385","48785","125485","174270","688655"
"MULTIPOLYGON (((8.64699026469013 50.5606818175134,8.64799876278605 50.5609059834904,8.64874794457405 50.5605023074674,8.64848862137198 50.5598744685036,8.64748013393721 50.5596503060485,8.6467309590435 50.5600539790354,8.64699026469013 50.5606818175134)))","569799","4099","7599","11698","581497"
"MULTIPOLYGON (((8.68027698850655 50.5680749668469,8.68128587944068 50.5682988622786,8.68203508156355 50.5678949929049,8.6817753858786 50.5672672311401,8.68076650562507 50.5670433392261,8.680017310376 50.5674472055592,8.68027698850655 50.5680749668469)))","11150","1150","1750","2900","14050"
"MULTIPOLYGON (((8.68843103318812 50.6143392441849,8.68944066241171 50.6145630550985,8.69019034624555 50.6141594760155,8.68993039397838 50.6135320890635,8.68892077545374 50.613308281664,8.68817109849746 50.6137118577024,8.68843103318812 50.6143392441849)))","3082","182","482","664","3746"
"MULTIPOLYGON (((8.67025974406409 50.6103092432563,8.6712691588559 50.6105332019962,8.67201883172483 50.6101297284649,8.67175908291334 50.6095022992356,8.67074967880986 50.609278344012,8.67000001282967 50.6096818145014,8.67025974406409 50.6103092432563)))","6379","479","779","1258","7637"
"MULTIPOLYGON (((8.72783333920168 50.5877369229659,8.72884292204707 50.587960427789,8.72959225002146 50.5875563514173,8.72933198830432 50.5869287732705,8.7283224161701 50.5867052719589,8.72757309504199 50.5871093452827,8.72783333920168 50.5877369229659)))","534","134","334","468","1002"
"MULTIPOLYGON (((8.69287385374831 50.5697295007449,8.69388287673301 50.5699532942065,8.69463207418858 50.5695493430044,8.69437224179376 50.5689216013832,8.69336322949663 50.5686978114379,8.6926140389069 50.5691017595976,8.69287385374831 50.5697295007449)))","361910","26510","46610","73120","435030"
"MULTIPOLYGON (((8.69000928180023 50.6004437585062,8.69101872372932 50.60066756245,8.69176825561633 50.6002638659603,8.69150833870064 50.599636368571,8.6904989074671 50.5994125681421,8.6897493824538 50.5998162615878,8.69000928180023 50.6004437585062)))","1329223","19423","92023","111446","1440669"
"MULTIPOLYGON (((8.66965759871965 50.6221404240578,8.67066717939107 50.6223643827657,8.67141698036865 50.621961003664,8.67115719378345 50.6213336688973,8.67014762380369 50.6211097137053,8.66939782971756 50.6215130897642,8.66965759871965 50.6221404240578)))","10650","150","1350","1500","12150"
"MULTIPOLYGON (((8.62165431498274 50.5858334900107,8.62266295779911 50.5860578494209,8.62341245375708 50.5856545543055,8.6231532999829 50.5850269028143,8.62214466782226 50.5848025469273,8.62139517878023 50.5852058390083,8.62165431498274 50.5858334900107)))","858851","5751","17851","23602","882453"
"MULTIPOLYGON (((8.72527454161581 50.6213601706164,8.72628458857787 50.6215836821022,8.72703428190215 50.6211798803407,8.72677392140992 50.6205525701432,8.72576388516802 50.6203290621672,8.72501419869829 50.620732860879,8.72527454161581 50.6213601706164)))","5525","125","425","550","6075"
"MULTIPOLYGON (((8.68377308531962 50.5853824063134,8.6847822561182 50.5856062665884,8.68553163755024 50.5852025024282,8.68527184130888 50.5845748810351,8.68426268119797 50.5843510242765,8.68351330664086 50.5847547853945,8.68377308531962 50.5853824063134)))","1429599","160199","294499","454698","1884297"
"MULTIPOLYGON (((8.72335745527382 50.5548206095558,8.72436652460536 50.5550441638696,8.72511550793103 50.5546398711471,8.72485541508252 50.5540120271561,8.72384635644974 50.5537884763561,8.72309737996686 50.5541927660333,8.72335745527382 50.5548206095558)))","14357","1357","2357","3714","18071"
"MULTIPOLYGON (((8.66220671238292 50.5709045911162,8.66321548884193 50.5711286306776,8.6639647533095 50.5707249182058,8.66370523443187 50.5700971692113,8.66269646864498 50.5698731331695,8.66194721106371 50.5702768426028,8.66220671238292 50.5709045911162)))","594102","34602","82602","117204","711306"
"MULTIPOLYGON (((8.62250291646926 50.5523842268465,8.62351108408444 50.5526085928646,8.62426022001636 50.5522050374364,8.62400118142445 50.5515771190225,8.62299302445523 50.5513527565293,8.62224389543209 50.5517563089252,8.62250291646926 50.5523842268465)))","262798","5698","15098","20796","283594"
"MULTIPOLYGON (((8.70377556695349 50.613751378155,8.70478531943845 50.6139750658469,8.70553496958633 50.6135713673222,8.70527486038209 50.612943984152,8.70426511860384 50.6127202999726,8.70351547532325 50.6131239954508,8.70377556695349 50.613751378155)))","156867","40167","63367","103534","260401"
"MULTIPOLYGON (((8.64347492747684 50.5610407518392,8.64448340049721 50.5612649459186,8.64523259232331 50.5608612989706,8.64497330423247 50.5602334609788,8.6439648418715 50.5600092704216,8.64321565694208 50.5604129143341,8.64347492747684 50.5610407518392)))","512968","7268","51468","58736","571704"
"MULTIPOLYGON (((8.65644279736074 50.5724748316547,8.6574515469075 50.5726989169113,8.6582008383931 50.5722952595614,8.65794137344171 50.5716675199929,8.65693263456459 50.5714434382565,8.65618334996937 50.5718470925684,8.65644279736074 50.5724748316547)))","1198701","107101","246401","353502","1552203"
"MULTIPOLYGON (((8.67431281565504 50.573592524617,8.67532173496946 50.5738164657649,8.67607100680531 50.5734126829727,8.67581135244805 50.5727849620731,8.67480244381284 50.5725610244434,8.67405317885578 50.5729648041953,8.67431281565504 50.573592524617)))","26000","1500","3700","5200","31200"
"MULTIPOLYGON (((8.69167757682769 50.5934049857165,8.69268693138692 50.5936287791306,8.69343638479184 50.5932250166719,8.69317647676642 50.5925974638429,8.69216713290142 50.5923736739438,8.69141768636774 50.5927774333589,8.69167757682769 50.5934049857165)))","43033","1333","5133","6466","49499"
"MULTIPOLYGON (((8.66572280172417 50.570545216696,8.66673160322875 50.5707692281385,8.66748085762373 50.5703654865865,8.66722130363035 50.5697377366311,8.66621251279959 50.5695137287079,8.66546326528853 50.5699174672209,8.66572280172417 50.570545216696)))","48292","1492","11092","12584","60876"
"MULTIPOLYGON (((8.62758771338064 50.5979821936319,8.62859658275038 50.5982065004486,8.62934619863828 50.5978032531298,8.62908693824212 50.5971757020304,8.62807807953485 50.5969513987355,8.62732847056142 50.5973546430183,8.62758771338064 50.5979821936319)))","1036598","35898","130198","166096","1202694"
"MULTIPOLYGON (((8.6373925320377 50.5773625923445,8.63840118816949 50.5775868287243,8.63915056563791 50.5771833512857,8.63889128007073 50.5765556405031,8.63788263460018 50.5763314076451,8.63713326403571 50.576734882048,8.6373925320377 50.5773625923445)))","237421","22521","64021","86542","323963"
"MULTIPOLYGON (((8.69069842515959 50.5954675507963,8.69170780110744 50.5956913512405,8.6924572783808 50.5952876117854,8.69219737283408 50.59466007493,8.69118800758057 50.5944362780008,8.69043853717955 50.5948400144122,8.69069842515959 50.5954675507963)))","46154","1254","3054","4308","50462"
"MULTIPOLYGON (((8.71562625038211 50.5781934824809,8.71663559075512 50.5784170894598,8.71738483830337 50.57801303206,8.7171247386263 50.577385370727,8.71611540895521 50.5771617672614,8.71536616825941 50.5775658216155,8.71562625038211 50.5781934824809)))","1429502","285402","318302","603704","2033206"
"MULTIPOLYGON (((8.66948056544283 50.6084269414881,8.67048994632809 50.608650907268,8.6712396003732 50.6082474252732,8.67097986664428 50.6076199805403,8.66997049644637 50.6073960182769,8.66922084929014 50.6077994972299,8.66948056544283 50.6084269414881)))","32877","377","1477","1854","34731"
"MULTIPOLYGON (((8.67794006614965 50.5624249294376,8.67894885549131 50.5626488459469,8.67969800122713 50.5622449511969,8.67943835074715 50.5616171429778,8.67842957208313 50.5613932299869,8.67768043322156 50.5617971216968,8.67794006614965 50.5624249294376)))","175496","5996","18196","24192","199688"
"MULTIPOLYGON (((8.71729166187602 50.5711515937135,8.71830091486753 50.5713751901736,8.71905008397211 50.5709710668363,8.71878999323534 50.5703433500846,8.71778075094442 50.570119757138,8.71703158868982 50.5705238774297,8.71729166187602 50.5711515937135)))","3850","0","750","750","4600"
"MULTIPOLYGON (((8.6782294722394 50.5653399777221,8.67923830612207 50.5655638907249,8.67998748257467 50.5651600159329,8.67972781827012 50.5645322311785,8.67871899506614 50.5643083216938,8.67796982548817 50.5647121934456,8.6782294722394 50.5653399777221)))","90741","8041","17141","25182","115923"
"MULTIPOLYGON (((8.69127863940495 50.6012950518514,8.69228810453721 50.6015188452337,8.69303764329733 50.6011151456999,8.69277771005218 50.600487655828,8.69176825561633 50.6002638659603,8.69101872372932 50.60066756245,8.69127863940495 50.6012950518514)))","329998","10898","14098","24996","354994"
"MULTIPOLYGON (((8.70219964140768 50.6276449379803,8.70320958131728 50.6278686325866,8.70395938347062 50.627465051466,8.7036992388435 50.6268377787863,8.70268930964406 50.6266140876918,8.70193951436172 50.6270176657653,8.70219964140768 50.6276449379803)))","30798","2198","6398","8596","39394"
"MULTIPOLYGON (((8.72537816739064 50.6105580998864,8.726388059014 50.6107816150324,8.72713763619587 50.6103777304067,8.72687731490216 50.6097503336839,8.72586743399568 50.6095268220482,8.72511786366617 50.609930703625,8.72537816739064 50.6105580998864)))","9072","572","972","1544","10616"
"MULTIPOLYGON (((8.68348335651379 50.5824681220705,8.68449248274275 50.582691985865,8.68524183344198 50.5822882017446,8.68498205103783 50.5816605568718,8.68397293549553 50.5814366965938,8.68322359167084 50.5818404776722,8.68348335651379 50.5824681220705)))","343574","38074","98174","136248","479822"
"MULTIPOLYGON (((8.67030676923742 50.5749835727456,8.67131567419861 50.5752075455374,8.67206496804603 50.5748038033284,8.67180535005065 50.5741760913675,8.670796455767 50.5739521220941,8.67004716880132 50.5743558612633,8.67030676923742 50.5749835727456)))","416542","55742","105042","160784","577326"
"MULTIPOLYGON (((8.70340815097824 50.5863162408749,8.7044175038424 50.5865399428281,8.70516686030714 50.5861360386399,8.70490685704574 50.5855084355433,8.7038975148797 50.5852847371043,8.70314816527708 50.5856886382478,8.70340815097824 50.5863162408749)))","33877","3877","3977","7854","41731"
"MULTIPOLYGON (((8.70675557648639 50.5545624344755,8.70776449976367 50.5547861224464,8.70851351001088 50.5543819521259,8.70825359012725 50.5537540968777,8.70724467754008 50.5535304124225,8.70649567414653 50.5539345796998,8.70675557648639 50.5545624344755)))","1541","0","141","141","1682"
"MULTIPOLYGON (((8.74083148825945 50.5814941641264,8.74184109228554 50.5817175668958,8.74259032997887 50.5813133457664,8.74232995680975 50.5806857249167,8.74132036349962 50.5804623256575,8.74057113264272 50.5808665437378,8.74083148825945 50.5814941641264)))","62732","2832","12432","15264","77996"
"MULTIPOLYGON (((8.68372343920702 50.5431797505408,8.68473200070075 50.5434036283138,8.6854809300891 50.5429995441862,8.68522129111715 50.5423715853252,8.68421274029817 50.542147711071,8.68346381777649 50.5425517921591,8.68372343920702 50.5431797505408)))","1217","0","117","117","1334"
"MULTIPOLYGON (((8.68087690431096 50.5562344405495,8.68188562958766 50.5564583359484,8.68263470380327 50.5560543722078,8.68237504587121 50.5554265161083,8.68136633127181 50.5552026242277,8.68061726392727 50.5556065849283,8.68087690431096 50.5562344405495)))","283567","5467","17367","22834","306401"
"MULTIPOLYGON (((8.63869196019971 50.5605475025752,8.63970038493646 50.5607717352823,8.64044957989572 50.5603681204442,8.64019034321859 50.559740275934,8.63918192913867 50.5595160467497,8.63843274107916 50.5599196585529,8.63869196019971 50.5605475025752)))","1429538","245038","318338","563376","1992914"
"MULTIPOLYGON (((8.66545863758979 50.549959550623,8.66646713990634 50.550183572489,8.66721617424479 50.5497796766716,8.66695669938681 50.549151762026,8.66594820773767 50.5489277436805,8.66519918027922 50.5493316364602,8.66545863758979 50.549959550623)))","2441","0","141","141","2582"
"MULTIPOLYGON (((8.68319365231737 50.5795537239526,8.68420273398054 50.5797775912651,8.68495205394949 50.5793737871851,8.68469228538118 50.5787461188344,8.6836832144036 50.5785222550387,8.68293390130882 50.578926056077,8.68319365231737 50.5795537239526)))","249539","7539","104639","112178","361717"
"MULTIPOLYGON (((8.68094566027206 50.5807650665218,8.68195474011221 50.5809889514185,8.68270407706175 50.5805851733819,8.68244432729536 50.5799575134902,8.68143525813999 50.5797336321104,8.68068592806634 50.5801374071055,8.68094566027206 50.5807650665218)))","287815","19215","66115","85330","373145"
"MULTIPOLYGON (((8.62361564726123 50.581709600738,8.62462424745514 50.5819339460556,8.62537369574191 50.5815306049149,8.62511453692101 50.5809029214909,8.62410594738257 50.5806785796965,8.62335650600964 50.5810819178029,8.62361564726123 50.581709600738)))","370799","899","10999","11898","382697"
"MULTIPOLYGON (((8.6701061806352 50.5789294711699,8.67111514082774 50.579153443972,8.67186447733002 50.5787497332273,8.67160484675724 50.5781220527205,8.67059589724336 50.5778980834366,8.66984656762373 50.5783017911413,8.6701061806352 50.5789294711699)))","486359","15059","51059","66118","552477"
"MULTIPOLYGON (((8.65621438721287 50.5940846778115,8.65722344677207 50.5943087561299,8.65797297039397 50.5939052646025,8.65771342756195 50.5932776977959,8.65670437867884 50.5930536229963,8.65595486195175 50.5934571114845,8.65621438721287 50.5940846778115)))","467924","12224","37024","49248","517172"
"MULTIPOLYGON (((8.70460040882573 50.5626375474968,8.70560943010691 50.5628612495248,8.70635853068153 50.5624571566336,8.70609860311847 50.5618293647578,8.70508959252877 50.5616056662452,8.7043404988108 50.562009756093,8.70460040882573 50.5626375474968)))","5351","251","351","602","5953"
"MULTIPOLYGON (((8.6854415934226 50.5783423032538,8.68645067690535 50.5785661529819,8.68719997989194 50.5781623228589,8.68694019252349 50.5775346460498,8.68593111972708 50.5773107998383,8.68518182361292 50.5777146269193,8.6854415934226 50.5783423032538)))","59434","3334","6434","9768","69202"
"MULTIPOLYGON (((8.6697049361259 50.5868206073717,8.67071400679917 50.5870445801886,8.67146342862576 50.5866409323762,8.67120377289468 50.5860133147876,8.67019471290223 50.5857893454886,8.66944529796012 50.5861929902605,8.6697049361259 50.5868206073717)))","1429534","168034","318334","486368","1915902"
"MULTIPOLYGON (((8.73594201188744 50.5918114772631,8.73695172307657 50.5920349151359,8.73770108017264 50.5916308089745,8.73744071923803 50.5910032679896,8.7364310187655 50.5907798336271,8.7356816685111 50.5911839367393,8.73594201188744 50.5918114772631)))","55188","488","1888","2376","57564"
"MULTIPOLYGON (((8.69149627278265 50.5796852785208,8.69250542764788 50.5799090790063,8.69325473425848 50.579505213713,8.69299487913527 50.5788775509771,8.69198573495996 50.5786537540075,8.69123643521806 50.579057616258,8.69149627278265 50.5796852785208)))","282850","14050","26250","40300","323150"
"MULTIPOLYGON (((8.71583631361418 50.556575330782,8.71684534379326 50.5567989448909,8.71759435936976 50.556394721821,8.71733433791922 50.5557668876868,8.71632531843554 50.5555432770925,8.71557630970713 50.5559474971178,8.71583631361418 50.556575330782)))","375","0","175","175","550"
"MULTIPOLYGON (((8.66612439378061 50.5626523820388,8.66713308486443 50.5628763934433,8.66788225397404 50.562472588966,8.66762272511789 50.5618447761229,8.66661404470566 50.5616207682381,8.66586488247813 50.5620245696768,8.66612439378061 50.5626523820388)))","1965","265","565","830","2795"
"MULTIPOLYGON (((8.73242389740176 50.5921727279432,8.73343358366913 50.5923961939868,8.73418295096273 50.5919921169192,8.73392262514503 50.5913645768569,8.73291294959256 50.5911411143239,8.73216358914302 50.5915451883427,8.73242389740176 50.5921727279432)))","389409","52909","86709","139618","529027"
"MULTIPOLYGON (((8.68658153317035 50.6076615452962,8.68759104996975 50.6078853738436,8.68834066541545 50.6074817578769,8.68808075718438 50.6068543164068,8.68707125108091 50.6066304913743,8.68632164251267 50.607034104297,8.68658153317035 50.6076615452962)))","9982","0","682","682","10664"
"MULTIPOLYGON (((8.67397840112139 50.6060059544349,8.6749877856867 50.6062298850363,8.67573740576563 50.6058263509369,8.67547763439395 50.6051988892782,8.67446826051757 50.6049749621931,8.67371864732404 50.6053784932503,8.67397840112139 50.6060059544349)))","281653","6053","10253","16306","297959"
"MULTIPOLYGON (((8.65624144822913 50.5764206983991,8.6572502529883 50.5766447836773,8.65799958712716 50.5762411577962,8.65774010961565 50.5756134496751,8.6567313155272 50.5753893679169,8.65598198827963 50.5757929907598,8.65624144822913 50.5764206983991)))","69438","13338","31038","44376","113814"
"MULTIPOLYGON (((8.7046152394191 50.5449635814089,8.70562400591889 50.5451872904775,8.70637291722381 50.5447830633586,8.70611305517587 50.5441551302136,8.70510429936219 50.5439314246615,8.70435539491047 50.544335648738,8.7046152394191 50.5449635814089)))","119596","15496","60396","75892","195488"
"MULTIPOLYGON (((8.7053801690306 50.5645208907265,8.70638922417544 50.5647445857166,8.70713834353257 50.5643405012785,8.70687840088847 50.5637127248941,8.70586935643609 50.5634890334192,8.7051202439355 50.5638931148137,8.7053801690306 50.5645208907265)))","214930","17230","53730","70960","285890"
"MULTIPOLYGON (((8.73692001247766 50.5897481705062,8.73792970223366 50.5899716013584,8.73867903544709 50.589567472202,8.73841867206399 50.5889399152427,8.73740899302442 50.5887164879008,8.73665966665167 50.589120614008,8.73692001247766 50.5897481705062)))","1369","169","269","438","1807"
"MULTIPOLYGON (((8.6857822763888 50.6234373965587,8.68679201442678 50.6236612250184,8.687541800674 50.6232577349324,8.68728184200224 50.6226304194315,8.68627211466464 50.6224065944858,8.68552233529854 50.622810081527,8.6857822763888 50.6234373965587)))","446283","2383","4383","6766","453049"
"MULTIPOLYGON (((8.72267091785995 50.5598003200619,8.72368005314799 50.5600238778727,8.72442909102648 50.5596196280824,8.72416898677285 50.558991823527,8.72315986218474 50.5587682692298,8.72241083115045 50.5591725159746,8.72267091785995 50.5598003200619)))","2243","0","143","143","2386"
"MULTIPOLYGON (((8.69666369312811 50.5899509351278,8.69767304060312 50.5901746898487,8.69842244807688 50.5897708637958,8.69816250120849 50.5891432860662,8.6971531644292 50.58891953486,8.69640376382274 50.5893233578687,8.69666369312811 50.5899509351278)))","313719","9519","23019","32538","346257"
"MULTIPOLYGON (((8.66398984817928 50.5530548545895,8.66499838249838 50.5532788870168,8.66574745258076 50.5528750256955,8.66548798146259 50.5522471349847,8.66447945781105 50.5520231060779,8.66373039461024 50.5524269643614,8.66398984817928 50.5530548545895)))","1009","109","209","318","1327"
"MULTIPOLYGON (((8.70914621655956 50.6200685646212,8.71015610649449 50.6202922064706,8.71090581486065 50.6198885157167,8.71064562642705 50.6192611861611,8.70963574720357 50.6190375478233,8.70888604570235 50.6194412355297,8.70914621655956 50.6200685646212)))","21398","2798","3598","6396","27794"
"MULTIPOLYGON (((8.71482150973461 50.6116397153721,8.71583132646796 50.6118633150426,8.71658093418765 50.6114595177165,8.71632071831458 50.6108321237677,8.71531091229299 50.6106085276087,8.71456131143283 50.611012321887,8.71482150973461 50.6116397153721)))","1429577","102277","318377","420654","1850231"
"MULTIPOLYGON (((8.70888277259417 50.5818295556851,8.70989210763452 50.5820532154318,8.71064140621773 50.581649236158,8.71038136290309 50.5810216001827,8.70937203856233 50.5807979439498,8.70862274683675 50.5812019201785,8.70888277259417 50.5818295556851)))","369757","8357","40557","48914","418671"
"MULTIPOLYGON (((8.66685421938977 50.5998662502958,8.66786345398414 50.6000902407064,8.66861302080874 50.5996867133525,8.66835334615017 50.5990591986291,8.6673441222392 50.5988352117359,8.66659456230351 50.5992387360488,8.66685421938977 50.5998662502958)))","35214","814","7314","8128","43342"
"MULTIPOLYGON (((8.72812500806966 50.5906512325588,8.7291346355162 50.590874733833,8.72988399421514 50.5904706774092,8.72962371862101 50.5898431227594,8.72861410188666 50.5896196249965,8.72786475003438 50.5900236783722,8.72812500806966 50.5906512325588)))","3879","1079","1679","2758","6637"
"MULTIPOLYGON (((8.61969277181333 50.5899570674366,8.62070145725306 50.5901814409392,8.62145100088644 50.5897781918519,8.62119185216212 50.5891505722965,8.62018317737833 50.588926202317,8.61943364066303 50.5893294483698,8.61969277181333 50.5899570674366)))","10299","0","2999","2999","13298"
"MULTIPOLYGON (((8.68058742145901 50.5533190179462,8.68159610220481 50.5535429168488,8.68234514571241 50.5531389331527,8.68208550160362 50.5525110535938,8.68107683153402 50.5522871582097,8.68032779489713 50.5526911388661,8.68058742145901 50.5533190179462)))","81362","1662","8662","10324","91686"
"MULTIPOLYGON (((8.65506024226745 50.5824288216219,8.65606912358887 50.5826529139591,8.65681852423204 50.5822493425546,8.65655903666065 50.5816216818513,8.65555016601115 50.5813975930339,8.65480077226124 50.5818011614,8.65506024226745 50.5824288216219)))","9051","451","4751","5202","14253"
"MULTIPOLYGON (((8.69285605091982 50.5873968532908,8.69386532881539 50.5876206396873,8.69461471568527 50.5872168227661,8.6943548177904 50.586589222492,8.69334555058783 50.5863654396108,8.69259617058725 50.5867692534885,8.69285605091982 50.5873968532908)))","1429503","10303","318303","328606","1758109"
"MULTIPOLYGON (((8.70643624524644 50.5869873220977,8.70744563378555 50.5872109994135,8.70819499203791 50.5868070776355,8.70793495489103 50.5861794815869,8.70692557705181 50.5859558077849,8.70617622565971 50.5863597265177,8.70643624524644 50.5869873220977)))","302650","17750","105850","123600","426250"
"MULTIPOLYGON (((8.73077582739328 50.5638761512299,8.73178509093991 50.5640996421615,8.73253415793824 50.5636953625988,8.73227395455044 50.5630675951515,8.73126470170917 50.5628441077324,8.73051564155048 50.5632483842483,8.73077582739328 50.5638761512299)))","555","0","455","455","1010"
"MULTIPOLYGON (((8.68573138980854 50.5812567612505,8.68674051785677 50.5814806074599,8.68748985157197 50.5810767972957,8.68723005036621 50.5804491439643,8.68622093300539 50.5802253012712,8.68547160616302 50.5806291083932,8.68573138980854 50.5812567612505)))","1429597","11297","17797","29094","1458691"
"MULTIPOLYGON (((8.73525596157356 50.5967888099118,8.73626573880905 50.597012251249,8.73701515051668 50.5966081880302,8.73675477814585 50.5959806865236,8.73574501162814 50.5957572486965,8.73499560676362 50.5961613088659,8.73525596157356 50.5967888099118)))","55690","6490","10390","16880","72570"
"MULTIPOLYGON (((8.67422389276497 50.566731422009,8.67523271230755 50.5669553666529,8.67598191077382 50.5665515324399,8.67572228282013 50.5659237566229,8.67471347395461 50.5656998154975,8.67396428236586 50.5661036466707,8.67422389276497 50.566731422009)))","45359","959","6859","7818","53177"
"MULTIPOLYGON (((8.68863070811054 50.6103950767503,8.689640282027 50.6106188876858,8.69038992316458 50.6102152771345,8.69012998350919 50.6095878586922,8.68912042029059 50.609364051271,8.68837078602962 50.6097676587779,8.68863070811054 50.6103950767503)))","24964","864","1964","2828","27792"
"MULTIPOLYGON (((8.71148798089484 50.6257142936343,8.71249797259405 50.6259379142865,8.71324773739586 50.6255342488998,8.71298750363406 50.6249069659092,8.71197752264921 50.624683348768,8.71122776471191 50.6250870111064,8.71148798089484 50.6257142936343)))","111483","25283","35583","60866","172349"
"MULTIPOLYGON (((8.63909648730238 50.5526542294157,8.64010480170828 50.5528784620354,8.64085391140109 50.5524747842576,8.6405946997902 50.5518468768947,8.63958639603888 50.5516226477982,8.63883729324399 50.5520263225415,8.63909648730238 50.5526542294157)))","42924","124","424","548","43472"
"MULTIPOLYGON (((8.72988399421514 50.5904706774092,8.73089363412718 50.5906941645998,8.73164298773196 50.5902900936296,8.73138269457936 50.5896625385171,8.73037306538036 50.5894390548375,8.72962371862101 50.5898431227594,8.72988399421514 50.5904706774092)))","81670","9870","26870","36740","118410"
"MULTIPOLYGON (((8.64906494221895 50.5457461348473,8.6500732428268 50.5459702901407,8.65082226099392 50.5455664852207,8.65056297166332 50.5449385280428,8.64955468171316 50.5447143762719,8.64880567043603 50.5451181781565,8.64906494221895 50.5457461348473)))","39942","3542","4142","7684","47626"
"MULTIPOLYGON (((8.66449251021062 50.6118784505879,8.66550189808786 50.6121024550631,8.66625159802726 50.6116990366809,8.66599190319672 50.6110716168652,8.66498252600532 50.610847615907,8.66423283295873 50.6112510312477,8.66449251021062 50.6118784505879)))","4505","305","1305","1610","6115"
"MULTIPOLYGON (((8.72531298105664 50.5506919599133,8.72632200759349 50.5509155001718,8.72707094321473 50.5505111614743,8.72681084545855 50.5498832855636,8.72580182962022 50.549659748819,8.72505290083965 50.5500640844712,8.72531298105664 50.5506919599133)))","4328","0","1428","1428","5756"
"MULTIPOLYGON (((8.69698755233835 50.5575282527145,8.69799643459155 50.5577520180448,8.698745494016 50.5573479434109,8.69848566432671 50.556720106489,8.6974767927595 50.5564963446752,8.69672774019573 50.5569004162669,8.69698755233835 50.5575282527145)))","709","0","609","609","1318"
"MULTIPOLYGON (((8.72509619702304 50.5899806794274,8.72610578882268 50.5902042053557,8.72685514576649 50.5898001665263,8.72659490406231 50.5891726048162,8.72558532297314 50.5889490823995,8.72483597287782 50.5893531181812,8.72509619702304 50.5899806794274)))","21171","3271","5171","8442","29613"
"MULTIPOLYGON (((8.71455498428724 50.5733956766632,8.71556424620743 50.5736192942249,8.7163134442549 50.573215208424,8.71605337353006 50.5725875081069,8.71504412230976 50.5723638940589,8.71429493111452 50.5727679768144,8.71455498428724 50.5733956766632)))","3434","234","734","968","4402"
"MULTIPOLYGON (((8.64508682812224 50.5893330535682,8.64609572329856 50.5895572232666,8.64684521559047 50.5891537790572,8.64658580580503 50.5885261681869,8.64557692129764 50.5883020020089,8.64482743590689 50.5887054431808,8.64508682812224 50.5893330535682)))","94312","5812","16112","21924","116236"
"MULTIPOLYGON (((8.72891450798947 50.5748660684427,8.72992391422292 50.5750895698547,8.73067310229843 50.5746853876561,8.73041287729755 50.5740577070929,8.72940348177186 50.5738342091929,8.72865430053939 50.5742383883442,8.72891450798947 50.5748660684427)))","6050","16250","82950","99200","105250"
"MULTIPOLYGON (((8.72471074150454 50.5802056495982,8.72572018881265 50.5804291826498,8.7264694416537 50.5800250724784,8.72620924033991 50.5793974323026,8.72519980373906 50.5791739027633,8.72445055774485 50.5795780098876,8.72471074150454 50.5802056495982)))","237630","8330","97830","106160","343790"
"MULTIPOLYGON (((8.61474244979444 50.5757449508835,8.61575088743307 50.5759693698808,8.61650028730881 50.575566049976,8.61624124262745 50.5749383141067,8.61523281563786 50.5747138986339,8.61448342268069 50.5751172155058,8.61474244979444 50.5757449508835)))","1246","0","846","846","2092"
"MULTIPOLYGON (((8.62623540507506 50.5902722992731,8.62724415145357 50.5904966200823,8.62799368698934 50.5900933243341,8.62773446923293 50.589465710812,8.62672573351385 50.5892413935252,8.62597620489193 50.5896446862382,8.62623540507506 50.5902722992731)))","29278","0","378","378","29656"
"MULTIPOLYGON (((8.65235007603363 50.567004541957,8.65335871144631 50.5672286623165,8.65410795153055 50.5668249941134,8.65384854931024 50.5661972085878,8.65283992456337 50.5659730917491,8.65209069137114 50.5663767569152,8.65235007603363 50.567004541957)))","1429579","285479","318379","603858","2033437"
"MULTIPOLYGON (((8.66756912013701 50.5772261263694,8.66857803393282 50.5774501202608,8.66932735666916 50.577046415596,8.66906775872578 50.5764187200794,8.66805885560678 50.5761947297066,8.66730953975447 50.5765984313318,8.66756912013701 50.5772261263694)))","596171","79471","133971","213442","809613"
"MULTIPOLYGON (((8.61849816580179 50.5537739407171,8.61950631894337 50.5539983383443,8.62025547677631 50.5535948234888,8.61999647455607 50.552966914038,8.61898833205877 50.5527425199361,8.61823918113757 50.5531460317597,8.61849816580179 50.5537739407171)))","126325","425","3225","3650","129975"
"MULTIPOLYGON (((8.69628227203148 50.5801765483338,8.69729147507742 50.5804003101232,8.69804077842896 50.5799964127006,8.69778087186904 50.5793687565321,8.69677167951565 50.579144998258,8.69602238302972 50.5795488926372,8.69628227203148 50.5801765483338)))","118558","6958","21758","28716","147274"
"MULTIPOLYGON (((8.70894765110456 50.6240124480109,8.70995759638406 50.6242360898186,8.71070734745616 50.6238324305281,8.71044714638302 50.6232051324779,8.70943721181607 50.6229814941817,8.70868746760982 50.6233851504243,8.70894765110456 50.6240124480109)))","123233","18533","23533","42066","165299"
"MULTIPOLYGON (((8.66874924195268 50.5712172264221,8.66975807917119 50.5714412132627,8.67050733540972 50.5710374541312,8.6702477475478 50.5704097111985,8.66923892100487 50.5701857278767,8.66848967164838 50.5705894839688,8.66874924195268 50.5712172264221)))","349380","13580","21980","35560","384940"
"MULTIPOLYGON (((8.66829987324754 50.6144326452803,8.66930933079325 50.6146566180858,8.67005905140722 50.6142531905782,8.66979930758477 50.6136257933071,8.66878986072762 50.6134018240179,8.66804014700449 50.6138052484835,8.66829987324754 50.6144326452803)))","3479","479","1679","2158","5637"
"MULTIPOLYGON (((8.67373429840942 50.5677630090392,8.67474312862912 50.5679869572017,8.67549233901715 50.5675831344886,8.67523271230755 50.5669553666529,8.67422389276497 50.566731422009,8.673474689255 50.5671352416823,8.67373429840942 50.5677630090392)))","27351","1351","2451","3802","31153"
"MULTIPOLYGON (((8.7147162551251 50.6224413107666,8.71572622717337 50.6226649067966,8.7164759510444 50.6222611923468,8.71621569600553 50.6216338849156,8.71520573467227 50.6214102923965,8.71445601766297 50.6218140037978,8.7147162551251 50.6224413107666)))","16016","4016","7216","11232","27248"
"MULTIPOLYGON (((8.73956155178317 50.5806431303951,8.74057113264272 50.5808665437378,8.74132036349962 50.5804623256575,8.74106000665995 50.5798346972835,8.74005043651546 50.5796112874513,8.7393012124957 50.5800155024827,8.73956155178317 50.5806431303951)))","11675","575","675","1250","12925"
"MULTIPOLYGON (((8.69383503708533 50.5853340064447,8.69484429359498 50.5855577858106,8.69559365660116 50.5851539458881,8.69533375622956 50.5845263296433,8.69432451041278 50.5843025537927,8.69357515427484 50.5847063906717,8.69383503708533 50.5853340064447)))","843150","10850","32550","43400","886550"
"MULTIPOLYGON (((8.6598190886372 50.6005841119273,8.66082827309564 50.6008081586113,8.66157786008031 50.6004046894397,8.66131825571301 50.5997771766244,8.66030908193454 50.5995531334585,8.65955950184356 50.59995659959,8.6598190886372 50.6005841119273)))","279171","14571","91671","106242","385413"
"MULTIPOLYGON (((8.63894824541333 50.5811287457686,8.63995696929683 50.5813529681254,8.64070638441044 50.5809495076234,8.64044706873704 50.5803218278008,8.63943835551672 50.5800976089655,8.63868894730676 50.5805010664313,8.63894824541333 50.5811287457686)))","30336","736","1936","2672","33008"
"MULTIPOLYGON (((8.70148182036307 50.5551037098967,8.70249070620816 50.5553274400646,8.70323973165919 50.5549233133604,8.702979864408 50.5542954595308,8.70197098925048 50.5540717328791,8.70122197065669 50.5544758565408,8.70148182036307 50.5551037098967)))","573","773","2873","3646","4219"
"MULTIPOLYGON (((8.70441663634056 50.5489115556634,8.7054254580612 50.549135264734,8.70617441198082 50.5487310690567,8.70591453732582 50.5481031673515,8.70490572629238 50.5478794617971,8.70415677922687 50.5482836544319,8.70441663634056 50.5489115556634)))","479","0","179","179","658"
"MULTIPOLYGON (((8.72472049542965 50.5625350331789,8.72572968774102 50.5627585733838,8.72647875123529 50.5623543289967,8.7262186155749 50.5617265474507,8.72520943396537 50.5615030107589,8.72446037731451 50.5619072521001,8.72472049542965 50.5625350331789)))","240","0","240","240","480"
"MULTIPOLYGON (((8.62312533396102 50.5827406022906,8.62413394481043 50.5829649511314,8.62488340501462 50.5825616214967,8.62462424745514 50.5819339460556,8.62361564726123 50.581709600738,8.62286619397143 50.5821129273384,8.62312533396102 50.5827406022906)))","777996","6396","47896","54292","832288"
"MULTIPOLYGON (((8.67780760008685 50.5908985959401,8.67881679929574 50.5911225019368,8.67956625048447 50.5907188243743,8.67930649558447 50.5900912438569,8.67829730706185 50.5898673413769,8.67754786275309 50.5902710158976,8.67780760008685 50.5908985959401)))","1429504","285404","318304","603708","2033212"
"MULTIPOLYGON (((8.64794084659882 50.5762867170632,8.64894957800672 50.5765108691105,8.64969892536013 50.5761073044297,8.64943953440902 50.5754795907389,8.64843081366749 50.5752554422124,8.64768147321083 50.575659003856,8.64794084659882 50.5762867170632)))","16898","3998","5998","9996","26894"
"MULTIPOLYGON (((8.65886546376135 50.584984002657,8.65987441470591 50.5852080633679,8.66062383602488 50.5848044828469,8.66036429950817 50.5841768446542,8.65935535923834 50.5839527874625,8.65860594481059 50.5843563649444,8.65886546376135 50.584984002657)))","298498","3098","14298","17396","315894"
"MULTIPOLYGON (((8.7264694416537 50.5800250724784,8.72747890142694 50.5802485914506,8.72822814917823 50.5798444667349,8.72796793031069 50.5792168260943,8.72695848124554 50.5789933106342,8.72620924033991 50.5793974323026,8.7264694416537 50.5800250724784)))","4140","340","540","880","5020"
"MULTIPOLYGON (((8.68495205394949 50.5793737871851,8.68596114811871 50.5795976404299,8.68671046303307 50.5791938218072,8.68645067690535 50.5785661529819,8.6854415934226 50.5783423032538,8.68469228538118 50.5787461188344,8.68495205394949 50.5793737871851)))","1429573","11873","43373","55246","1484819"
"MULTIPOLYGON (((8.71197752264921 50.624683348768,8.71298750363406 50.6249069659092,8.71373725648737 50.6245032890186,8.71347702149192 50.6238759980351,8.71246705122138 50.6236523844049,8.71171730523208 50.6240560582472,8.71197752264921 50.624683348768)))","206201","37201","51101","88302","294503"
"MULTIPOLYGON (((8.70855045351585 50.6318995533802,8.70956050950256 50.6321231950984,8.71031034600108 50.6317195987387,8.71005011964528 50.6310923637091,8.70904007437331 50.6308687255018,8.7082902447425 50.6312723188133,8.70855045351585 50.6318995533802)))","7706","506","606","1112","8818"
"MULTIPOLYGON (((8.69675485935912 50.5968102302844,8.69776430670905 50.5970339814559,8.69851378759233 50.5966302068202,8.69825381425722 50.5960026840577,8.69724437760519 50.5957789364005,8.69649490359049 50.5961827079916,8.69675485935912 50.5968102302844)))","22138","1338","1738","3076","25214"
"MULTIPOLYGON (((8.63906510530109 50.5703232078914,8.64007367425904 50.5705474336703,8.64082297332113 50.5701438902448,8.64056369652398 50.569516124076,8.63955513822602 50.5692919018193,8.63880584606535 50.5696954422092,8.63906510530109 50.5703232078914)))","2623","723","1423","2146","4769"
"MULTIPOLYGON (((8.68553163755024 50.5852025024282,8.68654082085639 50.5854263486336,8.6872901972325 50.5850225699296,8.68703038342893 50.5843949480628,8.6860212108113 50.5841711053736,8.68527184130888 50.5845748810351,8.68553163755024 50.5852025024282)))","419143","12143","14043","26186","445329"
"MULTIPOLYGON (((8.66576159166948 50.6127298668894,8.66677100276955 50.6129538608088,8.66752070960117 50.612550439385,8.66726099844064 50.6119230270836,8.66625159802726 50.6116990366809,8.66550189808786 50.6121024550631,8.66576159166948 50.6127298668894)))","4036","236","736","972","5008"
"MULTIPOLYGON (((8.7210998078479 50.5737054551669,8.72210913035182 50.573929019941,8.7228583200023 50.5735248874658,8.72259818030101 50.5728971932628,8.72158886850048 50.5726736320016,8.72083968569796 50.5730777614306,8.7210998078479 50.5737054551669)))","5691","691","1791","2482","8173"
"MULTIPOLYGON (((8.66596251804357 50.6087858880592,8.66697187386354 50.6090098819835,8.66772153799851 50.6086064290833,8.6674618394224 50.6079789853003,8.66645249428807 50.607754994893,8.66570283704437 50.6081584447518,8.66596251804357 50.6087858880592)))","10266","966","1466","2432","12698"
"MULTIPOLYGON (((8.64972762475051 50.5584392350106,8.65073611405756 50.5586633798923,8.65148526699537 50.5582596663297,8.65122592373423 50.5576318109217,8.65021744508905 50.5574076695617,8.64946829904328 50.557811380088,8.64972762475051 50.5584392350106)))","663361","7161","20761","27922","691283"
"MULTIPOLYGON (((8.66797054610414 50.5693339835782,8.6689793494541 50.5695579774415,8.66972858688913 50.5691542098486,8.66946901409212 50.5685264514317,8.66846022141677 50.5683024610875,8.66771099086391 50.5687062256412,8.66797054610414 50.5693339835782)))","1296098","67498","90398","157896","1453994"
"MULTIPOLYGON (((8.7198083982493 50.6081855795799,8.72081820781298 50.608409140544,8.72156776952548 50.6080052796141,8.72130751481885 50.6073778607684,8.72029771596841 50.6071543033154,8.7195481611115 50.6075581611971,8.7198083982493 50.6081855795799)))","3946","0","1346","1346","5292"
"MULTIPOLYGON (((8.70964931705513 50.6013771534655,8.7106589410638 50.6016007990064,8.71140844791287 50.601196962456,8.71114832389244 50.6005694834112,8.71013871058972 50.6003458413829,8.7093892106016 50.6007496748869,8.70964931705513 50.6013771534655)))","30022","1522","4322","5844","35866"
"MULTIPOLYGON (((8.67264339918841 50.5806327437689,8.67365240577753 50.5808566954786,8.67440175604314 50.580452978653,8.67414209283841 50.5798253131584,8.67313309692975 50.5796013649665,8.67238375354547 50.5800050787516,8.67264339918841 50.5806327437689)))","831986","74986","111686","186672","1018658"
"MULTIPOLYGON (((8.69713643834417 50.6065823913921,8.69814603019295 50.6068061354692,8.69889561524769 50.6064024322142,8.69863560158355 50.6057749879274,8.69762602043583 50.605551247364,8.69687644225134 50.6059549475737,8.69713643834417 50.6065823913921)))","203546","9546","23846","33392","236938"
"MULTIPOLYGON (((8.70515216040582 50.6037999552358,8.70616178084246 50.6040236359649,8.70691132172682 50.603619851513,8.70665123531026 50.6029923893783,8.70564162557801 50.6027687121622,8.70489209155805 50.603172493568,8.70515216040582 50.6037999552358)))","1424165","32265","81165","113430","1537595"
"MULTIPOLYGON (((8.63370662216581 50.5640003415111,8.63471505377637 50.5642246128852,8.63546429449788 50.5638210616294,8.6352050967052 50.563193242034,8.63419667574988 50.5629689741829,8.63344744193209 50.5633725224042,8.63370662216581 50.5640003415111)))","2628","228","428","656","3284"
"MULTIPOLYGON (((8.69078901001712 50.6023262182515,8.69179848584586 50.6025500151485,8.69254803654266 50.6021463271174,8.69228810453721 50.6015188452337,8.69127863940495 50.6012950518514,8.69052909558174 50.6016987368382,8.69078901001712 50.6023262182515)))","520115","3815","15915","19730","539845"
"MULTIPOLYGON (((8.72362874016767 50.5930753535978,8.72463836409896 50.593298890061,8.72538775686083 50.5928948857274,8.72512751884145 50.5922673479785,8.72411790562079 50.5920438150269,8.723368519709 50.5924478163128,8.72362874016767 50.5930753535978)))","345837","58637","103137","161774","507611"
"MULTIPOLYGON (((8.66483133543543 50.5794685133677,8.66584025806089 50.579692528359,8.66658960968462 50.5792888612397,8.66633003179679 50.5786611821686,8.66532111984739 50.5784371706961,8.66457177510989 50.578840834776,8.66483133543543 50.5794685133677)))","1420375","142275","318375","460650","1881025"
"MULTIPOLYGON (((8.69452377306481 50.5803566553528,8.69553296361566 50.5805804312133,8.69628227203148 50.5801765483338,8.69602238302972 50.5795488926372,8.69501320317057 50.5793251202922,8.69426390162158 50.5797290001284,8.69452377306481 50.5803566553528)))","742218","19218","82518","101736","843954"
"MULTIPOLYGON (((8.69051730892285 50.5817482690945,8.69152648516808 50.5819720766117,8.69227581563767 50.5815682343187,8.69201596299231 50.5809405875513,8.69100679743709 50.58071678355,8.69025747383729 50.5811206228002,8.69051730892285 50.5817482690945)))","290210","12910","21210","34120","324330"
"MULTIPOLYGON (((8.71396051812321 50.5852345981552,8.71496994589095 50.5854582156496,8.71571927189793 50.585054224193,8.71545916328238 50.584426618288,8.71444974621789 50.5842030043067,8.71370042706586 50.5846069927173,8.71396051812321 50.5852345981552)))","241132","3432","15032","18464","259596"
"MULTIPOLYGON (((8.62009957299652 50.5820675066093,8.62110814805364 50.5822918800293,8.62185760634501 50.5818885679694,8.62159848266312 50.5812608855234,8.62058991825972 50.5810365156269,8.61984046688463 50.5814398246529,8.62009957299652 50.5820675066093)))","82015","415","14615","15030","97045"
"MULTIPOLYGON (((8.68134562504207 50.5728729864109,8.68235459439638 50.5730968713025,8.68310384603873 50.5726930303458,8.68284412145283 50.5720653075388,8.68183516278111 50.5718414261647,8.68108591801279 50.5722452640802,8.68134562504207 50.5728729864109)))","401424","33424","92824","126248","527672"
"MULTIPOLYGON (((8.7007621962331 50.5954188308176,8.70177165787918 50.5956425503212,8.70252111668748 50.5952387350916,8.70226110698416 50.5946112034035,8.70125165603761 50.5943874874139,8.70050220409495 50.5947912995985,8.7007621962331 50.5954188308176)))","7815","115","1015","1130","8945"
"MULTIPOLYGON (((8.62790931104921 50.5832346012806,8.628917970251 50.5834589114866,8.62966742735663 50.5830555497356,8.62940821834923 50.5824278808136,8.62839956980557 50.5822035741303,8.62765011961129 50.5826069328463,8.62790931104921 50.5832346012806)))","861637","13337","36237","49574","911211"
"MULTIPOLYGON (((8.66209341513503 50.5817107337342,8.6631023465852 50.5819347698256,8.66385172709486 50.5815311402531,8.66359216926603 50.5809034776286,8.66258324849124 50.5806794450562,8.66183387487004 50.5810830715894,8.66209341513503 50.5817107337342)))","358307","48707","114507","163214","521521"
"MULTIPOLYGON (((8.69903577855372 50.5602633028378,8.7000447178376 50.5604870505867,8.70079380290533 50.5600829813647,8.70053394182943 50.5594551674364,8.69952501323342 50.5592314232037,8.69877593502558 50.5596354893831,8.69903577855372 50.5602633028378)))","3798","398","1698","2096","5894"
"MULTIPOLYGON (((8.64065175694791 50.5564215623873,8.64166013905785 50.5566457810033,8.64240928636766 50.5562421201583,8.64215004467003 50.5556142437322,8.64114167321668 50.555390028639,8.64039253280449 50.5557936864491,8.64065175694791 50.5564215623873)))","344146","2746","4846","7592","351738"
"MULTIPOLYGON (((8.70440175473761 50.5665845469048,8.70541083126754 50.5668082489253,8.70615997447844 50.5664041874813,8.70590003430193 50.5657764270605,8.70489096846458 50.5655527285552,8.70414183211129 50.5659567869556,8.70440175473761 50.5665845469048)))","7702","202","702","904","8606"
"MULTIPOLYGON (((8.68519130301544 50.5400835737126,8.68619983248508 50.540307440929,8.68694872612858 50.539903322314,8.6866890834375 50.5392753395222,8.68568056464243 50.5390514758247,8.68493167786398 50.5394555914001,8.68519130301544 50.5400835737126)))","1048","0","448","448","1496"
"MULTIPOLYGON (((8.68977498646609 50.5445228942009,8.6907836192756 50.5447467227809,8.69153255228944 50.544342603501,8.69127284563104 50.5437146586817,8.69026422349985 50.5434908336198,8.6895152973489 50.5438949498593,8.68977498646609 50.5445228942009)))","3013","0","213","213","3226"
"MULTIPOLYGON (((8.63151027348937 50.5897352886635,8.63251905756101 50.5899595673057,8.63326857806862 50.5895562279308,8.63300930759447 50.5889286129496,8.63200053418485 50.5887043378292,8.63125102058748 50.5891076741682,8.63151027348937 50.5897352886635)))","76224","2724","3324","6048","82272"
"MULTIPOLYGON (((8.66211898657605 50.5640434466766,8.66312766329072 50.5642674897153,8.66387685438964 50.5638637258157,8.663617361889 50.5632359219156,8.66260869584427 50.5630118823969,8.66185951163036 50.5634156432583,8.66211898657605 50.5640434466766)))","844994","2294","13894","16188","861182"
"MULTIPOLYGON (((8.6051765732011 50.5747558124298,8.60618491408033 50.5749803086522,8.60693432007868 50.5745770529667,8.60667537827327 50.5739493040904,8.60566704803781 50.5737248113936,8.6049176489641 50.5741280640475,8.6051765732011 50.5747558124298)))","2423","0","423","423","2846"
"MULTIPOLYGON (((8.70030457767786 50.5611148565342,8.701313540134 50.561338593733,8.70206263206094 50.5609345214681,8.70180275467265 50.5603067150475,8.70079380290533 50.5600829813647,8.7000447178376 50.5604870505867,8.70030457767786 50.5611148565342)))","34229","329","629","958","35187"
"MULTIPOLYGON (((8.64442471163551 50.5766454565397,8.64543341795859 50.5768696366996,8.64618277535618 50.5764661010997,8.6459234195317 50.5758383883767,8.64491472387328 50.575614211738,8.64416537337484 50.5760177443012,8.64442471163551 50.5766454565397)))","6983","783","1583","2366","9349"
"MULTIPOLYGON (((8.68045604923393 50.581796481448,8.68146513975897 50.5820203698617,8.68221448863623 50.5816166033261,8.68195474011221 50.5809889514185,8.68094566027206 50.5807650665218,8.68019631827115 50.5811688300158,8.68045604923393 50.581796481448)))","408076","39876","47276","87152","495228"
"MULTIPOLYGON (((8.63480419988003 50.551129300832,8.63581245535121 50.5513535685433,8.63656155625707 50.5509499113696,8.63630239479145 50.5503219895184,8.63529414997219 50.5500977253309,8.63454505596677 50.5505013794707,8.63480419988003 50.551129300832)))","56378","2378","4178","6556","62934"
"MULTIPOLYGON (((8.63249078170001 50.5876733675043,8.63349954444774 50.5878976391028,8.63424904111288 50.5874942767156,8.63398976812124 50.5868666457657,8.63298101603536 50.586642377689,8.63223152627944 50.5870457370403,8.63249078170001 50.5876733675043)))","1429582","8082","60382","68464","1498046"
"MULTIPOLYGON (((8.68520235377749 50.6176117092582,8.68621200258064 50.6178355447944,8.68696172729889 50.6174320147756,8.68670179633381 50.616804652265,8.68569215822895 50.6165808202431,8.68494244039101 50.6169843472176,8.68520235377749 50.6176117092582)))","129446","8546","15446","23992","153438"
"MULTIPOLYGON (((8.71709368661077 50.5750982783769,8.71810299487816 50.5753218748159,8.71885220662807 50.5749177829237,8.7185921032598 50.5742900976383,8.71758280569414 50.5740665047127,8.71683360079513 50.5744705935592,8.71709368661077 50.5750982783769)))","5139","839","1839","2678","7817"
"MULTIPOLYGON (((8.68727097930621 50.6026859146496,8.68828043011623 50.602909739699,8.6890299909372 50.6025060807621,8.68877009407226 50.6018785998197,8.68776065395703 50.6016547782854,8.68701110001206 50.6020584341785,8.68727097930621 50.6026859146496)))","215551","4451","32251","36702","252253"
"MULTIPOLYGON (((8.71846771995575 50.5651408703946,8.71947689627847 50.5653644598464,8.72022599888356 50.5649602820735,8.71996591831804 50.5643325178942,8.71895675269474 50.5641089319562,8.71820765693768 50.5645131066838,8.71846771995575 50.5651408703946)))","372","0","272","272","644"
"MULTIPOLYGON (((8.71003275132937 50.6111489938054,8.71104251988409 50.6113726322202,8.71179213090941 50.610968867041,8.71153196651752 50.6103414664941,8.71052220867192 50.6101178315913,8.70977260450922 50.6105215937234,8.71003275132937 50.6111489938054)))","1048324","10824","27724","38548","1086872"
"MULTIPOLYGON (((8.71378735498897 50.5538403334431,8.71479632815062 50.5540639651452,8.71554531810564 50.5536597366692,8.71528532805022 50.5530318795352,8.71427636558209 50.5528082513479,8.71352738247597 50.5532124767799,8.71378735498897 50.5538403334431)))","256","0","156","156","412"
"MULTIPOLYGON (((8.68692943435508 50.5575776899309,8.68793823098243 50.557801536123,8.68868730883352 50.5573975372246,8.68842758318996 50.5567696951751,8.68741879724341 50.5565458525006,8.68666972625969 50.5569498483581,8.68692943435508 50.5575776899309)))","5127","227","327","554","5681"
"MULTIPOLYGON (((8.70224597178076 50.5746581530965,8.70325514634086 50.5748818691676,8.70400437990877 50.5744778851643,8.70374443205607 50.573850188134,8.7027352681899 50.573626475578,8.70198604148259 50.5740304565373,8.70224597178076 50.5746581530965)))","53446","5146","10046","15192","68638"
"MULTIPOLYGON (((8.69463207418858 50.5695493430044,8.69564110966622 50.5697731223987,8.69639030206046 50.5693691566555,8.69613045211256 50.5687414145607,8.69512142732336 50.5685176386826,8.69437224179376 50.5689216013832,8.69463207418858 50.5695493430044)))","469532","60532","152632","213164","682696"
"MULTIPOLYGON (((8.70897513366323 50.5886898347742,8.70998456857524 50.5889134909636,8.71073394054608 50.5885095630946,8.7104738707461 50.5878819820819,8.7094644465358 50.5876583294059,8.70871508142388 50.5880622542293,8.70897513366323 50.5886898347742)))","1429592","285492","318392","603884","2033476"
"MULTIPOLYGON (((8.72861410188666 50.5896196249965,8.72962371862101 50.5898431227594,8.73037306538036 50.5894390548375,8.73011278855934 50.5888114922009,8.72910318253713 50.5885879979492,8.72835384262391 50.588992062823,8.72861410188666 50.5896196249965)))","14364","2064","9464","11528","25892"
"MULTIPOLYGON (((8.69644762032356 50.6115579350501,8.69745727818482 50.6117816826148,8.69820691787115 50.6113780223271,8.69794689282466 50.6107506175202,8.69693724566562 50.6105268734689,8.69618761285098 50.6109305307112,8.69644762032356 50.6115579350501)))","4805","0","105","105","4910"
"MULTIPOLYGON (((8.71912109658943 50.6131614436243,8.72013097220475 50.6133850080563,8.72088058855315 50.6129811900838,8.72062032242935 50.6123538107276,8.71961045752844 50.6121302498065,8.71886084803705 50.6125340647306,8.71912109658943 50.6131614436243)))","3729","0","829","829","4558"
"MULTIPOLYGON (((8.68930133241523 50.6230780446732,8.69031109548979 50.6233018449686,8.69106087160931 50.6228983257808,8.69080087777572 50.6222710093429,8.68979112540326 50.6220472125611,8.6890413561624 50.6224507287036,8.68930133241523 50.6230780446732)))","14236","2536","2736","5272","19508"
"MULTIPOLYGON (((8.67404609945825 50.5530072714964,8.67505471951633 50.5532312231111,8.67580377128659 50.5528272860666,8.67554419612392 50.5521994004463,8.67453558673862 50.5519754523509,8.67378654184332 50.5523793863565,8.67404609945825 50.5530072714964)))","951","0","151","151","1102"
"MULTIPOLYGON (((8.71228156559958 50.6099376898127,8.71329133593506 50.6101613106309,8.71404092993502 50.6097575194001,8.71378074673867 50.6091301103985,8.7127709871131 50.6089064930922,8.71202139997406 50.6093102812756,8.71228156559958 50.6099376898127)))","412227","46727","58027","104754","516981"
"MULTIPOLYGON (((8.64027846106056 50.5466439542561,8.6412866990031 50.5468681797824,8.64203574225253 50.546464447536,8.64177654066357 50.5458364927976,8.64076831337441 50.5456122707948,8.64001927702095 50.546016000007,8.64027846106056 50.5466439542561)))","3806","206","506","712","4518"
"MULTIPOLYGON (((8.73585392711219 50.5672810443259,8.73686328329705 50.5675044929977,8.73761237764723 50.5671002012457,8.73735210897571 50.5664724638696,8.73634276349987 50.5662490187096,8.73559367598666 50.5666533074139,8.73585392711219 50.5672810443259)))","75871","41871","55971","97842","173713"
"MULTIPOLYGON (((8.66436654106959 50.5628321465156,8.66537521963476 50.5630561719774,8.66612439378061 50.5626523820388,8.66586488247813 50.5620245696768,8.66485621458373 50.5618005477348,8.66410704732115 50.5622043346351,8.66436654106959 50.5628321465156)))","1094","0","394","394","1488"
"MULTIPOLYGON (((8.69468833021316 50.6117378191433,8.69569797556827 50.6119615807888,8.69644762032356 50.6115579350501,8.69618761285098 50.6109305307112,8.69517797819728 50.6107067725794,8.69442834031487 50.6111104152728,8.69468833021316 50.6117378191433)))","3246","0","246","246","3492"
"MULTIPOLYGON (((8.64897831384481 50.5987465898425,8.64998737847416 50.5989707244301,8.65073696489804 50.5985673225574,8.65047747979212 50.5979397891358,8.64946842583654 50.5977156580676,8.64871884631317 50.5981190569016,8.64897831384481 50.5987465898425)))","7054","454","554","1008","8062"
"MULTIPOLYGON (((8.71672122123481 50.5476475487619,8.71773013023623 50.5478711593743,8.71847904864875 50.5474668619326,8.71821905121424 50.5468389569225,8.71721015290598 50.546615349825,8.71646124133919 50.5470196442227,8.71672122123481 50.5476475487619)))","14408","4608","9608","14216","28624"
"MULTIPOLYGON (((8.69624837527861 50.6155021337802,8.69725808845726 50.6157258813168,8.69800777084046 50.6153222524948,8.69774773317251 50.6146948791818,8.6967380306972 50.6144711351585,8.6959883551866 50.6148747609349,8.69624837527861 50.6155021337802)))","125085","3585","4285","7870","132955"
"MULTIPOLYGON (((8.69109739359305 50.5875768551988,8.69210665898753 50.5878006556676,8.69285605091982 50.5873968532908,8.69259617058725 50.5867692534885,8.69158691588488 50.5865454565352,8.69083753082312 50.5869492558687,8.69109739359305 50.5875768551988)))","134656","4656","11256","15912","150568"
"MULTIPOLYGON (((8.66460548681704 50.60107676267,8.66561471956267 50.6013007706671,8.66636430336091 50.6008972693638,8.66610464752296 50.600269763104,8.66509542545986 50.6000457586245,8.6643458485523 50.6004492568871,8.66460548681704 50.60107676267)))","41180","1280","3680","4960","46140"
"MULTIPOLYGON (((8.62741903911401 50.5842656089418,8.62842770897404 50.5844899226703,8.62917717799839 50.5840865724252,8.628917970251 50.5834589114866,8.62790931104921 50.5832346012806,8.6271598489367 50.5836379484908,8.62741903911401 50.5842656089418)))","209133","1133","9433","10566","219699"
"MULTIPOLYGON (((8.67720687654354 50.6027332706702,8.67821624156431 50.6029571766501,8.67896582078819 50.6025535934905,8.6787060281087 50.6019261073936,8.67769667377752 50.6017022049298,8.67694710143634 50.6021057850469,8.67720687654354 50.6027332706702)))","103586","4186","9786","13972","117558"
"MULTIPOLYGON (((8.66214454510018 50.546371836547,8.663152967208 50.5465958864874,8.66390196899184 50.5461919882841,8.6636425417865 50.5455640431774,8.6626341303433 50.545339996758,8.66188513544095 50.5457438919242,8.66214454510018 50.546371836547)))","3041","0","141","141","3182"
"MULTIPOLYGON (((8.67818645783295 50.6006711196975,8.67919580147461 50.6008950186452,8.67994535683011 50.6004914124779,8.67968556166244 50.5998639104054,8.67867622871028 50.5996400149738,8.67792668023639 50.6000436180987,8.67818645783295 50.6006711196975)))","625491","5091","23891","28982","654473"
"MULTIPOLYGON (((8.72450334229427 50.6018172396004,8.72551310005412 50.6020407654121,8.72626258501483 50.6016368209303,8.72600230536461 50.6010093536853,8.72499255831853 50.6007858313846,8.72424308020901 50.601189772818,8.72450334229427 50.6018172396004)))","528","0","128","128","656"
"MULTIPOLYGON (((8.63992845244422 50.5790664526748,8.64093715500136 50.5792906679886,8.6416865462756 50.5788871844777,8.64142722809026 50.5782594886892,8.6404185361962 50.578035276897,8.63966915182452 50.5784387573717,8.63992845244422 50.5790664526748)))","4414","214","514","728","5142"
"MULTIPOLYGON (((8.72391028852401 50.6136518164496,8.72492021229839 50.6138753421268,8.72566982531959 50.6134714920045,8.72540950771257 50.6128441192542,8.72439959465526 50.6126205970874,8.723649988488 50.6130244441606,8.72391028852401 50.6136518164496)))","130","0","330","330","460"
"MULTIPOLYGON (((8.70822284017961 50.5514663098914,8.70923173138674 50.5516899873153,8.70998070586469 50.5512857825091,8.70972078228355 50.5506579033223,8.70871190176638 50.5504342294141,8.70796293414051 50.5508384311771,8.70822284017961 50.5514663098914)))","2839","1339","3139","4478","7317"
"MULTIPOLYGON (((8.7213911269824 50.5766202851067,8.72240049406581 50.5768438463428,8.72314971443047 50.5764397338149,8.72288956086348 50.5758120630973,8.72188020448447 50.575588505374,8.72113099096815 50.5759926148555,8.7213911269824 50.5766202851067)))","217","0","217","217","434"
"MULTIPOLYGON (((8.65283992456337 50.5659730917491,8.65384854931024 50.5661972085878,8.65459777747698 50.565793528883,8.65433837400551 50.5651657353767,8.65332975992442 50.5649416220589,8.65258053864917 50.5653452987266,8.65283992456337 50.5659730917491)))","574624","142524","153224","295748","870372"
"MULTIPOLYGON (((8.68397293549553 50.5814366965938,8.68498205103783 50.5816605568718,8.68573138980854 50.5812567612505,8.68547160616302 50.5806291083932,8.68446250130728 50.5804052516319,8.68371316941058 50.5808090442112,8.68397293549553 50.5814366965938)))","867938","2238","32538","34776","902714"
"MULTIPOLYGON (((8.62941387982861 50.5624753456605,8.63042225247493 50.5626996521324,8.63117148439497 50.5622961214825,8.63091233676255 50.5616682873947,8.62990397476883 50.5614439844465,8.629154749755 50.5618475120624,8.62941387982861 50.5624753456605)))","59315","2815","7815","10630","69945"
"MULTIPOLYGON (((8.71336585243195 50.5970715371368,8.71437544610145 50.5972951545462,8.71512490011149 50.5968912574456,8.71486475359452 50.5962637459825,8.71385517063157 50.5960401320856,8.71310572347919 50.5964440261395,8.71336585243195 50.5970715371368)))","317354","70354","78654","149008","466362"
"MULTIPOLYGON (((8.67934490614617 50.6123245763242,8.68035442817072 50.6125484611621,8.68110410654247 50.6121449348579,8.68084425600667 50.6115175267593,8.67983474467578 50.6112936454367,8.67908507318715 50.6116971686975,8.67934490614617 50.6123245763242)))","113545","2745","14745","17490","131035"
"MULTIPOLYGON (((8.6957018003799 50.5743473212341,8.69671091428972 50.574571090071,8.69746015619455 50.574167152738,8.69720027732484 50.5735394496112,8.69619117410549 50.5733156842901,8.69544193906549 50.57371961858,8.6957018003799 50.5743473212341)))","58991","2191","10291","12482","71473"
"MULTIPOLYGON (((8.6624954732865 50.5738192202083,8.66350429428845 50.5740432562685,8.66425358948479 50.573639563761,8.66399405679262 50.5730118382321,8.66298524646379 50.5727878056912,8.66223595815414 50.5731914951599,8.6624954732865 50.5738192202083)))","363184","34984","59384","94368","457552"
"MULTIPOLYGON (((8.6666533680743 50.6038107327583,8.66766265793563 50.6040347231682,8.66841226744589 50.6036312272877,8.66815258020507 50.6030037440385,8.66714330102822 50.6027797571458,8.66639369840782 50.6031832499851,8.6666533680743 50.6038107327583)))","270","170","770","940","1210"
"MULTIPOLYGON (((8.63666796726068 50.6000006598295,8.63767694401229 50.6002248928539,8.63842656559392 50.5998215927932,8.63816720351515 50.5991940627452,8.63715823743133 50.5989698332414,8.63640862275857 50.599373130265,8.63666796726068 50.6000006598295)))","366","0","166","166","532"
"MULTIPOLYGON (((8.71398545317627 50.5498925164231,8.7149943710992 50.5501161481326,8.71574331843448 50.549711888217,8.71548334099894 50.5490839996358,8.71447443376844 50.5488603714414,8.71372549328116 50.5492646283132,8.71398545317627 50.5498925164231)))","19683","4783","10183","14966","34649"
"MULTIPOLYGON (((8.69269237518736 50.5560052635352,8.6937011986094 50.5562290640229,8.69445024937096 50.5558250100116,8.69419046984738 50.5551971585542,8.69318165710864 50.5549733615836,8.69243261321032 50.5553774125533,8.69269237518736 50.5560052635352)))","129","0","129","129","258"
"MULTIPOLYGON (((8.72628130975635 50.566301611174,8.72729056979837 50.566525137282,8.72803967083904 50.5661209097926,8.72777950499469 50.5654931592415,8.72677025565643 50.5652696366463,8.72602116145887 50.5656738610894,8.72628130975635 50.566301611174)))","2643","243","343","586","3229"
"MULTIPOLYGON (((8.62050628321533 50.574177065061,8.62151474791387 50.5744014383904,8.62226412088256 50.573998063363,8.62200502223839 50.5733703180397,8.62099656819141 50.5731459482343,8.62024720213712 50.5735493202282,8.62050628321533 50.574177065061)))","132","0","132","132","264"
"MULTIPOLYGON (((8.66939207493913 50.6015692265255,8.67040135596096 50.6017931958309,8.67115093656141 50.6013896623944,8.67089122925257 50.6007621626941,8.66988195891595 50.6005381969058,8.66913238520307 50.6009417273009,8.66939207493913 50.6015692265255)))","16027","527","1227","1754","17781"
"MULTIPOLYGON (((8.6182947702603 50.5577203719165,8.61930297854379 50.5579447696025,8.62005217901094 50.5575412862244,8.6197931642821 50.5569134081925,8.61878496664401 50.5566890140316,8.61803577308946 50.5570924943775,8.6182947702603 50.5577203719165)))","19814","0","714","714","20528"
"MULTIPOLYGON (((8.71208320272618 50.6138821714129,8.71309302839353 50.6141057921926,8.71384266508669 50.6137020324208,8.71358246925075 50.6130746549171,8.71257265429444 50.612851037649,8.7118230244631 50.6132547943732,8.71208320272618 50.6138821714129)))","482430","21230","32430","53660","536090"
"MULTIPOLYGON (((8.71652328090153 50.5515955229853,8.71753224514108 50.5518191335897,8.71828120617034 50.5514148675858,8.71802119611351 50.5507869940219,8.71701224256823 50.5505633869322,8.71626328838565 50.5509676498919,8.71652328090153 50.5515955229853)))","14786","186","486","672","15458"
"MULTIPOLYGON (((8.69785825413173 50.5662739402058,8.69886727003279 50.5664976949845,8.69961642158559 50.5660936802061,8.69935655037559 50.5654659136921,8.69834754516367 50.5652421624295,8.6975984004727 50.565646174165,8.69785825413173 50.5662739402058)))","137596","32996","34696","67692","205288"
"MULTIPOLYGON (((8.73135924530104 50.5697065773969,8.73236859799629 50.5699300612485,8.73311772640256 50.5695258215714,8.73285749527332 50.5688981010899,8.73184815328554 50.5686746207504,8.73109903171967 50.5690788573802,8.73135924530104 50.5697065773969)))","2663","663","10163","10826","13489"
"MULTIPOLYGON (((8.70028865449173 50.5787846683474,8.70129787182823 50.5790083984784,8.7020471531162 50.5786044604701,8.70178721020508 50.5779767953749,8.70077800356277 50.5777530687589,8.7000287291375 50.5781570037233,8.70028865449173 50.5787846683474)))","236305","12305","39705","52010","288315"
"MULTIPOLYGON (((8.65422671786796 50.6158672525335,8.65523607508251 50.616091337918,8.65598583601983 50.6156880267967,8.65572623284229 50.6150606333312,8.65471688630948 50.6148365514645,8.65396713227256 50.6152398595455,8.65422671786796 50.6158672525335)))","144572","672","4272","4944","149516"
"MULTIPOLYGON (((8.62025547677631 50.5535948234888,8.62126364247857 50.5538192070741,8.62201279531536 50.5534156776836,8.62175377553944 50.5527877677398,8.6207456204823 50.5525633876795,8.61999647455607 50.552966914038,8.62025547677631 50.5535948234888)))","980775","1875","318375","320250","1301025"
"MULTIPOLYGON (((8.69862149930888 50.5858252171376,8.69963080400129 50.5860489577996,8.70038016374241 50.5856450857449,8.70012021192603 50.5850174760724,8.69911091792909 50.5847937389251,8.69836156505316 50.5851976079357,8.69862149930888 50.5858252171376)))","231359","25459","51959","77418","308777"
"MULTIPOLYGON (((8.66788225397404 50.562472588966,8.66889095757476 50.5626965863127,8.66964012164665 50.5622927672968,8.66938057523713 50.561664953973,8.66837188230891 50.5614409601458,8.66762272511789 50.5618447761229,8.66788225397404 50.562472588966)))","322","0","322","322","644"
"MULTIPOLYGON (((8.72694009552087 50.6143223688123,8.7279500549681 50.6145458698201,8.72869966974739 50.6141420020978,8.72843931822751 50.6135146364172,8.72742936949913 50.6132911389194,8.7266797615719 50.6136950035922,8.72694009552087 50.6143223688123)))","1811","0","111","111","1922"
"MULTIPOLYGON (((8.69022730354157 50.5788338052189,8.69123643521806 50.579057616258,8.69198573495996 50.5786537540075,8.69172589615615 50.5780260837606,8.69071677516866 50.5778022762377,8.68996748229611 50.5782061354455,8.69022730354157 50.5788338052189)))","426861","17761","146661","164422","591283"
"MULTIPOLYGON (((8.65661716774768 50.586194674546,8.6576261168323 50.5864187528384,8.6583755551094 50.5860151983637,8.65811603740906 50.5853875686354,8.65710709899835 50.5851634938624,8.65635766761422 50.5855670452983,8.65661716774768 50.586194674546)))","391124","66824","81424","148248","539372"
"MULTIPOLYGON (((8.72344113361011 50.5793544662694,8.72445055774485 50.5795780098876,8.72519980373906 50.5791739027633,8.7249396187511 50.5785462550677,8.72393020532266 50.578322714962,8.72318096617599 50.5787268190394,8.72344113361011 50.5793544662694)))","2392","492","1592","2084","4476"
"MULTIPOLYGON (((8.71054889009816 50.5747882603924,8.71155813776562 50.5750119096159,8.71230735790004 50.5746078643978,8.71204732351196 50.5739801730014,8.71103808654275 50.573756527292,8.71028887326348 50.5741605694651,8.71054889009816 50.5747882603924)))","325863","77263","200363","277626","603489"
"MULTIPOLYGON (((8.65491843064782 50.6108928244645,8.65592772190909 50.6111169063293,8.65667742821156 50.610713552219,8.65641783635388 50.6100861192841,8.65540855577316 50.6098620409374,8.65465885636967 50.6102653920075,8.65491843064782 50.6108928244645)))","110114","2114","10914","13028","123142"
"MULTIPOLYGON (((8.6285180555024 50.571398513373,8.62952654914449 50.5716228234587,8.63027587827141 50.5712193672663,8.63001670684777 50.5705916040226,8.62900822386054 50.5703672974602,8.62825890164222 50.5707707506182,8.6285180555024 50.571398513373)))","85182","4582","10482","15064","100246"
"MULTIPOLYGON (((8.64353055012748 50.5855673138147,8.64453937753559 50.5857914975492,8.64528883217927 50.5853880364046,8.64502945251351 50.5847603945629,8.64402063577231 50.5845362143492,8.64327118803011 50.5849396724566,8.64353055012748 50.5855673138147)))","123233","19633","32333","51966","175199"
"MULTIPOLYGON (((8.63309880389256 50.5758378452335,8.63410740104464 50.5760621167288,8.6348567697162 50.5756586599014,8.63459753432933 50.5750309346138,8.63358894783581 50.574806666641,8.6328395860707 50.5752101204332,8.63309880389256 50.5758378452335)))","28116","4116","6416","10532","38648"
"MULTIPOLYGON (((8.66171694295166 50.5719360295796,8.66272573008284 50.5721600726606,8.66347500647132 50.5717563716902,8.66321548884193 50.5711286306776,8.66220671238292 50.5709045911162,8.66145744288126 50.571308289048,8.66171694295166 50.5719360295796)))","1429572","210972","318372","529344","1958916"
"MULTIPOLYGON (((8.71670944841491 50.565321430102,8.71771861226984 50.5655450336263,8.71846771995575 50.5651408703946,8.71820765693768 50.5645131066838,8.71719850378131 50.5642895066734,8.7164494029446 50.5646936668599,8.71670944841491 50.565321430102)))","1750","0","150","150","1900"
"MULTIPOLYGON (((8.64528883217927 50.5853880364046,8.6462976721348 50.5856122060805,8.64704712175661 50.585208730394,8.64678772452274 50.584581088069,8.645778895235 50.5843569219137,8.64502945251351 50.5847603945629,8.64528883217927 50.5853880364046)))","274787","42687","98087","140774","415561"
"MULTIPOLYGON (((8.68953829238631 50.5838111817285,8.69054749001189 50.5840349962774,8.69129684434144 50.5836311769853,8.69103699417478 50.5830035461872,8.69002780723939 50.5827797351541,8.68927845978062 50.5831835514034,8.68953829238631 50.5838111817285)))","1429550","125450","233150","358600","1788150"
"MULTIPOLYGON (((8.65197506475796 50.5572280858583,8.65298355593384 50.5574522131666,8.6537326919341 50.5570484735662,8.65347332986824 50.556420609694,8.65246484935504 50.5561964859072,8.65171572024512 50.5566002224712,8.65197506475796 50.5572280858583)))","1429504","4004","219904","223908","1653412"
"MULTIPOLYGON (((8.67293265161025 50.5835470432041,8.67394170276062 50.5837709914017,8.67469108376052 50.5833672945392,8.6744314067285 50.5827396525198,8.67342236625967 50.5825157078398,8.67267299214146 50.5829194016617,8.67293265161025 50.5835470432041)))","903007","77607","146607","224214","1127221"
"MULTIPOLYGON (((8.68179396698011 50.6071697269434,8.68280343553709 50.6073935942047,8.68355305422153 50.6069900103773,8.68329319746863 50.606362562332,8.68228373960499 50.606138698586,8.68153412780104 50.6065422793701,8.68179396698011 50.6071697269434)))","2246","246","346","592","2838"
"MULTIPOLYGON (((8.62197709861602 50.5710836561215,8.62298553136008 50.5713080188791,8.62373486858755 50.5709046093365,8.62347576615819 50.5702768400699,8.62246734406548 50.5700524808362,8.62171801375088 50.5704558873454,8.62197709861602 50.5710836561215)))","6724","824","924","1748","8472"
"MULTIPOLYGON (((8.67311030292632 50.59726536688,8.67411955373185 50.5974893080472,8.67486908155692 50.5970857140484,8.67460935169224 50.596458181924,8.67360011157249 50.5962342442736,8.67285059063172 50.5966378352308,8.67311030292632 50.59726536688)))","656374","27774","76974","104748","761122"
"MULTIPOLYGON (((8.69947662961916 50.612229153095,8.70048632319138 50.6124528760099,8.70123596467709 50.6120491981273,8.70097590572091 50.6114218003756,8.69996622285272 50.6111980809738,8.6992165882368 50.6116017558106,8.69947662961916 50.612229153095)))","194060","21960","28460","50420","244480"
"MULTIPOLYGON (((8.69960032338023 50.5837622412272,8.70060960668175 50.5839859748597,8.70135894255812 50.5835820798051,8.70109898826897 50.5829544541621,8.7000897156628 50.5827307240443,8.69934038665056 50.5831346160548,8.69960032338023 50.5837622412272)))","233229","5529","20429","25958","259187"
"MULTIPOLYGON (((8.70018121045459 50.5895907638441,8.70119058292065 50.5898144904154,8.70193998025803 50.5894106352723,8.70167999826456 50.5887830566027,8.70067063649599 50.5885593335458,8.6999212460235 50.5889631856443,8.70018121045459 50.5895907638441)))","234417","2917","54817","57734","292151"
"MULTIPOLYGON (((8.69965959348679 50.6259429650848,8.7006694869653 50.6261666808408,8.70141927537589 50.6257631058144,8.70115916343575 50.6251358180787,8.70014928066558 50.624912105835,8.69939949912735 50.6253156778147,8.69965959348679 50.6259429650848)))","12907","3607","5207","8814","21721"
"MULTIPOLYGON (((8.70262820896354 50.5844334174922,8.70363752794301 50.5846571264916,8.70438686561259 50.5842532138485,8.70412687744058 50.5836255952505,8.70311756915828 50.5834018897655,8.70236823835094 50.5838057993641,8.70262820896354 50.5844334174922)))","63337","5737","10937","16674","80011"
"MULTIPOLYGON (((8.62307687731648 50.5582144125913,8.62408513392956 50.5584387716716,8.62483433131172 50.5580352561891,8.62457526517135 50.5574073846591,8.62356701920628 50.5571830291034,8.6228178287337 50.5575865415531,8.62307687731648 50.5582144125913)))","1250","0","250","250","1500"
"MULTIPOLYGON (((8.66812312739496 50.6007177474425,8.66913238520307 50.6009417273009,8.66988195891595 50.6005381969058,8.66962226793258 50.5999106896937,8.66861302080874 50.5996867133525,8.66786345398414 50.6000902407064,8.66812312739496 50.6007177474425)))","27080","480","1880","2360","29440"
"MULTIPOLYGON (((8.67765068463475 50.5595097673409,8.67865942943932 50.5597336873551,8.67940854446084 50.5593297726476,8.67914890780406 50.5587019409658,8.67814017367612 50.5584780244702,8.67739106552844 50.5588819361379,8.67765068463475 50.5595097673409)))","991973","7673","9273","16946","1008919"
"MULTIPOLYGON (((8.71484601910567 50.5763104843839,8.71585532560132 50.5765340984117,8.71660455436461 50.5761300325599,8.71634446977973 50.5755023557261,8.71533517398504 50.5752787452119,8.71458595207435 50.575682808018,8.71484601910567 50.5763104843839)))","13049","3349","3549","6898","19947"
"MULTIPOLYGON (((8.70896139585786 50.6063533055861,8.70997108588915 50.6065769546074,8.71072064736266 50.6061731610161,8.71046051194269 50.6055457214503,8.70945083261855 50.6053220759414,8.70870127800738 50.605725866486,8.70896139585786 50.6063533055861)))","366129","17429","19529","36958","403087"
"MULTIPOLYGON (((8.71607959813116 50.6301486750072,8.71708969338746 50.6303722568493,8.71783949759155 50.6299685907716,8.71757919967704 50.629341345901,8.71656911513884 50.6291177675692,8.71581931779712 50.6295214305978,8.71607959813116 50.6301486750072)))","1432","332","932","1264","2696"
"MULTIPOLYGON (((8.61604713697182 50.5589307524042,8.61705534333577 50.5591551676581,8.61780456070601 50.5587517103194,8.61754556479804 50.5581238407589,8.61653736907868 50.5578994290303,8.61578815862278 50.558302883337,8.61604713697182 50.5589307524042)))","6344","344","944","1288","7632"
"MULTIPOLYGON (((8.70564162557801 50.6027687121622,8.70665123531026 50.6029923893783,8.70740076425479 50.6025885934247,8.70714067660326 50.6019611233012,8.7061310775753 50.6017374495981,8.70538155549469 50.6021412425056,8.70564162557801 50.6027687121622)))","976210","45810","91510","137320","1113530"
"MULTIPOLYGON (((8.67250874384667 50.6090988141987,8.67351816047912 50.6093227553489,8.67426781636413 50.6089192557644,8.67400804872975 50.608291818072,8.6729986427864 50.6080678804381,8.67224899378841 50.6084713769803,8.67250874384667 50.6090988141987)))","9613","113","513","626","10239"
"MULTIPOLYGON (((8.64310120663231 50.5512636988511,8.64410953546004 50.5514878998531,8.64485862321392 50.5510841815032,8.64459937524514 50.5504562651864,8.64359105707365 50.5502320677072,8.6428419762148 50.5506357830221,8.64310120663231 50.5512636988511)))","942","0","942","942","1884"
"MULTIPOLYGON (((8.62779071153597 50.5940378691058,8.62879952569015 50.5942621758921,8.62954909889561 50.5938588970869,8.62928985103343 50.5932313145311,8.62828104754064 50.5930070112668,8.62753148124871 50.5934102870363,8.62779071153597 50.5940378691058)))","145833","1833","14833","16666","162499"
"MULTIPOLYGON (((8.66240771535011 50.5669583468284,8.66341643659898 50.5671823863695,8.66416565842064 50.5667786424329,8.66390615210819 50.5661508619937,8.66289744153036 50.5659268259725,8.66214822659408 50.5663305668707,8.66240771535011 50.5669583468284)))","7804","1704","2504","4208","12012"
"MULTIPOLYGON (((8.70079380290533 50.5600829813647,8.70180275467265 50.5603067150475,8.70255183467524 50.5599026312859,8.70229195605189 50.5592748168844,8.70128301497328 50.5590510867176,8.70053394182943 50.5594551674364,8.70079380290533 50.5600829813647)))","1764","0","364","364","2128"
"MULTIPOLYGON (((8.73516811155846 50.5722601121897,8.73617753374322 50.5724835643407,8.73692668266665 50.5720793155205,8.73666640256709 50.5714516175974,8.73565699109255 50.5712281689579,8.73490784900748 50.5716324147302,8.73516811155846 50.5722601121897)))","134","0","2034","2034","2168"
"MULTIPOLYGON (((8.72536857307002 50.628216984861,8.7263787200437 50.6284404927276,8.72712848683217 50.6280367423795,8.72686809979131 50.6274094872151,8.72585796353993 50.6271859828579,8.7251082036073 50.6275897301558,8.72536857307002 50.628216984861)))","630","0","130","130","760"
"MULTIPOLYGON (((8.66422855386183 50.5913046040159,8.66523764220296 50.5915286190366,8.66598712182395 50.5911250463245,8.66572750621498 50.5904974616318,8.66471842855325 50.5902734501293,8.66396895582122 50.5906770198013,8.66422855386183 50.5913046040159)))","1087665","23965","117965","141930","1229595"
"MULTIPOLYGON (((8.70606792045691 50.5595418453091,8.70707690966384 50.5597655367908,8.70782597446215 50.5593614094102,8.70756604319858 50.5587335935915,8.70655706468294 50.5585099056252,8.70580800673973 50.5589140299624,8.70606792045691 50.5595418453091)))","325","225","625","850","1175"
"MULTIPOLYGON (((8.65430939114227 50.5628786242327,8.65531798389202 50.5631027305087,8.65606717630786 50.5626990163,8.65580776908417 50.5620711988525,8.65479918700002 50.5618470960975,8.65405000147409 50.5622508072691,8.65430939114227 50.5628786242327)))","24143","2443","2643","5086","29229"
"MULTIPOLYGON (((8.72813390073636 50.5729830126445,8.72914327309515 50.5732065211105,8.72989244239378 50.5728023304631,8.72963223249059 50.5721746343969,8.7286228708386 50.5719511294431,8.72787370838314 50.5723553170435,8.72813390073636 50.5729830126445)))","948206","2806","11706","14512","962718"
"MULTIPOLYGON (((8.6133542004028 50.5856968717177,8.61436276969516 50.5859212978602,8.61511227873146 50.5855180639426,8.61485321155409 50.5848904069159,8.6138446529131 50.5846659842974,8.61309515079822 50.5850692151817,8.6133542004028 50.5856968717177)))","607440","5140","30540","35680","643120"
"MULTIPOLYGON (((8.66768156701912 50.5664191478492,8.66869032582879 50.5666431452146,8.66943953254057 50.56623935766,8.66917997356102 50.5656115757788,8.66817122542492 50.5653875819326,8.66742202559492 50.5657913664483,8.66768156701912 50.5664191478492)))","66237","3037","6637","9674","75911"
"MULTIPOLYGON (((8.72843433591823 50.558226062428,8.72944349787809 50.5584495745068,8.73019250856813 50.5580452696009,8.72993235045832 50.5574174556624,8.72892319920085 50.5571939470967,8.72817419535093 50.5575982489564,8.72843433591823 50.558226062428)))","49332","11732","15032","26764","76096"
"MULTIPOLYGON (((8.71163294068749 50.5619158123899,8.71264201187307 50.5621394581417,8.71339109215808 50.5617353070892,8.71313109440579 50.5611075133293,8.7121220339151 50.5608838710923,8.71137296048198 50.5612880191005,8.71163294068749 50.5619158123899)))","2706","0","106","106","2812"
"MULTIPOLYGON (((8.62643845570542 50.5863275657949,8.627447146882 50.5865518865687,8.62819663974461 50.5861485593359,8.62793743451782 50.5855209143645,8.62692875399958 50.5852965971133,8.62617926804986 50.5856999213111,8.62643845570542 50.5863275657949)))","275947","10847","30647","41494","317441"
"MULTIPOLYGON (((8.64583534594857 50.608875718412,8.64684452987441 50.6090998741274,8.64759423056388 50.6086965727765,8.64733474042304 50.6080691187492,8.64632556717244 50.6078449665529,8.64557587338759 50.608248264865,8.64583534594857 50.608875718412)))","1735","0","435","435","2170"
"MULTIPOLYGON (((8.68283453319311 50.5521070584002,8.68384321576108 50.5523309397255,8.68459224230176 50.5519269299945,8.68433257940562 50.5512990419783,8.68332390751469 50.5510751641714,8.68257488784299 50.5514791708624,8.68283453319311 50.5521070584002)))","498","0","398","398","896"
"MULTIPOLYGON (((8.65451080823419 50.5589320342355,8.65551934579495 50.5591561404812,8.65626849557386 50.5587523948072,8.65600910090315 50.5581245459245,8.65500057400685 50.5579004432,8.65425143111693 50.5583041858371,8.65451080823419 50.5589320342355)))","12051","451","1051","1502","13553"
"MULTIPOLYGON (((8.69770071292202 50.6300662071014,8.69871064923441 50.6302899369065,8.69946048543327 50.6298864079015,8.69920037844541 50.6292591521382,8.69819045284159 50.6290354258454,8.69744062351721 50.6294389518036,8.69770071292202 50.6300662071014)))","31529","0","129","129","31658"
"MULTIPOLYGON (((8.66013394997279 50.5858356935762,8.66114292412497 50.5860597437434,8.66189235233454 50.5856561601832,8.66163279950145 50.5850285294951,8.66062383602488 50.5848044828469,8.65987441470591 50.5852080633679,8.66013394997279 50.5858356935762)))","507169","84469","116769","201238","708407"
"MULTIPOLYGON (((8.70684769176739 50.56142526037,8.70785671483505 50.5616489448143,8.7086057984135 50.5612448258864,8.7083458520695 50.5606170255578,8.70733683969411 50.5603933446287,8.70658776297061 50.560797460513,8.70684769176739 50.56142526037)))","1187","0","487","487","1674"
"MULTIPOLYGON (((8.67201883172483 50.6101297284649,8.67302825904646 50.6103536731313,8.67377792686735 50.6099501850521,8.67351816047912 50.6093227553489,8.67250874384667 50.6090988141987,8.67175908291334 50.6095022992356,8.67201883172483 50.6101297284649)))","40285","185","3185","3370","43655"
"MULTIPOLYGON (((8.68993732279204 50.5759192274726,8.69094640990364 50.5761430420319,8.69169567892037 50.5757391598245,8.69143585395666 50.5751114661002,8.69042677753304 50.5748876550571,8.68967751538527 50.5752915342222,8.68993732279204 50.5759192274726)))","189328","3028","9628","12656","201984"
"MULTIPOLYGON (((8.67987693282012 50.5759675502519,8.68088593422259 50.5761914456955,8.68163522164117 50.5757876392396,8.68137550078172 50.5751599403812,8.68036651006201 50.5749360484549,8.67961722951908 50.5753398518697,8.67987693282012 50.5759675502519)))","753145","17245","27745","44990","798135"
"MULTIPOLYGON (((8.62398676652266 50.5914821168419,8.6249955109918 50.5917064552284,8.62574506345459 50.5913031855295,8.62548586453282 50.5906755804791,8.62447713072234 50.5904512456151,8.62372758517508 50.590854512279,8.62398676652266 50.5914821168419)))","16777","0","277","277","17054"
"MULTIPOLYGON (((8.67595984077884 50.5842188631822,8.67696892764589 50.5844427867645,8.67771831047916 50.5840390723179,8.6774585995657 50.5834114373303,8.67644952338195 50.5831875172653,8.67570014742847 50.5835912286707,8.67595984077884 50.5842188631822)))","1429563","108863","206363","315226","1744789"
"MULTIPOLYGON (((8.66329931989673 50.5580335511802,8.66430792007452 50.5582575871545,8.66505704470214 50.5578537687926,8.66479756226913 50.5572259174945,8.66378897276009 50.5570018850404,8.66303985501546 50.5574057003644,8.66329931989673 50.5580335511802)))","468700","121900","123800","245700","714400"
"MULTIPOLYGON (((8.70954328080938 50.6121801365267,8.71055306007334 50.6124037784536,8.7113026830422 50.6120000247767,8.71104251988409 50.6113726322202,8.71003275132937 50.6111489938054,8.70928313522365 50.6115527444351,8.70954328080938 50.6121801365267)))","1429590","14990","266490","281480","1711070"
"MULTIPOLYGON (((8.6129017406808 50.5690640227641,8.61391006606764 50.5692884592263,8.61465939753978 50.5688851023966,8.61440039670681 50.568257312137,8.61339208196604 50.5680328792,8.61264275741232 50.5684362329974,8.6129017406808 50.5690640227641)))","5256","556","856","1412","6668"
"MULTIPOLYGON (((8.66347500647132 50.5717563716902,8.66448380612702 50.5719804007117,8.66523307748022 50.5715766852012,8.66497354229218 50.5709489437079,8.6639647533095 50.5707249182058,8.66321548884193 50.5711286306776,8.66347500647132 50.5717563716902)))","164337","16337","52437","68774","233111"
"MULTIPOLYGON (((8.67773993624789 50.5663716142698,8.67874878080933 50.5665955307907,8.6794979691839 50.5661916674981,8.67923830612207 50.5655638907249,8.6782294722394 50.5653399777221,8.67748029073998 50.5657438379745,8.67773993624789 50.5663716142698)))","35106","3306","5506","8812","43918"
"MULTIPOLYGON (((8.6716639641912 50.5826954429163,8.67267299214146 50.5829194016617,8.67342236625967 50.5825157078398,8.67316270554537 50.5818880583131,8.67215368827569 50.5816641030856,8.67140432103983 50.5820677938669,8.6716639641912 50.5826954429163)))","1429516","285416","318316","603732","2033248"
"MULTIPOLYGON (((8.63313169488067 50.5581704996277,8.63414003746664 50.5583947779581,8.6348892167338 50.5579911867607,8.63463004651222 50.557363320267,8.63362171457942 50.5571390454601,8.63287254221521 50.5575426336234,8.63313169488067 50.5581704996277)))","35235","2135","8535","10670","45905"
"MULTIPOLYGON (((8.66416565842064 50.5667786424329,8.66517439219157 50.5670026679159,8.66592360897805 50.56659890944,8.66566408510958 50.5659711285198,8.66465536201052 50.5657471065564,8.66390615210819 50.5661508619937,8.66416565842064 50.5667786424329)))","134280","5180","44080","49260","183540"
"MULTIPOLYGON (((8.72558532297314 50.5889490823995,8.72659490406231 50.5891726048162,8.72734424906731 50.5887685544885,8.72708400613527 50.5881409847918,8.72607443575644 50.5879174658866,8.72532509759944 50.5883215131666,8.72558532297314 50.5889490823995)))","16170","2570","9170","11740","27910"
"MULTIPOLYGON (((8.65606717630786 50.5626990163,8.65707578158622 50.5629231085214,8.65782496897432 50.5625193797745,8.65756554419547 50.5618915618436,8.65655694958356 50.5616674731429,8.65580776908417 50.5620711988525,8.65606717630786 50.5626990163)))","365365","69665","74565","144230","509595"
"MULTIPOLYGON (((8.67907655295198 50.5917500744683,8.68008577536349 50.5919739699119,8.68083523343147 50.5915702893074,8.68057546220878 50.5909427163013,8.67956625048447 50.5907188243743,8.67881679929574 50.5911225019368,8.67907655295198 50.5917500744683)))","1429588","96788","174188","270976","1700564"
"MULTIPOLYGON (((8.61330917197889 50.5611723241514,8.61431738706376 50.5613967604986,8.61506663324356 50.5609933407042,8.61480765742201 50.5603654875943,8.61379945298101 50.5601410547726,8.61305021371782 50.5605444715353,8.61330917197889 50.5611723241514)))","186808","6708","16008","22716","209524"
"MULTIPOLYGON (((8.64782534357809 50.5870916263981,8.64883422996219 50.5873157749959,8.6495836933826 50.5869122932341,8.64932426352007 50.5862846659122,8.6483153878056 50.5860605208346,8.64756593128415 50.5864639995587,8.64782534357809 50.5870916263981)))","731056","40356","72156","112512","843568"
"MULTIPOLYGON (((8.63825574915785 50.5861049744461,8.63926453891292 50.5863292003536,8.64001400861349 50.585925782835,8.63975468165402 50.5852981424453,8.63874590256331 50.5850739200591,8.63799643976782 50.5854773345413,8.63825574915785 50.5861049744461)))","242005","16305","28205","44510","286515"
"MULTIPOLYGON (((8.64802718951124 50.5831464518734,8.64903602067514 50.5833706004495,8.64978544142842 50.5829670872123,8.64952602411991 50.5823394284367,8.64851720362453 50.582115283381,8.64776778976929 50.5825187935807,8.64802718951124 50.5831464518734)))","488712","50012","81512","131524","620236"
"MULTIPOLYGON (((8.62696320755698 50.5676318594827,8.62797163346717 50.5678561835727,8.62872092494949 50.5674527104406,8.62846178361288 50.5668249162523,8.62745336835558 50.5666005956858,8.6267040837821 50.5670040657841,8.62696320755698 50.5676318594827)))","90258","5258","11458","16716","106974"
"MULTIPOLYGON (((8.72969516053548 50.5767490777308,8.73070460064549 50.5769725720876,8.73145380749849 50.5765683983378,8.73119356739874 50.5759407332787,8.73018413799752 50.5757172424338,8.72943493798736 50.5761214131361,8.72969516053548 50.5767490777308)))","48679","11479","26479","37958","86637"
"MULTIPOLYGON (((8.74239372771113 50.5852597778834,8.74340339950598 50.5854831665239,8.74415267475072 50.5850789622877,8.74389227136458 50.5844513724606,8.74288261028765 50.5842279873301,8.74213334187904 50.5846321885167,8.74239372771113 50.5852597778834)))","150983","41683","74883","116566","267549"
"MULTIPOLYGON (((8.64808542374526 50.5478095935686,8.64909374566857 50.548033755907,8.64984278765573 50.5476299739861,8.64958350082868 50.5470020327622,8.64857518956317 50.5467778739463,8.64782615446702 50.5471816528319,8.64808542374526 50.5478095935686)))","73427","5427","11227","16654","90081"
"MULTIPOLYGON (((8.66405266952474 50.5775854621057,8.66506155827383 50.5778094841211,8.66581089108779 50.5774058085391,8.66555132826639 50.576778113981,8.6645424501924 50.5765540954846,8.66379312426482 50.5769577680273,8.66405266952474 50.5775854621057)))","1429553","168153","318353","486506","1916059"
"MULTIPOLYGON (((8.72616850112672 50.5947774679514,8.72717817142268 50.5950009832704,8.72792757788271 50.5945969728407,8.72766730719814 50.5939694501403,8.7266576476146 50.5937459383325,8.72590824800332 50.594149945714,8.72616850112672 50.5947774679514)))","54991","11291","38291","49582","104573"
"MULTIPOLYGON (((8.66633979147529 50.6185557353628,8.66734929177591 50.6187797222339,8.66809906013911 50.6183763407527,8.66783932130885 50.6177489754426,8.66682983169707 50.6175249920879,8.66608007022682 50.617928370527,8.66633979147529 50.6185557353628)))","27935","2135","4335","6470","34405"
"MULTIPOLYGON (((8.71934130307742 50.573885994249,8.72035061311312 50.5741095730991,8.7210998078479 50.5737054551669,8.72083968569796 50.5730777614306,8.71983038636479 50.5728541860937,8.71908119847915 50.5732583009799,8.71934130307742 50.573885994249)))","10750","1150","5250","6400","17150"
"MULTIPOLYGON (((8.71070734745616 50.6238324305281,8.71171730523208 50.6240560582472,8.71246705122138 50.6236523844049,8.71220683257019 50.6230250858915,8.71119688550767 50.6228014616836,8.71044714638302 50.6232051324779,8.71070734745616 50.6238324305281)))","4061","361","661","1022","5083"
"MULTIPOLYGON (((8.69853016329046 50.5789648476099,8.6995393681363 50.5791885918126,8.70028865449173 50.5787846683474,8.7000287291375 50.5781570037233,8.699019534985 50.5779332630358,8.69827025549349 50.5783371834573,8.69853016329046 50.5789648476099)))","41555","2155","28855","31010","72565"
"MULTIPOLYGON (((8.670796455767 50.5739521220941,8.67180535005065 50.5741760913675,8.67255463197449 50.5737723376574,8.67229501273362 50.5731446177138,8.67128612912749 50.5729206519589,8.67053685408481 50.5733244026292,8.670796455767 50.5739521220941)))","229626","25026","32026","57052","286678"
"MULTIPOLYGON (((8.71923680163263 50.5846933903998,8.72024626682774 50.584916965659,8.72099557758611 50.5845129305677,8.72073541629817 50.5838853232638,8.71972596180881 50.5836617515171,8.71897665790181 50.5840657835618,8.71923680163263 50.5846933903998)))","977","177","377","554","1531"
"MULTIPOLYGON (((8.66785813903699 50.5801405337348,8.66886709738685 50.5803645241188,8.66961645085594 50.5799608394179,8.66935683909096 50.5793331673728,8.66834789141899 50.5791091805072,8.66759854483425 50.5795128621683,8.66785813903699 50.5801405337348)))","1429559","134359","318359","452718","1882277"
"MULTIPOLYGON (((8.69254803654266 50.6021463271174,8.6935575248781 50.6023701099376,8.69430707051059 50.6019664073595,8.69404712093538 50.6013389250056,8.69303764329733 50.6011151456999,8.69228810453721 50.6015188452337,8.69254803654266 50.6021463271174)))","78138","2738","3538","6276","84414"
"MULTIPOLYGON (((8.6639647533095 50.5707249182058,8.66497354229218 50.5709489437079,8.66572280172417 50.570545216696,8.66546326528853 50.5699174672209,8.6644544869788 50.5696934452382,8.66370523443187 50.5700971692113,8.6639647533095 50.5707249182058)))","504204","50904","228704","279608","783812"
"MULTIPOLYGON (((8.63289615249113 50.5797832395105,8.63390480483576 50.5800075110423,8.63465421616698 50.5796040856936,8.63439496824638 50.5789763918486,8.63338632656142 50.5787521238392,8.63263692213754 50.5791555461524,8.63289615249113 50.5797832395105)))","696420","1220","40720","41940","738360"
"MULTIPOLYGON (((8.65981003875996 50.5407201493113,8.66081835934078 50.5409442202746,8.6615673047468 50.5405402966877,8.6613079226902 50.5399123051739,8.66029961277104 50.5396882377321,8.65955067424694 50.5400921582826,8.65981003875996 50.5407201493113)))","180669","11269","13069","24338","205007"
"MULTIPOLYGON (((8.66048428285045 50.6132679776804,8.6614936563342 50.6134920138164,8.66224337829083 50.6130886360366,8.66198371986811 50.6124612251617,8.6609743570685 50.6122371925429,8.66022464200765 50.6126405672818,8.66048428285045 50.6132679776804)))","40705","2505","4005","6510","47215"
"MULTIPOLYGON (((8.70363708007272 50.5470278364856,8.70464586794484 50.5472515525869,8.7053948030899 50.5468473484574,8.70513494350869 50.5462194312687,8.70412616632278 50.5459957186837,8.70337723803199 50.546399919771,8.70363708007272 50.5470278364856)))","99124","11224","47924","59148","158272"
"MULTIPOLYGON (((8.67891906485338 50.5603615110567,8.6799278328398 50.5605854205293,8.68067695473453 50.5601815027817,8.68041730176973 50.5595536786017,8.67940854446084 50.5593297726476,8.67865942943932 50.5597336873551,8.67891906485338 50.5603615110567)))","154807","4207","11807","16014","170821"
"MULTIPOLYGON (((8.65281200829711 50.5836394661642,8.653820887753 50.5838635760816,8.65457030534916 50.5834600307226,8.65431083659453 50.5828323784845,8.65330196780978 50.582608272087,8.65255255710861 50.5830118144078,8.65281200829711 50.5836394661642)))","8351","2251","5751","8002","16353"
"MULTIPOLYGON (((8.66808291849226 50.5585258099563,8.66909156688999 50.5587498072822,8.66984068832691 50.5583459568063,8.66958115448618 50.5577181120432,8.66857251675983 50.557494118237,8.6678234022029 50.5578979656743,8.66808291849226 50.5585258099563)))","4296","596","996","1592","5888"
"MULTIPOLYGON (((8.71806047588219 50.590702444754,8.71907001779067 50.5909260270081,8.71981939508593 50.5905220463631,8.71955922361958 50.5898944865109,8.71854969241814 50.5896709077692,8.71780032197617 50.5900748853673,8.71806047588219 50.590702444754)))","520692","85292","131292","216584","737276"
"MULTIPOLYGON (((8.69614025201507 50.6263025977123,8.69715012047543 50.6265263416401,8.69789991903209 50.6261227957173,8.69763984225372 50.6254955089131,8.69662998449995 50.625271768498,8.69588019281806 50.6256753113744,8.69614025201507 50.6263025977123)))","141949","29749","41849","71598","213547"
"MULTIPOLYGON (((8.62267054452958 50.5661066781859,8.62367891145638 50.5663310373704,8.62442819412177 50.5659275848433,8.62416910294903 50.5652997761651,8.6231607466724 50.5650754205048,8.62241147091842 50.5654788699986,8.62267054452958 50.5661066781859)))","75485","10085","11485","21570","97055"
"MULTIPOLYGON (((8.70299530716357 50.611869214528,8.7040050257372 50.6120929092779,8.70475465707532 50.6116892022966,8.7044945629725 50.6110618036116,8.70348485510463 50.6108381123744,8.70273523063391 50.6112418163094,8.70299530716357 50.611869214528)))","368815","155915","224715","380630","749445"
"MULTIPOLYGON (((8.68335310766953 50.6109343038387,8.68436264404006 50.6111581570078,8.68511230035973 50.6107545901019,8.6848524134288 50.6101271730707,8.68384288775352 50.6099033234166,8.68309323831408 50.6103068872787,8.68335310766953 50.6109343038387)))","15504","1504","4304","5808","21312"
"MULTIPOLYGON (((8.69756799555374 50.5633588248723,8.69857696690164 50.5635825831697,8.69932608774252 50.5631785484391,8.69906623037418 50.5625507584537,8.69805726971434 50.5623270036725,8.69730815573494 50.5627310353605,8.69756799555374 50.5633588248723)))","13686","1286","1586","2872","16558"
"MULTIPOLYGON (((8.67952389634395 50.6260376651727,8.68053361820935 50.6262615429046,8.68128344352222 50.6258581194841,8.68102354008414 50.625230821376,8.68001382891674 50.6250069471587,8.67926401048954 50.6254103675349,8.67952389634395 50.6260376651727)))","10531","631","1331","1962","12493"
"MULTIPOLYGON (((8.73331479829158 50.5655786339424,8.73432410815739 50.5658021037457,8.735073188833 50.5653978180888,8.73481295280461 50.5647700656759,8.73380365364597 50.5645465993847,8.73305457980868 50.5649508819944,8.73331479829158 50.5655786339424)))","269","0","169","169","438"
"MULTIPOLYGON (((8.64341435249325 50.5963706994142,8.64442333490668 50.5965948796936,8.64517290565035 50.5961915014802,8.644913487077 50.5955639460252,8.64390451533372 50.5953397692659,8.64315495149375 50.5957431444415,8.64341435249325 50.5963706994142)))","824","0","224","224","1048"
"MULTIPOLYGON (((8.62594814423105 50.5873585149863,8.62695684606605 50.5875828392826,8.62770635084818 50.5871795235562,8.627447146882 50.5865518865687,8.62643845570542 50.5863275657949,8.62568895783673 50.5867308784863,8.62594814423105 50.5873585149863)))","1330272","3472","52172","55644","1385916"
"MULTIPOLYGON (((8.70565620157689 50.5851045198554,8.70666555623051 50.5853282042192,8.7074148956888 50.5849242739869,8.70715487363317 50.5842966624357,8.70614552967843 50.5840729815859,8.70539619708058 50.5844769087733,8.70565620157689 50.5851045198554)))","48454","3354","9554","12908","61362"
"MULTIPOLYGON (((8.61465939753978 50.5688851023966,8.61566773549833 50.5691095248137,8.61641706197686 50.5687061534463,8.61615804357976 50.5680783626943,8.61514971626812 50.5678539438021,8.61440039670681 50.568257312137,8.61465939753978 50.5688851023966)))","4031","431","531","962","4993"
"MULTIPOLYGON (((8.65953033287436 50.5976705569898,8.66053947275719 50.5978946071862,8.6612890289888 50.5974911180445,8.66102943844437 50.5968635817465,8.66002030924044 50.5966395350684,8.65927075990216 50.5970430211702,8.65953033287436 50.5976705569898)))","1429533","60433","159033","219466","1648999"
"MULTIPOLYGON (((8.68642063286341 50.576279276939,8.68742969497349 50.5765031196339,8.68817897410531 50.5760992665106,8.68791918425582 50.5754715737345,8.68691013283203 50.5752477345562,8.68616086057158 50.5756515846375,8.68642063286341 50.576279276939)))","1429566","7366","60366","67732","1497298"
"MULTIPOLYGON (((8.68819795538641 50.5584293701926,8.68920677518999 50.5586532058402,8.68995585990777 50.5582492039007,8.68969611795538 50.5576213693548,8.68868730883352 50.5573975372246,8.68793823098243 50.557801536123,8.68819795538641 50.5584293701926)))","383","0","383","383","766"
"MULTIPOLYGON (((8.64090860677312 50.5770040816322,8.64191728800417 50.5772282899029,8.64266665544007 50.5768247833837,8.64240733474356 50.5761970716302,8.6413986641755 50.575972866881,8.6406493036411 50.5763763703639,8.64090860677312 50.5770040816322)))","5902","202","302","504","6406"
"MULTIPOLYGON (((8.67562613674712 50.616627657678,8.67663568902002 50.6168515706541,8.67738542019986 50.6164481049208,8.67712559222046 50.6158207292545,8.67611605064059 50.6155968197939,8.67536632634718 50.6160002824841,8.67562613674712 50.616627657678)))","33778","3878","10278","14156","47934"
"MULTIPOLYGON (((8.67622724253808 50.6047953436741,8.67723662893823 50.6050192566861,8.67798623203146 50.604615696535,8.67772644184097 50.6039882264144,8.67671706613056 50.6037643169184,8.67596746992099 50.6041678740271,8.67622724253808 50.6047953436741)))","42080","480","2080","2560","44640"
"MULTIPOLYGON (((8.6967380306972 50.6144711351585,8.69774773317251 50.6146948791818,8.69849740361348 50.6142912388558,8.6982373647072 50.6136638575522,8.69722767293517 50.6134401170421,8.69647800936626 50.6138437543225,8.6967380306972 50.6144711351585)))","371092","4692","15692","20384","391476"
"MULTIPOLYGON (((8.66189235233454 50.5856561601832,8.66290133901783 50.5858801962871,8.66365076219142 50.5854765981841,8.66339119179249 50.5848489670168,8.66238221578568 50.5846249344316,8.66163279950145 50.5850285294951,8.66189235233454 50.5856561601832)))","449034","66934","82234","149168","598202"
"MULTIPOLYGON (((8.70811665994594 50.5622767371616,8.70912570618292 50.5625004110524,8.70987479661569 50.5620962890806,8.7096148339573 50.561468496262,8.7086057984135 50.5612448258864,8.70785671483505 50.5616489448143,8.70811665994594 50.5622767371616)))","91795","7795","21395","29190","120985"
"MULTIPOLYGON (((8.68701959845846 50.5644398827547,8.68802849485236 50.5646637254433,8.6887776460488 50.5642597779525,8.68851789398284 50.5636319908145,8.68750900827189 50.5634081516431,8.68675986394409 50.5638120960926,8.68701959845846 50.5644398827547)))","15821","1621","4221","5842","21663"
"MULTIPOLYGON (((8.69102506568068 50.563047883404,8.69203397638179 50.563271694447,8.69278310554198 50.5628677063784,8.69252331713544 50.5622399103086,8.69151441711892 50.5620161027824,8.69076529482446 50.5624200878093,8.69102506568068 50.563047883404)))","21162","2562","3862","6424","27586"
"MULTIPOLYGON (((8.67894449370319 50.6202122503508,8.6799541263341 50.6204361351541,8.68070389010983 50.6200326717961,8.68044401436983 50.6194053266786,8.67943439243475 50.6191814453902,8.67868463554398 50.6195849057044,8.67894449370319 50.6202122503508)))","25246","3946","6546","10492","35738"
"MULTIPOLYGON (((8.62271886393435 50.5906301633607,8.62372758517508 50.590854512279,8.62447713072234 50.5904512456151,8.62421794811277 50.5898236330677,8.62320923752974 50.5895992876721,8.62245969889873 50.5900025513013,8.62271886393435 50.5906301633607)))","6648","0","448","448","7096"
"MULTIPOLYGON (((8.6521765947893 50.5532812129706,8.65318503078765 50.5535053402438,8.65393412415764 50.553101569179,8.65367477463997 50.5524736738773,8.65266634930317 50.5522495501257,8.65191726282261 50.5526533181543,8.6521765947893 50.5532812129706)))","36596","1096","4396","5492","42088"
"MULTIPOLYGON (((8.61208660473542 50.5848447785136,8.61309515079822 50.5850692151817,8.6138446529131 50.5846659842974,8.61358560204324 50.5840383197782,8.6125770666309 50.5838138866343,8.61182757143809 50.5842171144856,8.61208660473542 50.5848447785136)))","134205","7405","10505","17910","152115"
"MULTIPOLYGON (((8.66901446016974 50.5917970245731,8.6700235967745 50.5920210009119,8.67077307319949 50.5916173960711,8.67051340613399 50.5909898179322,8.66950428021128 50.590765845111,8.66875481067218 50.5911694469111,8.66901446016974 50.5917970245731)))","116910","3910","4010","7920","124830"
"MULTIPOLYGON (((8.66979343881084 50.5936797265692,8.67080260930592 50.5939036958754,8.67155210454604 50.593500099497,8.67129242240537 50.5928725368536,8.67028326259329 50.5926485710649,8.66953377423896 50.5930521644023,8.66979343881084 50.5936797265692)))","98740","6040","14940","20980","119720"
"MULTIPOLYGON (((8.73634276349987 50.5662490187096,8.73735210897571 50.5664724638696,8.73810119139285 50.5660681606231,8.73784092149781 50.5654404152643,8.73683158673094 50.5652169736159,8.73608251115025 50.5656212738148,8.73634276349987 50.5662490187096)))","141647","72647","92847","165494","307141"
"MULTIPOLYGON (((8.67426781636413 50.6089192557644,8.67527724552378 50.6091431828407,8.67602689635898 50.6087396687085,8.67576711114881 50.6081122305426,8.67475769267912 50.6078883069823,8.67400804872975 50.608291818072,8.67426781636413 50.6089192557644)))","93957","1457","5957","7414","101371"
"MULTIPOLYGON (((8.71852705134178 50.624993942842,8.71953709300826 50.6252175071327,8.72028683746046 50.6248137835364,8.72002653338661 50.6241864986985,8.71901650243791 50.6239629379182,8.71826676484543 50.6243666584654,8.71852705134178 50.624993942842)))","1844","144","244","388","2232"
"MULTIPOLYGON (((8.67097366128394 50.5876721897922,8.67198275516101 50.5878961520605,8.67273218387137 50.5874925012074,8.67247251182103 50.5868648911268,8.67146342862576 50.5866409323762,8.67071400679917 50.5870445801886,8.67097366128394 50.5876721897922)))","1429516","285416","318316","603732","2033248"
"MULTIPOLYGON (((8.67337896951911 50.5403125402063,8.67438740084008 50.5405365022834,8.67513631788401 50.5401324739173,8.67487679673417 50.5395044865123,8.67386837608173 50.5392805279554,8.67311946591074 50.5396845532834,8.67337896951911 50.5403125402063)))","1429579","45879","318379","364258","1793837"
"MULTIPOLYGON (((8.71259830056732 50.5775226122685,8.7136076052878 50.577746243885,8.71435685106272 50.5773422040742,8.71409678526301 50.5767145356924,8.71308749124266 50.5764909075897,8.71233825232208 50.576894944355,8.71259830056732 50.5775226122685)))","13980","2480","4680","7160","21140"
"MULTIPOLYGON (((8.64707649460761 50.567543013927,8.64808509241339 50.5677671764499,8.64883434756889 50.5673635518633,8.64857499802313 50.5667357677903,8.6475664108806 50.5665116087888,8.64681716262069 50.5669152303389,8.64707649460761 50.567543013927)))","459947","125347","129647","254994","714941"
"MULTIPOLYGON (((8.63326857806862 50.5895562279308,8.63427737470105 50.5897804925166,8.63502689019635 50.5893771385994,8.63476760215028 50.5887495231326,8.63375881618073 50.5885252620685,8.63300930759447 50.5889286129496,8.63326857806862 50.5895562279308)))","1429530","27130","64230","91360","1520890"
"MULTIPOLYGON (((8.6856216994 50.5920620528124,8.68663098254923 50.5922858954879,8.6873804323293 50.5918821682064,8.68712059208521 50.5912546012923,8.68611131962663 50.5910307621326,8.68536187672158 50.5914344863713,8.6856216994 50.5920620528124)))","72005","3705","3905","7610","79615"
"MULTIPOLYGON (((8.67827581489015 50.607529074207,8.67928525840709 50.6077529696186,8.68003488720188 50.6073494148865,8.67977506559699 50.6067219677856,8.67876563277167 50.6064980758896,8.67801601085975 50.6069016275789,8.67827581489015 50.607529074207)))","9484","684","984","1668","11152"
"MULTIPOLYGON (((8.65774496168411 50.6155087724408,8.65875434399228 50.6157328296832,8.65950409485755 50.6153294894655,8.65924445651671 50.6147020950463,8.658235084892 50.6144780413214,8.65748534092476 50.6148813784983,8.65774496168411 50.6155087724408)))","39038","2138","6338","8476","47514"
"MULTIPOLYGON (((8.68290397272724 50.5766392119685,8.68391300982856 50.5768630827974,8.68466229906963 50.5764592587581,8.68440254433577 50.5758315669317,8.68339351791902 50.5756076996198,8.68264423555169 50.5760115206175,8.68290397272724 50.5766392119685)))","889887","49087","138687","187774","1077661"
"MULTIPOLYGON (((8.63402678317833 50.5492455212836,8.63503500480195 50.5494697959922,8.63578408689908 50.5490661303511,8.6355249404721 50.5484381930352,8.6345167294994 50.5482139218505,8.63376765430288 50.5486175844579,8.63402678317833 50.5492455212836)))","26842","1042","2842","3884","30726"
"MULTIPOLYGON (((8.65047712832827 50.5779904145388,8.65148590615015 50.5782145455126,8.65223526729509 50.577810974757,8.65197584372281 50.5771832760652,8.65096707656915 50.5769591486117,8.65021772231962 50.5773627163298,8.65047712832827 50.5779904145388)))","20785","1885","3685","5570","26355"
"MULTIPOLYGON (((8.72150584865154 50.5481376269478,8.72251480572773 50.5483611988719,8.72326372082492 50.5479568693096,8.72300367200337 50.547328970868,8.72199472562296 50.5471054024583,8.72124581736846 50.5475097289759,8.72150584865154 50.5481376269478)))","200733","12433","18733","31166","231899"
"MULTIPOLYGON (((8.70054736976853 50.6170244328878,8.70155714187172 50.6172481452014,8.70230683292483 50.6168444957371,8.70204674500486 50.6162171370056,8.70103698360774 50.6159934282047,8.70028729942464 50.6163970746227,8.70054736976853 50.6170244328878)))","7806","1206","2106","3312","11118"
"MULTIPOLYGON (((8.67947678764524 50.5838592528434,8.68048589954021 50.584083148291,8.68123527227381 50.5836794047581,8.6809755262351 50.5830517688193,8.67996642502513 50.5828278768886,8.67921705916901 50.58323161738,8.67947678764524 50.5838592528434)))","1429505","193505","318305","511810","1941315"
"MULTIPOLYGON (((8.68192484283818 50.5787021782142,8.68293390130882 50.578926056077,8.6836832144036 50.5785222550387,8.68342346215307 50.5778945791793,8.68241441436713 50.5776707048334,8.68166510814717 50.5780745028302,8.68192484283818 50.5787021782142)))","1429506","27206","48506","75712","1505218"
"MULTIPOLYGON (((8.66801069333664 50.6115195941536,8.66902010628431 50.6117435704834,8.66976979613544 50.6113401230056,8.66951006614858 50.6107127022399,8.66850066388843 50.6104887294268,8.66775098092774 50.6108921738628,8.66801069333664 50.6115195941536)))","36033","633","3733","4366","40399"
"MULTIPOLYGON (((8.70123596467709 50.6120491981273,8.70224567075092 50.6122729069599,8.70299530716357 50.611869214528,8.70273523063391 50.6112418163094,8.70172553526497 50.6110181109897,8.70097590572091 50.6114218003756,8.70123596467709 50.6120491981273)))","562487","63587","109587","173174","735661"
"MULTIPOLYGON (((8.71005968048993 50.5758199740113,8.71106893885572 50.5760436267488,8.71181817092135 50.5756395930286,8.71155813776562 50.5750119096159,8.71054889009816 50.5747882603924,8.7097996648882 50.5751922910677,8.71005968048993 50.5758199740113)))","468707","86907","175007","261914","730621"
"MULTIPOLYGON (((8.67789690726922 50.597757470714,8.67890620632484 50.5979813731852,8.67965573093247 50.5975777470532,8.6793959496034 50.5969502214923,8.67838666123617 50.5967263225374,8.67763714350978 50.5971299456272,8.67789690726922 50.597757470714)))","754738","4938","19838","24776","779514"
"MULTIPOLYGON (((8.63007308397681 50.5751649815844,8.63108164535821 50.575389277661,8.63183101213234 50.5749858384083,8.63157181061682 50.5743581061138,8.63056325989222 50.5741338135601,8.62981390002645 50.5745372497781,8.63007308397681 50.5751649815844)))","98915","3315","10215","13530","112445"
"MULTIPOLYGON (((8.7224629506941 50.5814179104375,8.72347239624169 50.5816414610805,8.72422166610644 50.5812373769508,8.7239614835752 50.5806097452253,8.72295204873405 50.5803861980947,8.72220278571787 50.5807902791775,8.7224629506941 50.5814179104375)))","10667","0","367","367","11034"
"MULTIPOLYGON (((8.67469108376052 50.5833672945392,8.67570014742847 50.5835912286707,8.67644952338195 50.5831875172653,8.67618982878705 50.5825598747693,8.67518077580145 50.5823359441553,8.6744314067285 50.5827396525198,8.67469108376052 50.5833672945392)))","1429552","175952","266652","442604","1872156"
"MULTIPOLYGON (((8.670885049808 50.5808124802778,8.67189404387846 50.5810364460522,8.67264339918841 50.5806327437689,8.67238375354547 50.5800050787516,8.67137477015461 50.5797811164953,8.67062542172718 50.5801848157383,8.670885049808 50.5808124802778)))","472139","20539","43939","64478","536617"
"MULTIPOLYGON (((8.71532304620531 50.5929458000062,8.716332597049 50.5931694033656,8.71708200330429 50.5927654602655,8.71682185186047 50.5921379168526,8.71581231172309 50.5919143170056,8.71506291232333 50.5923182570592,8.71532304620531 50.5929458000062)))","361199","39599","59799","99398","460597"
"MULTIPOLYGON (((8.71036391246383 50.561064362794,8.71137296048198 50.5612880191005,8.7121220339151 50.5608838710923,8.71186205247766 50.5602560698217,8.71085301515349 50.5600324170301,8.71010394857291 50.5604365619942,8.71036391246383 50.561064362794)))","222165","18465","53565","72030","294195"
"MULTIPOLYGON (((8.67971912036012 50.5445720674401,8.68072766753658 50.5447959768444,8.68147661893497 50.5443919332846,8.68121701628749 50.5437639833598,8.68020847978415 50.5435400774747,8.67945953525532 50.5439441179954,8.67971912036012 50.5445720674401)))","524","0","124","124","648"
"MULTIPOLYGON (((8.63200053418485 50.5887043378292,8.63300930759447 50.5889286129496,8.63375881618073 50.5885252620685,8.63349954444774 50.5878976391028,8.63249078170001 50.5876733675043,8.63174128002348 50.5880767153495,8.63200053418485 50.5887043378292)))","115243","2543","8843","11386","126629"
"MULTIPOLYGON (((8.6130675153451 50.5827829752646,8.61407604010708 50.5830074048842,8.61482551839006 50.5826041509855,8.6145664649902 50.5819764705003,8.61355795087857 50.5817520444049,8.61280847951659 50.5821552952706,8.6130675153451 50.5827829752646)))","53515","2015","4515","6530","60045"
"MULTIPOLYGON (((8.70271995641879 50.5912933402751,8.7037293752671 50.5915170457229,8.70447878633227 50.5911131844901,8.70421877168563 50.5904856208547,8.7032093635366 50.5902619189209,8.70245995933496 50.5906657771087,8.70271995641879 50.5912933402751)))","1429550","12250","318350","330600","1760150"
"MULTIPOLYGON (((8.66338715454338 50.5648952856348,8.66439585445028 50.5651193181363,8.66514505243351 50.5647155511983,8.66488554362563 50.5640877547974,8.66387685438964 50.5638637258157,8.66312766329072 50.5642674897153,8.66338715454338 50.5648952856348)))","29167","1467","2567","4034","33201"
"MULTIPOLYGON (((8.63286319182268 50.5974452863203,8.63387209888985 50.5976695509618,8.63462169974285 50.5972662600119,8.6343623866179 50.596638707457,8.63335349021573 50.5964144463368,8.63260389627363 50.5968177342502,8.63286319182268 50.5974452863203)))","4961","561","1561","2122","7083"
"MULTIPOLYGON (((8.69428962178901 50.6196259333143,8.69529937778173 50.6198496949039,8.69604910793635 50.6194461120993,8.69578907522372 50.6188187707508,8.69477932993462 50.6185950126744,8.69402960665466 50.6189985924333,8.69428962178901 50.6196259333143)))","2950","0","2150","2150","5100"
"MULTIPOLYGON (((8.64517290565035 50.5961915014802,8.6461819006152 50.5964156676978,8.64693146633554 50.5960122749403,8.64667203018863 50.5953847190034,8.64566304589482 50.5951605563058,8.644913487077 50.5955639460252,8.64517290565035 50.5961915014802)))","1652","0","152","152","1804"
"MULTIPOLYGON (((8.70693982517288 50.5682874377577,8.70794894805062 50.5685111186683,8.70869810497468 50.5681070511364,8.70843813216491 50.5674793057379,8.7074290199816 50.5672556283422,8.70667986991377 50.56765969283,8.70693982517288 50.5682874377577)))","789","0","189","189","978"
"MULTIPOLYGON (((8.73165099141878 50.5726216196605,8.73266038869415 50.5728450999699,8.73340954780812 50.5724408802362,8.73314930280603 50.5718131832407,8.73213991623915 50.5715897064432,8.73139076396598 50.5719939231294,8.73165099141878 50.5726216196605)))","608","0","108","108","716"
"MULTIPOLYGON (((8.73497112351775 50.5762069536806,8.73598060099931 50.576430405797,8.73672979256748 50.5760261884154,8.73646949981494 50.5753985219655,8.73546003304471 50.5751750733604,8.7347108483158 50.5755792876939,8.73497112351775 50.5762069536806)))","251","0","151","151","402"
"MULTIPOLYGON (((8.60566704803781 50.5737248113936,8.60667537827327 50.5739493040904,8.60742477236027 50.5735460368983,8.60716582928785 50.572918280041,8.60615750969612 50.5726937908697,8.60540812253322 50.5730970550303,8.60566704803781 50.5737248113936)))","496","0","196","196","692"
"MULTIPOLYGON (((8.67012972739023 50.5612611234573,8.67113843283267 50.5614851032265,8.67188757994632 50.5610812581722,8.67162801473853 50.5604534363879,8.67061931996937 50.560229460138,8.66987017973483 50.5606333021532,8.67012972739023 50.5612611234573)))","1355","0","455","455","1810"
"MULTIPOLYGON (((8.72745656988814 50.5602902346643,8.72846575325304 50.5605137537692,8.72921478780108 50.5601094718519,8.72895463214315 50.5594816738758,8.72794545948081 50.559258158284,8.7271964317739 50.5596624371552,8.72745656988814 50.5602902346643)))","283","0","183","183","466"
"MULTIPOLYGON (((8.73302300961781 50.5626633040944,8.73403227491157 50.5628867774376,8.73478132488617 50.5624824718391,8.73452110272923 50.5618546959444,8.73351184814164 50.5616312261135,8.73276280500494 50.562035528665,8.73302300961781 50.5626633040944)))","142","0","142","142","284"
"MULTIPOLYGON (((8.68448242249539 50.5627365849106,8.68549127252776 50.5629604486909,8.68624040998625 50.5625565072825,8.6859806905425 50.5619287051348,8.68497185119126 50.5617048448721,8.68422272060276 50.5621087832396,8.68448242249539 50.5627365849106)))","7163","363","4063","4426","11589"
"MULTIPOLYGON (((8.69548547943819 50.5959589462583,8.69649490359049 50.5961827079916,8.69724437760519 50.5957789364005,8.69698442059845 50.5951514061205,8.69597500714313 50.5949276479016,8.6952255399977 50.5953314164484,8.69548547943819 50.5959589462583)))","18225","925","3725","4650","22875"
"MULTIPOLYGON (((8.63517674340773 50.5609061810791,8.63618514305269 50.5611304418839,8.63693434803596 50.56072685612,8.63667514647227 50.5600990125859,8.63566675748242 50.5598747553041,8.6349175594013 50.5602783380335,8.63517674340773 50.5609061810791)))","5480","0","380","380","5860"
"MULTIPOLYGON (((8.6458382657995 50.5490208696909,8.64684658584862 50.5492450495997,8.64759564476481 50.5488412937139,8.64733637673923 50.5482133609544,8.64632806734708 50.5479891845682,8.64557901532366 50.548392937419,8.6458382657995 50.5490208696909)))","35529","1929","3729","5658","41187"
"MULTIPOLYGON (((8.70230683292483 50.6168444957371,8.7033166175303 50.6170681939667,8.70406630350876 50.6166645299522,8.70380619801304 50.6160371707546,8.70279642411448 50.6158134760376,8.70204674500486 50.6162171370056,8.70230683292483 50.6168444957371)))","16470","1170","3770","4940","21410"
"MULTIPOLYGON (((8.7240041749366 50.6205093388114,8.72501419869829 50.620732860879,8.72576388516802 50.6203290621672,8.72550354102099 50.6197017444374,8.72449352797852 50.6194782258797,8.72374384836401 50.619882021542,8.7240041749366 50.6205093388114)))","11252","0","3152","3152","14404"
"MULTIPOLYGON (((8.69205841661147 50.6031774890439,8.69306791564429 50.6034012753785,8.693817473214 50.6029975843032,8.6935575248781 50.6023701099376,8.69254803654266 50.6021463271174,8.69179848584586 50.6025500151485,8.69205841661147 50.6031774890439)))","404961","4861","15961","20822","425783"
"MULTIPOLYGON (((8.71171250784869 50.5864465028467,8.71272193383944 50.5866701379319,8.7134712768615 50.5862661725191,8.71321118703629 50.5856385750669,8.71220177174801 50.585414943495,8.71145243558261 50.585818905862,8.71171250784869 50.5864465028467)))","274545","9245","39745","48990","323535"
"MULTIPOLYGON (((8.71892310366767 50.6171058304755,8.71993303462734 50.6173293948624,8.72068269367218 50.6169256083473,8.72042241489954 50.616298260494,8.71941249465541 50.6160746996177,8.71866284246853 50.6164784830842,8.71892310366767 50.6171058304755)))","2344","144","244","388","2732"
"MULTIPOLYGON (((8.67168711875642 50.5650279429167,8.67269589192233 50.5652519086441,8.67344507663287 50.5648480805106,8.67318548129876 50.5642202896891,8.67217671880805 50.5639963274806,8.67142754097637 50.5644001525747,8.67168711875642 50.5650279429167)))","2388","188","588","776","3164"
"MULTIPOLYGON (((8.64658656516448 50.5685743995819,8.6475951736336 50.5687985656262,8.64834444070605 50.568394952542,8.64808509241339 50.5677671764499,8.64707649460761 50.567543013927,8.64632723443126 50.5679466239748,8.64658656516448 50.5685743995819)))","1429506","54906","66906","121812","1551318"
"MULTIPOLYGON (((8.61854501154191 50.5783013374953,8.61955351884726 50.5785257249204,8.62030293947457 50.5781223959157,8.62004384588009 50.5774946825195,8.61903534922653 50.5772702986183,8.61828593551576 50.5776736245894,8.61854501154191 50.5783013374953)))","247","147","347","494","741"
"MULTIPOLYGON (((8.63208532023256 50.5955626146233,8.63309419340741 50.5957868862808,8.63384377542582 50.5953835868603,8.63358447735844 50.5947560188186,8.63257561484763 50.5945317506826,8.63182603974026 50.5949350470668,8.63208532023256 50.5955626146233)))","125897","5897","54797","60694","186591"
"MULTIPOLYGON (((8.67718510476776 50.6203918002769,8.67819472487206 50.6206156991588,8.67894449370319 50.6202122503508,8.67868463554398 50.6195849057044,8.67767502613467 50.6193610103376,8.67692526418969 50.6197644561021,8.67718510476776 50.6203918002769)))","76503","11603","17503","29106","105609"
"MULTIPOLYGON (((8.73340198861682 50.5901094812195,8.73441165345446 50.5903329402418,8.73516099686649 50.5899288401786,8.73490066859792 50.5893012841419,8.73389101447506 50.5890778286303,8.73314167790607 50.5894819256448,8.73340198861682 50.5901094812195)))","311","0","111","111","422"
"MULTIPOLYGON (((8.6483153878056 50.5860605208346,8.64932426352007 50.5862846659122,8.65007371501697 50.5858811726458,8.6498142839011 50.5852535373396,8.64880541885619 50.5850293957822,8.64805597425771 50.5854328860108,8.6483153878056 50.5860605208346)))","1429552","121552","165752","287304","1716856"
"MULTIPOLYGON (((8.66867750898881 50.6242017862667,8.66968711104369 50.6244257520061,8.67043693590114 50.6240223959191,8.67017715181128 50.6233950771354,8.66916756044818 50.6231711149118,8.66841774248325 50.6235744679561,8.66867750898881 50.6242017862667)))","618","0","118","118","736"
"MULTIPOLYGON (((8.72870842014832 50.5964795099163,8.72971813680883 50.596703004088,8.73046755696432 50.5962989875614,8.730207253612 50.5956714799117,8.72919754766575 50.5954479892508,8.72844813435768 50.5958520027289,8.72870842014832 50.5964795099163)))","2258","0","3158","3158","5416"
"MULTIPOLYGON (((8.71102487303084 50.5914237520588,8.71203436501924 50.5916473906317,8.71278376264261 50.5912434681705,8.71252366141959 50.5906159101826,8.7115141801348 50.5903922751228,8.71076478936951 50.5907961945379,8.71102487303084 50.5914237520588)))","17251","651","10651","11302","28553"
"MULTIPOLYGON (((8.63796798567677 50.5831909609107,8.63897673088686 50.5834151903106,8.63972616984091 50.5830117528181,8.63946685668024 50.5823840889621,8.63845812213349 50.5821598630838,8.63770869008415 50.5825632975399,8.63796798567677 50.5831909609107)))","7130","0","630","630","7760"
"MULTIPOLYGON (((8.72003913882347 50.5512341835794,8.72104812798734 50.5514577660467,8.72179707885777 50.5510534709654,8.72153703372017 50.5504255964616,8.72052805525227 50.5502020175087,8.71977911122609 50.5506063095453,8.72003913882347 50.5512341835794)))","373441","19741","67241","86982","460423"
"MULTIPOLYGON (((8.64552057794178 50.5637762350203,8.64652910802141 50.5640004115627,8.64727832555401 50.5635967700446,8.6470190061112 50.5629689550203,8.64601048669286 50.5627447819997,8.64526127605616 50.5631484204817,8.64552057794178 50.5637762350203)))","78055","6755","127555","134310","212365"
"MULTIPOLYGON (((8.71993477869803 50.5620449966465,8.72094392292273 50.562268575557,8.72169298974122 50.5618643632974,8.72143290548873 50.5612365751727,8.72042377196325 50.5610129997761,8.7196747119912 50.5614172089903,8.71993477869803 50.5620449966465)))","5293","0","293","293","5586"
"MULTIPOLYGON (((8.73204529310242 50.5647274016266,8.73305457980868 50.5649508819944,8.73380365364597 50.5645465993847,8.7335434339382 50.5639188394543,8.73253415793824 50.5636953625988,8.73178509093991 50.5640996421615,8.73204529310242 50.5647274016266)))","326","0","1426","1426","1752"
"MULTIPOLYGON (((8.7048762031774 50.5832216711078,8.70588552394738 50.5834453625185,8.70663484461224 50.5830414238317,8.70637483764663 50.5824137967791,8.70536552757457 50.5821901088827,8.70461621377027 50.5825940445247,8.7048762031774 50.5832216711078)))","203555","13455","33355","46810","250365"
"MULTIPOLYGON (((8.66246999339175 50.5914841330978,8.66347906920208 50.5917081621841,8.66422855386183 50.5913046040159,8.66396895582122 50.5906770198013,8.66295989068944 50.5904529942334,8.66221041291984 50.5908565493617,8.66246999339175 50.5914841330978)))","1429540","49840","199340","249180","1678720"
"MULTIPOLYGON (((8.68333288721656 50.6285911144458,8.68434267875736 50.6288149604752,8.68509252472336 50.6284115279208,8.68483257226503 50.627784252382,8.68382279142495 50.6275604098665,8.68307295234262 50.6279638393761,8.68333288721656 50.6285911144458)))","94945","3745","10245","13990","108935"
"MULTIPOLYGON (((8.71857231061504 50.5543305649481,8.71958133186717 50.5545541579586,8.72033031851316 50.5541498973599,8.72007027706132 50.5535220467955,8.71906126650533 50.5532984572994,8.71831228670517 50.5537027148534,8.71857231061504 50.5543305649481)))","1075","275","1675","1950","3025"
"MULTIPOLYGON (((8.69178633657423 50.5825997153946,8.69279553601002 50.582823512357,8.69354487334865 50.5824196670209,8.6932850043825 50.5817920277655,8.69227581563767 50.5815682343187,8.69152648516808 50.5819720766117,8.69178633657423 50.5825997153946)))","175306","12506","17306","29812","205118"
"MULTIPOLYGON (((8.64457071846449 50.5481687469854,8.64557901532366 50.548392937419,8.64632806734708 50.5479891845682,8.64606881561802 50.547361244319,8.64506052941489 50.5471370574083,8.64431148428489 50.5475408072241,8.64457071846449 50.5481687469854)))","3361","0","761","761","4122"
"MULTIPOLYGON (((8.68295314744197 50.6188222296104,8.68396279442313 50.6190460827407,8.68471253614259 50.6186425787771,8.68445262399897 50.6180152247274,8.68344298771527 50.6177913751116,8.68269325287788 50.6181948760311,8.68295314744197 50.6188222296104)))","10627","527","1027","1554","12181"
"MULTIPOLYGON (((8.6328442678498 50.5552554080441,8.63385256592927 50.5554796898503,8.63460171447299 50.5550760786829,8.63434255803482 50.5544481887432,8.63333427060751 50.5542239104607,8.63258512896633 50.5546275185943,8.6328442678498 50.5552554080441)))","75000","2100","6400","8500","83500"
"MULTIPOLYGON (((8.69537726887556 50.6067623219423,8.69638684822064 50.6069860800989,8.69713643834417 50.6065823913921,8.69687644225134 50.6059549475737,8.69586687360649 50.6057311929311,8.69511729035439 50.6061348785929,8.69537726887556 50.6067623219423)))","1290459","88859","207859","296718","1587177"
"MULTIPOLYGON (((8.70557876307235 50.5605737655159,8.70658776297061 50.560797460513,8.70733683969411 50.5603933446287,8.70707690966384 50.5597655367908,8.70606792045691 50.5595418453091,8.70531885058906 50.55994595815,8.70557876307235 50.5605737655159)))","633","0","233","233","866"
"MULTIPOLYGON (((8.61433509224203 50.5836350773866,8.61534364023173 50.583859496481,8.61609312543509 50.583456239549,8.61583405572851 50.5828285665559,8.61482551839006 50.5826041509855,8.61407604010708 50.5830074048842,8.61433509224203 50.5836350773866)))","370464","2464","13564","16028","386492"
"MULTIPOLYGON (((8.71337847548431 50.5794055850083,8.7143878140832 50.5796292095766,8.71513707864484 50.5792251782182,8.7148769977535 50.5785975253372,8.71386766985578 50.5783739042825,8.71311841214831 50.5787779325953,8.71337847548431 50.5794055850083)))","1052","252","2652","2904","3956"
"MULTIPOLYGON (((8.68739961963342 50.5742161726903,8.688408660371 50.5744400083519,8.68915791564913 50.5740361322291,8.68889812331946 50.5734084234866,8.68788909326799 50.5731845913416,8.68713984486021 50.5735884644224,8.68739961963342 50.5742161726903)))","1030868","23868","67068","90936","1121804"
"MULTIPOLYGON (((8.69907844916305 50.6201173299647,8.70008825338475 50.6203410528164,8.70083798027004 50.6199374378645,8.70057789606213 50.6193101031072,8.69956810254667 50.6190863837681,8.698818382533 50.6194899956738,8.69907844916305 50.6201173299647)))","6148","448","548","996","7144"
"MULTIPOLYGON (((8.70353020042671 50.5578387924894,8.70453914329661 50.5580625050739,8.70528819438404 50.55765838378,8.70502829574524 50.5570305529446,8.7040193635648 50.5568068438759,8.70327031933384 50.5572109621268,8.70353020042671 50.5578387924894)))","909","0","109","109","1018"
"MULTIPOLYGON (((8.64312632362994 50.5934570649016,8.6441352614824 50.5936812486815,8.64488480147197 50.5932778504939,8.64462539670588 50.5926502715641,8.64361646952255 50.5924260913046,8.64286693643628 50.5928294864546,8.64312632362994 50.5934570649016)))","1968","0","668","668","2636"
"MULTIPOLYGON (((8.70476945909644 50.5940272373085,8.7057789350281 50.5942509251432,8.70652837175478 50.5938470693204,8.70626832568719 50.5932195287084,8.70525886045669 50.5929958443873,8.70450943059273 50.5933996971647,8.70476945909644 50.5940272373085)))","466877","3377","13077","16454","483331"
"MULTIPOLYGON (((8.71326039545048 50.6078752768797,8.71427014436616 50.6080988906742,8.71501971447981 50.6076950764398,8.71475952881803 50.6070676514584,8.71374979061213 50.6068440411757,8.71300022735834 50.6072478523628,8.71326039545048 50.6078752768797)))","1394971","11871","110171","122042","1517013"
"MULTIPOLYGON (((8.70096113392667 50.5914734674383,8.70197054028229 50.5916971869624,8.70271995641879 50.5912933402751,8.70245995933496 50.5906657771087,8.70145056367777 50.5904420610988,8.70070115440604 50.5908459047413,8.70096113392667 50.5914734674383)))","154503","1403","25303","26706","181209"
"MULTIPOLYGON (((8.72579235069811 50.5673335662236,8.72680162144401 50.5675570958445,8.72755073441588 50.5671528798504,8.72729056979837 50.566525137282,8.72628130975635 50.566301611174,8.72553220362808 50.5667058241216,8.72579235069811 50.5673335662236)))","126","126","626","752","878"
"MULTIPOLYGON (((8.70908122178075 50.5778833428031,8.71009050154342 50.5781070025688,8.71083975747224 50.5777029918446,8.71057972678182 50.5770753243999,8.70957045771761 50.5768516681484,8.70882120864553 50.5772556758276,8.70908122178075 50.5778833428031)))","657591","187091","243091","430182","1087773"
"MULTIPOLYGON (((8.73008970218764 50.5688553629633,8.73109903171967 50.5690788573802,8.73184815328554 50.5686746207504,8.73158793847845 50.5680468927506,8.730578619653 50.5678234018459,8.72982950492818 50.5682276354288,8.73008970218764 50.5688553629633)))","192866","89766","126066","215832","408698"
"MULTIPOLYGON (((8.70135894255812 50.5835820798051,8.70236823835094 50.5838057993641,8.70311756915828 50.5834018897655,8.70285759730994 50.5827742636522,8.70184831221334 50.5825505476078,8.70109898826897 50.5829544541621,8.70135894255812 50.5835820798051)))","106660","6560","17960","24520","131180"
"MULTIPOLYGON (((8.71436922021219 50.5596713749958,8.71537828247795 50.5598949996483,8.71612733383316 50.5594908110641,8.71586731607309 50.558863000872,8.71485826450296 50.558639379734,8.71410921999739 50.5590435652737,8.71436922021219 50.5596713749958)))","2740","140","340","480","3220"
"MULTIPOLYGON (((8.66073736457968 50.5739988480551,8.66174617305539 50.5742228981752,8.6624954732865 50.5738192202083,8.66223595815414 50.5731914951599,8.66122716035073 50.5729674485594,8.66047786700748 50.5733711234878,8.66073736457968 50.5739988480551)))","93537","4837","11437","16274","109811"
"MULTIPOLYGON (((8.69950889351303 50.5769016589783,8.70051807697228 50.5771253961508,8.70126733946767 50.5767214496874,8.70100741164107 50.5760937690953,8.69999823887504 50.5758700354381,8.69924898324251 50.5762739788578,8.69950889351303 50.5769016589783)))","192904","15804","20804","36608","229512"
"MULTIPOLYGON (((8.64719208060642 50.5567351963206,8.64820052352472 50.5569593622609,8.64894966267775 50.5565556547705,8.64869035201923 50.5559277843758,8.64768191976097 50.5557036219576,8.64693278750132 50.5561073264122,8.64719208060642 50.5567351963206)))","544404","20904","46004","66908","611312"
"MULTIPOLYGON (((8.73018413799752 50.5757172424338,8.73119356739874 50.5759407332787,8.7319427623166 50.5755365480327,8.73168252099097 50.5749088749892,8.73067310229843 50.5746853876561,8.72992391422292 50.5750895698547,8.73018413799752 50.5757172424338)))","111684","29984","62484","92468","204152"
"MULTIPOLYGON (((8.65485878789089 50.5863741221238,8.65586772443897 50.5865982144781,8.65661716774768 50.586194674546,8.65635766761422 50.5855670452983,8.65534874173916 50.5853429564634,8.65459930532464 50.5857464933569,8.65485878789089 50.5863741221238)))","529761","51261","83561","134822","664583"
"MULTIPOLYGON (((8.62349638914049 50.5925129685766,8.62450514426834 50.5927373104857,8.62525470865194 50.592334052294,8.6249955109918 50.5917064552284,8.62398676652266 50.5914821168419,8.62323720905511 50.5918853719985,8.62349638914049 50.5925129685766)))","16051","0","451","451","16502"
"MULTIPOLYGON (((8.64701964159385 50.543010104333,8.64802788517331 50.5432342771523,8.64877687765116 50.5428304668036,8.64851761965892 50.5422024866706,8.64750938673521 50.5419783173743,8.64676040114812 50.542382124688,8.64701964159385 50.543010104333)))","3448","0","348","348","3796"
"MULTIPOLYGON (((8.73262882790027 50.5705577737468,8.73363820375871 50.5707812470323,8.7343873390047 50.5703770043077,8.73412709155266 50.5697492913451,8.73311772640256 50.5695258215714,8.73236859799629 50.5699300612485,8.73262882790027 50.5705577737468)))","2420","220","920","1140","3560"
"MULTIPOLYGON (((8.70700351705307 50.6104780292481,8.70801324991344 50.610701692319,8.70876285915534 50.6102979447363,8.7085027286725 50.6096705371294,8.70749300651953 50.6094468775709,8.7067434041421 50.6098506221069,8.70700351705307 50.6104780292481)))","453714","8314","47914","56228","509942"
"MULTIPOLYGON (((8.67498043605556 50.586281496556,8.67598954428938 50.5865054271729,8.67673895097893 50.5861017357304,8.67647924255393 50.5854741167122,8.67547014500353 50.5852501896126,8.67472074519484 50.585653878014,8.67498043605556 50.586281496556)))","1429591","157591","318391","475982","1905573"
"MULTIPOLYGON (((8.71933018802658 50.5915535788734,8.7203397531185 50.5917771505588,8.72108913726639 50.5913731668667,8.72082894946991 50.5907456145363,8.71981939508593 50.5905220463631,8.71907001779067 50.5909260270081,8.71933018802658 50.5915535788734)))","41240","9440","71340","80780","122020"
"MULTIPOLYGON (((8.68926703325622 50.5632280318254,8.69027593146317 50.5634518569328,8.69102506568068 50.563047883404,8.69076529482446 50.5624200878093,8.68975640730126 50.5621962662189,8.68900727995067 50.5626002367062,8.68926703325622 50.5632280318254)))","66400","14000","36600","50600","117000"
"MULTIPOLYGON (((8.62701303572717 50.5921551074138,8.62802181599257 50.5923794212122,8.62877137036288 50.5919761339355,8.62851213755418 50.591348535896,8.62750336794918 50.5911242256198,8.62675382049255 50.591527509861,8.62701303572717 50.5921551074138)))","7625","125","225","350","7975"
"MULTIPOLYGON (((8.64825808473521 50.5615338144745,8.6492666060282 50.5617579699212,8.65001579470987 50.561354290862,8.64975645520501 50.5607264593924,8.64874794457405 50.5605023074674,8.64799876278605 50.5609059834904,8.64825808473521 50.5615338144745)))","1429563","59563","191363","250926","1680489"
"MULTIPOLYGON (((8.61134791623994 50.5652972068301,8.61235617390092 50.5655216572792,8.61310546771622 50.5651182835033,8.61284649695201 50.5644904623103,8.61183824993517 50.5642660153867,8.61108896303855 50.5646693861307,8.61134791623994 50.5652972068301)))","1145390","221690","243990","465680","1611070"
"MULTIPOLYGON (((8.67967687142062 50.5799135116589,8.68068592806634 50.5801374071055,8.68143525813999 50.5797336321104,8.68117552469151 50.5791059647102,8.68016647872969 50.5788820727807,8.67941715553255 50.5792858447344,8.67967687142062 50.5799135116589)))","1063615","71915","197015","268930","1332545"
"MULTIPOLYGON (((8.72949785660907 50.5806956047471,8.73050735201712 50.5809190990709,8.73125660152093 50.5805149567631,8.73099634877305 50.5798873231793,8.7299868640749 50.5796638323672,8.72923762141486 50.5800679716273,8.72949785660907 50.5806956047471)))","52670","10070","36470","46540","99210"
"MULTIPOLYGON (((8.72559485713607 50.5712805652975,8.72660418316091 50.5715040948932,8.72735333877254 50.5710999103396,8.72709316151491 50.5704721992371,8.72608384619502 50.5702486731541,8.72533469742791 50.570652854661,8.72559485713607 50.5712805652975)))","1072887","56687","151487","208174","1281061"
"MULTIPOLYGON (((8.67144021036781 50.6043031316804,8.67244954850409 50.6045270833939,8.6731991548115 50.6041235553786,8.67293941609596 50.6034960786918,8.67193008864678 50.603272130495,8.67118048922615 50.6036756554684,8.67144021036781 50.6043031316804)))","108379","1779","5479","7258","115637"
"MULTIPOLYGON (((8.63891681317095 50.5987907511774,8.63992579181331 50.5990149666203,8.64067539645069 50.5986116405082,8.64041601553868 50.5979841019907,8.63940704756491 50.5977598900683,8.63865744983469 50.5981632131431,8.63891681317095 50.5987907511774)))","511","0","111","111","622"
"MULTIPOLYGON (((8.70116004936712 50.5875278837611,8.70216940043832 50.5877516033036,8.7029187739078 50.58734772516,8.70265878944234 50.5867201305185,8.70164944906845 50.5864964144904,8.70090008246281 50.5869002895895,8.70116004936712 50.5875278837611)))","715331","59931","130631","190562","905893"
"MULTIPOLYGON (((8.64557692129764 50.5883020020089,8.64658580580503 50.5885261681869,8.64733528617321 50.5881227124724,8.6470758751334 50.5874950936175,8.64606700129484 50.5872709309598,8.64531752782734 50.5876743836368,8.64557692129764 50.5883020020089)))","19795","395","495","890","20685"
"MULTIPOLYGON (((8.60938644971021 50.5694217777532,8.61039474994821 50.569646242304,8.6111440914032 50.5692429145495,8.61088512569954 50.5686151252761,8.60987683610587 50.5683906642507,8.6091275015717 50.5687939889734,8.60938644971021 50.5694217777532)))","4431","731","1531","2262","6693"
"MULTIPOLYGON (((8.7130074525302 50.5519567479652,8.71401639183819 50.552180386705,8.71476536302042 50.5517761497783,8.71450538804576 50.5511482771558,8.71349645943035 50.5509246419311,8.71274749509715 50.551328875814,8.7130074525302 50.5519567479652)))","31006","406","2306","2712","33718"
"MULTIPOLYGON (((8.68988165519244 50.6289033416969,8.69089150752039 50.6291271349055,8.69164134517612 50.6287236556501,8.69138132362459 50.6280963862319,8.6903714820008 50.6278725965364,8.68962165122451 50.6282760727462,8.68988165519244 50.6289033416969)))","305422","28822","35422","64244","369666"
"MULTIPOLYGON (((8.66927983502345 50.6123709832596,8.67028927119206 50.6125949490323,8.671038967933 50.6121914985125,8.67077922161562 50.611564085262,8.66976979613544 50.6113401230056,8.66902010628431 50.6117435704834,8.66927983502345 50.6123709832596)))","24317","1117","3717","4834","29151"
"MULTIPOLYGON (((8.66921514617541 50.5878518497671,8.67022422752966 50.5880758261017,8.67097366128394 50.5876721897922,8.67071400679917 50.5870445801886,8.6697049361259 50.5868206073717,8.66895550925658 50.5872242406408,8.66921514617541 50.5878518497671)))","1429569","285469","318369","603838","2033407"
"MULTIPOLYGON (((8.70426511860384 50.6127202999726,8.70527486038209 50.612943984152,8.70602449858693 50.6125402741241,8.70576438814692 50.6119128829634,8.70475465707532 50.6116892022966,8.7040050257372 50.6120929092779,8.70426511860384 50.6127202999726)))","97136","147136","280436","427572","524708"
"MULTIPOLYGON (((8.71885220662807 50.5749177829237,8.71986152736635 50.5751413652869,8.72061073403367 50.5747372588516,8.72035061311312 50.5741095730991,8.71934130307742 50.573885994249,8.7185921032598 50.5742900976383,8.71885220662807 50.5749177829237)))","2888","188","788","976","3864"
"MULTIPOLYGON (((8.67509175619089 50.5754756549073,8.67610070937824 50.5756995890275,8.67685000001688 50.5752958146957,8.67659033058959 50.5746681092841,8.67558138808239 50.5744441786818,8.67483210432244 50.5748479499732,8.67509175619089 50.5754756549073)))","1429589","17989","58189","76178","1505767"
"MULTIPOLYGON (((8.6669668128162 50.5890626890186,8.66797589232589 50.5892866829372,8.66872534305044 50.5888830726743,8.66846570737865 50.5882554715331,8.66745663854907 50.5880314811325,8.66670719471126 50.5884350883551,8.6669668128162 50.5890626890186)))","1429599","41399","178799","220198","1649797"
"MULTIPOLYGON (((8.6156027086738 50.584487161491,8.61661127989119 50.5847115700594,8.61736077201424 50.5843083100939,8.61710168600032 50.5836806445935,8.61609312543509 50.583456239549,8.61534364023173 50.583859496481,8.6156027086738 50.584487161491)))","1429503","7903","15703","23606","1453109"
"MULTIPOLYGON (((8.63179778464801 50.5926490085714,8.63280661326933 50.5928732837221,8.63355616453108 50.5924699643242,8.633296880261 50.5918423728117,8.63228806230272 50.5916181011827,8.63153851795161 50.5920214175445,8.63179778464801 50.5926490085714)))","436959","10659","42159","52818","489777"
"MULTIPOLYGON (((8.6430153885944 50.5444010310896,8.64402361776519 50.5446252355237,8.64477263218421 50.5442214657429,8.64451341053879 50.5435934945626,8.64350519202211 50.5433692936518,8.64275618449686 50.543773060398,8.6430153885944 50.5444010310896)))","9172","272","372","644","9816"
"MULTIPOLYGON (((8.63817036614681 50.5792456922762,8.63917905615351 50.5794699216452,8.63992845244422 50.5790664526748,8.63966915182452 50.5784387573717,8.63866047248002 50.5782145315245,8.63791108309312 50.5786179974587,8.63817036614681 50.5792456922762)))","10383","583","983","1566","11949"
"MULTIPOLYGON (((8.71884096779858 50.5925850918976,8.71985054359851 50.5928086670952,8.72059993968495 50.5924046949022,8.7203397531185 50.5917771505588,8.71933018802658 50.5915535788734,8.71858079879327 50.5919575480193,8.71884096779858 50.5925850918976)))","215610","37810","318310","356120","571730"
"MULTIPOLYGON (((8.69434194150222 50.566634374382,8.69535093242433 50.5668581572947,8.69610009410285 50.5664541715976,8.69584025799511 50.5658264060303,8.69483127776041 50.565602626634,8.69408212294617 50.5660066092887,8.69434194150222 50.566634374382)))","169394","13694","48994","62688","232082"
"MULTIPOLYGON (((8.66365076219142 50.5854765981841,8.66465976140397 50.5857006202243,8.66540917954017 50.5852970075786,8.66514959157571 50.5846693759323,8.66414060304046 50.5844453574106,8.66339119179249 50.5848489670168,8.66365076219142 50.5854765981841)))","1429588","145088","318388","463476","1893064"
"MULTIPOLYGON (((8.70308712688936 50.6187265408987,8.70409694541093 50.6189502320685,8.70484665020213 50.618546576511,8.70458652960319 50.6179192328305,8.70357672178947 50.617695545173,8.70282702386695 50.6180991976838,8.70308712688936 50.6187265408987)))","7976","476","1776","2252","10228"
"MULTIPOLYGON (((8.71434447566002 50.5950087075466,8.71535404791649 50.595232317931,8.7161034780486 50.5948283978302,8.71584332906782 50.5942008703919,8.7148337675178 50.59397726352,8.71408434424224 50.594381180574,8.71434447566002 50.5950087075466)))","17298","12298","15198","27496","44794"
"MULTIPOLYGON (((8.69218511104589 50.5747075723932,8.69319419996671 50.574931369368,8.69394345199592 50.574527461119,8.69368360823719 50.573899758938,8.69267453000514 50.5736759654793,8.69192528484315 50.5740798706857,8.69218511104589 50.5747075723932)))","238738","6438","26738","33176","271914"
"MULTIPOLYGON (((8.65889185168284 50.5673176698291,8.65990054788215 50.567541737485,8.66064977976978 50.567138022627,8.66039030857046 50.5665102431511,8.65938162304047 50.5662861790153,8.65863239804059 50.5666898908354,8.65889185168284 50.5673176698291)))","83120","5320","17720","23040","106160"
"MULTIPOLYGON (((8.62765628281193 50.5626545412543,8.62866464290338 50.5628788617733,8.62941387982861 50.5624753456605,8.629154749755 50.5618475120624,8.62814640031529 50.5616231950673,8.62739717029751 50.5620267081463,8.62765628281193 50.5626545412543)))","1161","161","261","422","1583"
"MULTIPOLYGON (((8.71738483830337 50.57801303206,8.71839419114981 50.5782366249626,8.71914343361627 50.5778325530191,8.71888331638515 50.577204891219,8.7178739742415 50.5769813018295,8.7171247386263 50.577385370727,8.71738483830337 50.57801303206)))","2322","422","622","1044","3366"
"MULTIPOLYGON (((8.71542816290788 50.5821397581574,8.71643755856609 50.5823633651126,8.71718684876841 50.5819593391606,8.71692673645931 50.5813317092995,8.71591735150411 50.5811081058574,8.71516806815515 50.5815121287634,8.71542816290788 50.5821397581574)))","480","0","280","280","760"
"MULTIPOLYGON (((8.67377792686735 50.6099501850521,8.67478736671702 50.6101741156445,8.67553702948836 50.6097706130175,8.67527724552378 50.6091431828407,8.67426781636413 50.6089192557644,8.67351816047912 50.6093227553489,8.67377792686735 50.6099501850521)))","330842","642","2142","2784","333626"
"MULTIPOLYGON (((8.70723050944587 50.5712024075401,8.70823967688829 50.5714260849239,8.70898886452589 50.5710220373424,8.70872887786459 50.5703943154215,8.70771972111762 50.5701706415523,8.70697054033664 50.5705746860896,8.70723050944587 50.5712024075401)))","5574","0","474","474","6048"
"MULTIPOLYGON (((8.67371166016196 50.5854299368475,8.67472074519484 50.585653878014,8.67547014500353 50.5852501896126,8.67521045289789 50.5846225630857,8.67420137854751 50.5843986254367,8.67345198562036 50.5848023107971,8.67371166016196 50.5854299368475)))","1429515","285415","318315","603730","2033245"
"MULTIPOLYGON (((8.64670222828585 50.5577667512038,8.64771068186423 50.5579909206661,8.64845983293058 50.5575872246767,8.64820052352472 50.5569593622609,8.64719208060642 50.5567351963206,8.64644293643402 50.5571388892742,8.64670222828585 50.5577667512038)))","1372649","16749","90449","107198","1479847"
"MULTIPOLYGON (((8.70388249431971 50.6029488022713,8.70489209155805 50.603172493568,8.70564162557801 50.6027687121622,8.70538155549469 50.6021412425056,8.70437196895979 50.6019175547221,8.7036224418049 50.602321333082,8.70388249431971 50.6029488022713)))","1429557","40957","202457","243414","1672971"
"MULTIPOLYGON (((8.6823042186536 50.5884764355041,8.6833134215156 50.5887003063283,8.68406283873801 50.5882965766728,8.68380304622204 50.5876689792354,8.6827938540479 50.5874451119276,8.68204444370199 50.5878488385409,8.6823042186536 50.5884764355041)))","370243","34743","69443","104186","474429"
"MULTIPOLYGON (((8.70562704220768 50.6204285765165,8.70663690714752 50.6206522465393,8.70738662567412 50.6202485848877,8.70712647239363 50.6196212562605,8.70611661816351 50.6193975897497,8.70536690650427 50.6198012483541,8.70562704220768 50.6204285765165)))","170534","21234","21934","43168","213702"
"MULTIPOLYGON (((8.7028422943818 50.5628179097518,8.70385130318234 50.5630416258478,8.70460040882573 50.5626375474968,8.7043404988108 50.562009756093,8.70333150070089 50.5617860435127,8.70258240191538 50.5621901188205,8.7028422943818 50.5628179097518)))","12515","215","515","730","13245"
"MULTIPOLYGON (((8.74337147970169 50.5831961772943,8.74438113006079 50.5834195589149,8.74513038142496 50.5830153316865,8.74486997559507 50.5823877258871,8.74386033595379 50.5821643477765,8.74311109142469 50.5825685719553,8.74337147970169 50.5831961772943)))","94184","3684","15184","18868","113052"
"MULTIPOLYGON (((8.65855034060272 50.599732542357,8.65955950184356 50.59995659959,8.66030908193454 50.5995531334585,8.66004949389042 50.5989256131341,8.65904034332859 50.5987015594194,8.65829077013202 50.5991050225109,8.65855034060272 50.599732542357)))","1429509","10209","63609","73818","1503327"
"MULTIPOLYGON (((8.70328600212387 50.6147824368434,8.7042957653156 50.6150061280479,8.70504542740673 50.6146024410264,8.70478531943845 50.6139750658469,8.70377556695349 50.613751378155,8.70302591173015 50.61415506213,8.70328600212387 50.6147824368434)))","892777","107977","171277","279254","1172031"
"MULTIPOLYGON (((8.6965725448382 50.5830909910676,8.69758179245805 50.5833147493308,8.69833112653665 50.5829108718641,8.69807120612955 50.5822832391778,8.69706196920329 50.5820594844297,8.69631264199067 50.5824633588528,8.6965725448382 50.5830909910676)))","1429544","10544","55644","66188","1495732"
"MULTIPOLYGON (((8.67106229020005 50.5945312505326,8.6720714839034 50.5947552092876,8.67282098602861 50.5943516098681,8.67256128756546 50.5937240547348,8.67155210454604 50.593500099497,8.67080260930592 50.5939036958754,8.67106229020005 50.5945312505326)))","83431","8931","10831","19762","103193"
"MULTIPOLYGON (((8.71999536508782 50.6219008695824,8.72100537460112 50.6221244233422,8.72175508320536 50.6217206652368,8.72149477543826 50.6210933564207,8.72048477664252 50.6208698061712,8.71973507489644 50.6212735612275,8.71999536508782 50.6219008695824)))","2352","0","852","852","3204"
"MULTIPOLYGON (((8.681655855592 50.5581179764511,8.68266461472514 50.5583418648266,8.68341370773105 50.5579379095437,8.68315403473306 50.5573100689256,8.68214528627818 50.5570861840683,8.68139620014321 50.557490136311,8.681655855592 50.5581179764511)))","36501","1301","3401","4702","41203"
"MULTIPOLYGON (((8.73173760577901 50.597149967771,8.73274735808779 50.5973734372817,8.73349677999326 50.5969694031586,8.73323644274453 50.5963419025737,8.73222670115178 50.5961184365734,8.73147728609185 50.5965224676476,8.73173760577901 50.597149967771)))","243923","15723","107823","123546","367469"
"MULTIPOLYGON (((8.69347169126052 50.5578887855122,8.69448054853927 50.5581125789708,8.69522961808545 50.5577085334148,8.69496982348985 50.557080697442,8.6939609768954 50.5568569075005,8.69321191421235 50.5572609500147,8.69347169126052 50.5578887855122)))","10223","3523","10723","14246","24469"
"MULTIPOLYGON (((8.67484672063489 50.6147455165883,8.67585623899489 50.6149694366096,8.67660595135004 50.6145659624136,8.67634613845872 50.6139385712391,8.67533663079078 50.6137146547334,8.67458692532221 50.6141181258866,8.67484672063489 50.6147455165883)))","10350","550","1350","1900","12250"
"MULTIPOLYGON (((8.67382317432876 50.5746240053073,8.67483210432244 50.5748479499732,8.67558138808239 50.5744441786818,8.67532173496946 50.5738164657649,8.67431281565504 50.573592524617,8.67356353877443 50.5739962928682,8.67382317432876 50.5746240053073)))","119655","12055","22155","34210","153865"
"MULTIPOLYGON (((8.62496748173999 50.5894203548967,8.62597620489193 50.5896446862382,8.62672573351385 50.5892413935252,8.6264665320695 50.5886137725058,8.62545781957608 50.588389444687,8.62470829786862 50.5887927343649,8.62496748173999 50.5894203548967)))","119408","1308","2108","3416","122824"
"MULTIPOLYGON (((8.71307479517386 50.5941575596217,8.71408434424224 50.594381180574,8.7148337675178 50.59397726352,8.71457363486779 50.5933497285601,8.71356409650496 50.5931261111204,8.71281468008668 50.593530025128,8.71307479517386 50.5941575596217)))","155100","35800","57800","93600","248700"
"MULTIPOLYGON (((8.71834036604091 50.6112792914247,8.71935020774486 50.6115028629221,8.72009980529114 50.6110990364962,8.71983955427646 50.6104716416212,8.71882972328602 50.6102480736349,8.71808013259689 50.6106518970126,8.71834036604091 50.6112792914247)))","323880","29280","41180","70460","394340"
"MULTIPOLYGON (((8.71404092993502 50.6097575194001,8.7150507127586 50.6099811261332,8.71580030167494 50.6095773203529,8.71554010090814 50.6089499108873,8.71453032879534 50.6087263076658,8.71378074673867 50.6091301103985,8.71404092993502 50.6097575194001)))","1427032","55432","181532","236964","1663996"
"MULTIPOLYGON (((8.67896582078819 50.6025535934905,8.67997519832921 50.6027774853972,8.6807247725002 50.602373887691,8.68046496224882 50.6017464011208,8.67945559539826 50.6015225127301,8.6787060281087 50.6019261073936,8.67896582078819 50.6025535934905)))","50074","3674","7274","10948","61022"
"MULTIPOLYGON (((8.68221448863623 50.5816166033261,8.68322359167084 50.5818404776722,8.68397293549553 50.5814366965938,8.68371316941058 50.5808090442112,8.68270407706175 50.5805851733819,8.68195474011221 50.5809889514185,8.68221448863623 50.5816166033261)))","492609","60809","318309","379118","871727"
"MULTIPOLYGON (((8.64505694333423 50.606993342275,8.64606609335603 50.6072175050176,8.64681577521087 50.6068141951982,8.64655630013928 50.6061867256748,8.64554716079175 50.6059625664515,8.64479748584163 50.6063658732323,8.64505694333423 50.606993342275)))","1440","0","140","140","1580"
"MULTIPOLYGON (((8.70790420115788 50.583892720704,8.70891355759754 50.5841163874784,8.7096628800476 50.5837124312023,8.70940283919949 50.5830848111972,8.70839349345951 50.5828611479366,8.70764417786812 50.5832651011675,8.70790420115788 50.583892720704)))","207814","8814","13514","22328","230142"
"MULTIPOLYGON (((8.68272444245332 50.5629166339368,8.68373327998513 50.5631405117795,8.68448242249539 50.5627365849106,8.68422272060276 50.5621087832396,8.68321389375118 50.5618849089146,8.68246475811212 50.5622888327429,8.68272444245332 50.5629166339368)))","7263","163","763","926","8189"
"MULTIPOLYGON (((8.71864301766667 50.5965306121773,8.71965264877801 50.596754187341,8.72040208753578 50.5963502465992,8.72014188832828 50.595722733741,8.71913226792604 50.5954991620892,8.71838283602232 50.5959030997837,8.71864301766667 50.5965306121773)))","3144","5044","16344","21388","24532"
"MULTIPOLYGON (((8.64915127690417 50.6124611884587,8.65016054119696 50.612685316048,8.65091027452858 50.6122820170868,8.65065073666441 50.6116545935758,8.64964148304967 50.6114304695051,8.64889175662115 50.6118337654268,8.64915127690417 50.6124611884587)))","12799","799","1499","2298","15097"
"MULTIPOLYGON (((8.6903362639553 50.5680263923686,8.691345240577 50.5682502069303,8.69209442430025 50.5678462618127,8.69183462453477 50.5672185051755,8.69082565859887 50.5669946941305,8.69007648174276 50.5673986362061,8.6903362639553 50.5680263923686)))","94722","12022","24422","36444","131166"
"MULTIPOLYGON (((8.68515182165039 50.5754277313922,8.68616086057158 50.5756515846375,8.68691013283203 50.5752477345562,8.6866503592994 50.5746200342714,8.68564133106359 50.5743961845429,8.68489206567516 50.5748000315825,8.68515182165039 50.5754277313922)))","1324921","117321","267821","385142","1710063"
"MULTIPOLYGON (((8.64410660223518 50.5913950982164,8.64511551874945 50.5916192749556,8.64586503488968 50.5912158537567,8.64560562761352 50.5905882588563,8.64459672176826 50.5903640856375,8.64384721253027 50.5907675037988,8.64410660223518 50.5913950982164)))","2907","107","907","1014","3921"
"MULTIPOLYGON (((8.72480466195348 50.5870663591922,8.7258142091545 50.5872898886673,8.72656353537347 50.5868858298891,8.72630330754344 50.5862582446835,8.72529377105183 50.5860347187202,8.72454445168098 50.5864387744508,8.72480466195348 50.5870663591922)))","33942","8642","8942","17584","51526"
"MULTIPOLYGON (((8.72326372082492 50.5479568693096,8.72427269035801 50.5481804271651,8.72502160037281 50.5477760830646,8.72476153401315 50.5471481841536,8.72375257517669 50.5469246298124,8.72300367200337 50.547328970868,8.72326372082492 50.5479568693096)))","27125","1825","6025","7850","34975"
"MULTIPOLYGON (((8.6949049456116 50.5901309778405,8.69591428058834 50.5903547466357,8.69666369312811 50.5899509351278,8.69640376382274 50.5893233578687,8.69539443954084 50.5890995925885,8.69464503386957 50.5895034010525,8.6949049456116 50.5901309778405)))","683470","7870","21070","28940","712410"
"MULTIPOLYGON (((8.69048049670612 50.6170725399206,8.69149018305684 50.6172963332156,8.69223989258539 50.6168927595474,8.6919799088866 50.6162653956293,8.6909702332367 50.6160416058481,8.69022053058488 50.6164451764713,8.69048049670612 50.6170725399206)))","1495","295","695","990","2485"
"MULTIPOLYGON (((8.71875888959929 50.5680560255487,8.71976811048911 50.5682796114681,8.72051724380162 50.5678754536416,8.72025714937604 50.5672477129413,8.71924793918664 50.5670241305354,8.71849881272255 50.5674282853163,8.71875888959929 50.5680560255487)))","467","0","167","167","634"
"MULTIPOLYGON (((8.64321221285591 50.6003150872529,8.64422125050549 50.6005392675503,8.64497086393291 50.6001359208181,8.64471143280625 50.5995083968266,8.64370240582796 50.5992842200492,8.64295279930516 50.5996875637434,8.64321221285591 50.6003150872529)))","1316","116","516","632","1948"
"MULTIPOLYGON (((8.64681577521087 50.6068141951982,8.64782493778626 50.6070383438752,8.64857461461484 50.6066350195096,8.64831512196459 50.6060075495059,8.64730597006433 50.6057834043481,8.64655630013928 50.6061867256748,8.64681577521087 50.6068141951982)))","25797","297","397","694","26491"
"MULTIPOLYGON (((8.68482240837976 50.6078413040908,8.68583191266465 50.608065146715,8.68658153317035 50.6076615452962,8.68632164251267 50.607034104297,8.68531214892289 50.6068102651878,8.68456253529582 50.6072138635628,8.68482240837976 50.6078413040908)))","2406","0","206","206","2612"
"MULTIPOLYGON (((8.71503192147942 50.5900316486961,8.71604142772615 50.5902552555978,8.71679080325116 50.5898512925454,8.71653066567436 50.5892237256379,8.7155211701329 50.589000122249,8.71477180146305 50.5894040822549,8.71503192147942 50.5900316486961)))","501683","58383","83983","142366","644049"
"MULTIPOLYGON (((8.6693036018517 50.5947108625837,8.67031278302984 50.5949348354073,8.67106229020005 50.5945312505326,8.67080260930592 50.5939036958754,8.66979343881084 50.5936797265692,8.66904393852694 50.594083308403,8.6693036018517 50.5947108625837)))","86204","1404","13504","14908","101112"
"MULTIPOLYGON (((8.71161987972309 50.5795859631791,8.71262920584407 50.579809601823,8.71337847548431 50.5794055850083,8.71311841214831 50.5787779325953,8.71210909672761 50.5785542974651,8.71135983394275 50.5789583112344,8.71161987972309 50.5795859631791)))","2917","417","817","1234","4151"
"MULTIPOLYGON (((8.71418352921642 50.5459444792974,8.71519239190665 50.5461681110122,8.71594129662704 50.5457638196584,8.71568133181019 50.5451358996333,8.71467247981127 50.5449122714339,8.71392358193799 50.5453165597442,8.71418352921642 50.5459444792974)))","24627","1327","1627","2954","27581"
"MULTIPOLYGON (((8.69483127776041 50.565602626634,8.69584025799511 50.5658264060303,8.69658940774845 50.5654224088352,8.69632957040351 50.5647946352863,8.69532060085614 50.5645708594062,8.69457145796653 50.5649748535589,8.69483127776041 50.565602626634)))","94951","9451","36251","45702","140653"
"MULTIPOLYGON (((8.66489447619303 50.6039902096124,8.66590375352146 50.6042142140925,8.6666533680743 50.6038107327583,8.66639369840782 50.6031832499851,8.66538443176299 50.6029592490224,8.66463482410116 50.6033627273156,8.66489447619303 50.6039902096124)))","8024","0","124","124","8148"
"MULTIPOLYGON (((8.72127631188394 50.6050916923141,8.72228608930799 50.6053152427448,8.72303561518906 50.6049113473124,8.7227753567922 50.6042839044975,8.72176559008127 50.6040603575779,8.72101607105419 50.6044642499622,8.72127631188394 50.6050916923141)))","598","198","498","696","1294"
"MULTIPOLYGON (((8.71144778332473 50.5481894376238,8.71245665493092 50.5484130904352,8.71320558856954 50.548008836607,8.71294564375277 50.5473809330109,8.71193678283716 50.5471572837151,8.71118785604791 50.5475615344999,8.71144778332473 50.5481894376238)))","19534","1034","2434","3468","23002"
"MULTIPOLYGON (((8.67446826051757 50.6049749621931,8.67547763439395 50.6051988892782,8.67622724253808 50.6047953436741,8.67596746992099 50.6041678740271,8.67495810673346 50.6039439504581,8.67420850547429 50.6043474930201,8.67446826051757 50.6049749621931)))","623349","949","1549","2498","625847"
"MULTIPOLYGON (((8.64044957989572 50.5603681204442,8.64145801717566 50.5605923391017,8.64220720712074 50.5601887097265,8.64194795288742 50.5595608647289,8.64093952626511 50.559336649594,8.64019034321859 50.559740275934,8.64044957989572 50.5603681204442)))","8937","237","437","674","9611"
"MULTIPOLYGON (((8.66278425871603 50.5767337354697,8.66379312426482 50.5769577680273,8.6645424501924 50.5765540954846,8.66428290368423 50.5759263934232,8.66327404880966 50.5757023643847,8.66252472976914 50.5761060338885,8.66278425871603 50.5767337354697)))","1429500","259000","318300","577300","2006800"
"MULTIPOLYGON (((8.69736894993753 50.5673056985025,8.69837797652776 50.5675294567971,8.69912714000652 50.5671254535166,8.69886727003279 50.5664976949845,8.69785825413173 50.5662739402058,8.69710909751534 50.5666779404435,8.69736894993753 50.5673056985025)))","259564","32964","52864","85828","345392"
"MULTIPOLYGON (((8.68393281480478 50.6167605011164,8.68494244039101 50.6169843472176,8.68569215822895 50.6165808202431,8.6854322435998 50.6159534502117,8.68442262871095 50.6157296076251,8.68367291775398 50.6161331315553,8.68393281480478 50.6167605011164)))","65384","1684","3284","4968","70352"
"MULTIPOLYGON (((8.74366380166995 50.5861107483646,8.7446734966331 50.5863341264291,8.7454227787133 50.5859299191431,8.745162358995 50.5853023368424,8.74415267475072 50.5850789622877,8.74340339950598 50.5854831665239,8.74366380166995 50.5861107483646)))","3021","121","921","1042","4063"
"MULTIPOLYGON (((8.7159293270906 50.5634381248811,8.71693845708062 50.5636617354494,8.71768754598898 50.5632575637669,8.71742749805812 50.5626297845611,8.71641837876568 50.562406177507,8.71566929670668 50.5628103461446,8.7159293270906 50.5634381248811)))","2088","0","188","188","2276"
"MULTIPOLYGON (((8.67571472782048 50.545964190436,8.67672326066905 50.5461881314705,8.6774722340709 50.5457841284793,8.67721266775176 50.5451561874925,8.67620414557464 50.5449322499775,8.67545517904527 50.54533624993,8.67571472782048 50.545964190436)))","114067","2967","12467","15434","129501"
"MULTIPOLYGON (((8.67346581543758 50.6246942262646,8.67447546579062 50.6249181532857,8.67522528743861 50.6245147650546,8.67496545184417 50.6238874528459,8.6739558121855 50.6236635293401,8.67320599742701 50.6240669145278,8.67346581543758 50.6246942262646)))","6251","151","1051","1202","7453"
"MULTIPOLYGON (((8.64153930217602 50.6073515505955,8.64254842708525 50.607575741468,8.6432981189882 50.6071724607406,8.64303867907493 50.606544992179,8.64202956483828 50.6063208048263,8.64127987984245 50.6067240825154,8.64153930217602 50.6073515505955)))","5162","0","162","162","5324"
"MULTIPOLYGON (((8.71123639343299 50.5698098425193,8.71224557513495 50.5700334882447,8.71299474069411 50.5696294000821,8.71273471769769 50.5690016692389,8.71172554669285 50.5687780270277,8.71097638798738 50.5691821121456,8.71123639343299 50.5698098425193)))","296","0","196","196","492"
"MULTIPOLYGON (((8.62402196611509 50.5738190330774,8.62503045594393 50.5740433783091,8.62577981890959 50.5736399742038,8.6255206851345 50.5730122279008,8.62451220595891 50.5727878861927,8.62376284990526 50.5731912872641,8.62402196611509 50.5738190330774)))","208","0","108","108","316"
"MULTIPOLYGON (((8.69718659124771 50.5535808444523,8.69819541827443 50.5538046097799,8.6989444350729 50.5534005036988,8.69868461798497 50.5527726353321,8.69767580164315 50.5525488735213,8.69692679170449 50.5529529765605,8.69718659124771 50.5535808444523)))","3589","489","789","1278","4867"
"MULTIPOLYGON (((8.69438059243893 50.6264823710702,8.69539044838756 50.6267061290833,8.69614025201507 50.6263025977123,8.69588019281806 50.6256753113744,8.69487034757517 50.6254515568742,8.69412055082366 50.6258550851991,8.69438059243893 50.6264823710702)))","18984","1284","1784","3068","22052"
"MULTIPOLYGON (((8.63382426019819 50.5531923933973,8.63483253697337 50.553416668156,8.63558166169766 50.5530130339851,8.63532250274535 50.5523851280893,8.63431423662219 50.5521608568543,8.6335651187994 50.5525644879913,8.63382426019819 50.5531923933973)))","2052","0","152","152","2204"
"MULTIPOLYGON (((8.71553324717026 50.5713320919741,8.71654248769068 50.5715557025084,8.71729166187602 50.5711515937135,8.71703158868982 50.5705238774297,8.71602235886914 50.5703002704092,8.71527319153502 50.5707043761588,8.71553324717026 50.5713320919741)))","7081","681","3581","4262","11343"
"MULTIPOLYGON (((8.67046041426804 50.6063650755717,8.67146977377869 50.6065890343184,8.67221940395443 50.606185529313,8.67195966773182 50.6055580686028,8.67095031890838 50.6053341133727,8.67020069562049 50.6057376153363,8.67046041426804 50.6063650755717)))","24305","405","1805","2210","26515"
"MULTIPOLYGON (((8.69738560790498 50.5496332160812,8.69839437971123 50.5498569814041,8.69914335388852 50.5494528438771,8.69888354940083 50.5488249440691,8.69787478827837 50.5486011822631,8.69712582095998 50.5490053167484,8.69738560790498 50.5496332160812)))","287","0","187","187","474"
"MULTIPOLYGON (((8.68788909326799 50.5731845913416,8.68889812331946 50.5734084234866,8.68964736667112 50.5730045358642,8.68938757310166 50.5723768191388,8.6883785537363 50.5721529905104,8.68762931725441 50.5725568750908,8.68788909326799 50.5731845913416)))","1429594","206594","318394","524988","1954582"
"MULTIPOLYGON (((8.68132490834585 50.5905390241943,8.6823341325838 50.5907629020512,8.68308357366775 50.5903591953998,8.68282378363634 50.5897316139337,8.68181457008638 50.5895077395931,8.68106513587999 50.5899114432024,8.68132490834585 50.5905390241943)))","538136","97736","129336","227072","765208"
"MULTIPOLYGON (((8.64768191976097 50.5557036219576,8.64869035201923 50.5559277843758,8.64943947925925 50.5555240653847,8.64918016734825 50.5548961870112,8.64817174574995 50.5546720281151,8.6474226254028 50.5550757440705,8.64768191976097 50.5557036219576)))","207369","12469","21969","34438","241807"
"MULTIPOLYGON (((8.72656353537347 50.5868858298891,8.72757309504199 50.5871093452827,8.7283224161701 50.5867052719589,8.72806217078291 50.5860776862894,8.72705262182463 50.5858541744074,8.72630330754344 50.5862582446835,8.72656353537347 50.5868858298891)))","29742","3542","8042","11584","41326"
"MULTIPOLYGON (((8.66113952853924 50.566106516792,8.66214822659408 50.5663305668707,8.66289744153036 50.5659268259725,8.6626379515259 50.5652990380338,8.6616292641412 50.5650749914751,8.66088005609095 50.5654787293351,8.66113952853924 50.566106516792)))","390694","11794","227694","239488","630182"
"MULTIPOLYGON (((8.70059494525836 50.5640300751471,8.70160395226632 50.5642538088264,8.70235307490246 50.5638497565127,8.70209318367111 50.5632219735627,8.70108418735296 50.5629982433991,8.70033507157646 50.5634022926698,8.70059494525836 50.5640300751471)))","137199","1899","2499","4398","141597"
"MULTIPOLYGON (((8.68852141875416 50.6211960812495,8.68953114790894 50.6214198885997,8.6902809052068 50.6210163609517,8.69002092647118 50.6203890289986,8.68901120801752 50.6201652251622,8.68826145759847 50.6205687497652,8.68852141875416 50.6211960812495)))","11208","308","708","1016","12224"
"MULTIPOLYGON (((8.69325473425848 50.579505213713,8.69426390162158 50.5797290001284,8.69501320317057 50.5793251202922,8.6947533304891 50.5786974570837,8.69374417381676 50.5784736741839,8.69299487913527 50.5788775509771,8.69325473425848 50.579505213713)))","739820","17920","69720","87640","827460"
"MULTIPOLYGON (((8.70038016374241 50.5856450857449,8.70138948092783 50.585868812333,8.70213883560042 50.585464925734,8.70187886622374 50.5848373155912,8.70086955973462 50.5846135925176,8.70012021192603 50.5850174760724,8.70038016374241 50.5856450857449)))","111745","22845","38045","60890","172635"
"MULTIPOLYGON (((8.72588636054761 50.5741955149179,8.72689573115137 50.574419040974,8.72764491747375 50.574014876366,8.72738472634757 50.5733871887488,8.72637536644979 50.5731636662051,8.72562618697232 50.5735678277663,8.72588636054761 50.5741955149179)))","180250","31350","157250","188600","368850"
"MULTIPOLYGON (((8.6872901972325 50.5850225699296,8.68829939304441 50.5852464020649,8.68904876436317 50.5848426088173,8.68878893299767 50.5842149864771,8.68777974787518 50.5839911578578,8.68703038342893 50.5843949480628,8.6872901972325 50.5850225699296)))","1429568","136968","289968","426936","1856504"
"MULTIPOLYGON (((8.74424852011148 50.5919395486725,8.74525830429432 50.5921629196201,8.746007647814 50.5917587522203,8.74574720031475 50.5911312169232,8.74473742685284 50.590907849485,8.7439880901694 50.5913120138345,8.74424852011148 50.5919395486725)))","2317","0","317","317","2634"
"MULTIPOLYGON (((8.68399298063663 50.5637683054697,8.68500184135019 50.5639921727676,8.68575099073094 50.5635882428578,8.68549127252776 50.5629604486909,8.68448242249539 50.5627365849106,8.68373327998513 50.5631405117795,8.68399298063663 50.5637683054697)))","2505","305","505","810","3315"
"MULTIPOLYGON (((8.73712355074486 50.5681322223908,8.7381329300892 50.5683556604957,8.73888203127566 50.5679513656958,8.73862174628163 50.567323635839,8.73761237764723 50.5671002012457,8.73686328329705 50.5675044929977,8.73712355074486 50.5681322223908)))","2681","281","481","762","3443"
"MULTIPOLYGON (((8.62377012141569 50.553236503301,8.62477831223398 50.5534608588014,8.62552745507405 50.5530573003405,8.6252684001878 50.552429389412,8.62426022001636 50.5522050374364,8.62351108408444 50.5526085928646,8.62377012141569 50.553236503301)))","105254","2054","6554","8608","113862"
"MULTIPOLYGON (((8.70469232218779 50.5694995706906,8.70570144327879 50.5697232691867,8.70645061720248 50.5693192276936,8.70619066317726 50.5686914907483,8.70518155277985 50.5684677957673,8.70443238571417 50.5688718342166,8.70469232218779 50.5694995706906)))","13891","491","1991","2482","16373"
"MULTIPOLYGON (((8.68980971171032 50.6043884925778,8.69081920893228 50.604612296504,8.69156878350321 50.604208631479,8.6913088539777 50.603581165572,8.6902993674524 50.6033573651604,8.68954979975608 50.6037610271413,8.68980971171032 50.6043884925778)))","26950","3750","4750","8500","35450"
"MULTIPOLYGON (((8.65131374764299 50.6043941539099,8.65232291396657 50.6046182674168,8.65307255687732 50.6042148909456,8.65281302656456 50.6035874040068,8.65180387091773 50.6033632940186,8.65105423490704 50.6037666674506,8.65131374764299 50.6043941539099)))","62014","5514","14014","19528","81542"
"MULTIPOLYGON (((8.70597588454373 50.5526788546617,8.70698477396694 50.5529025496671,8.70773376543768 50.5524983708944,8.70747386063146 50.5518705001594,8.7064649818974 50.5516468086699,8.70571599728051 50.5520509843997,8.70597588454373 50.5526788546617)))","9057","5757","8757","14514","23571"
"MULTIPOLYGON (((8.72597095085357 50.5987229564875,8.72698067647235 50.5989464717662,8.72773012560557 50.5985424927856,8.7274698422705 50.5979150015746,8.72646012736529 50.5976914898068,8.72571068508168 50.5980954657391,8.72597095085357 50.5987229564875)))","3572","172","472","644","4216"
"MULTIPOLYGON (((8.6853712611203 50.5538105630834,8.68637999003725 50.554034423326,8.68712903031389 50.5536304075144,8.68686933480606 50.5530025345005,8.68586061656796 50.552778677776,8.68511158315895 50.5531826905472,8.6853712611203 50.5538105630834)))","2584","0","384","384","2968"
"MULTIPOLYGON (((8.66267104096945 50.5875390212675,8.66368006153679 50.5877630503449,8.66442950352555 50.5873594607056,8.66416991805784 50.5867318450287,8.6631609081679 50.5865078194699,8.66241147306838 50.5869114060695,8.66267104096945 50.5875390212675)))","442917","26817","318317","345134","788051"
"MULTIPOLYGON (((8.68143525813999 50.5797336321104,8.68244432729536 50.5799575134902,8.68319365231737 50.5795537239526,8.68293390130882 50.578926056077,8.68192484283818 50.5787021782142,8.68117552469151 50.5791059647102,8.68143525813999 50.5797336321104)))","1370408","22708","50108","72816","1443224"
"MULTIPOLYGON (((8.68676193975536 50.6213757729153,8.68777165639267 50.621599594347,8.68852141875416 50.6211960812495,8.68826145759847 50.6205687497652,8.68725175166142 50.6203449318474,8.68650199617994 50.6207484419001,8.68676193975536 50.6213757729153)))","40391","7591","8991","16582","56973"
"MULTIPOLYGON (((8.64295459587682 50.5797390740264,8.64396333419427 50.5799632647497,8.64471272735135 50.5795597636614,8.64445337529035 50.5789320748865,8.64344464763773 50.5787078876843,8.64269526138139 50.5791113857359,8.64295459587682 50.5797390740264)))","23229","1929","34729","36658","59887"
"MULTIPOLYGON (((8.66125294734766 50.5552980634427,8.66226149048311 50.555522116965,8.66301058942859 50.5551182931792,8.66275113835495 50.5544904189086,8.66174260588636 50.5542663689068,8.66099351382469 50.5546701896552,8.66125294734766 50.5552980634427)))","4875","675","1275","1950","6825"
"MULTIPOLYGON (((8.64952594428057 50.562385793411,8.65053448877065 50.5626099383267,8.65128368434527 50.5622062562311,8.65102432853696 50.5615784322562,8.65001579470987 50.561354290862,8.6492666060282 50.5617579699212,8.64952594428057 50.562385793411)))","522792","10392","29792","40184","562976"
"MULTIPOLYGON (((8.68634995885668 50.5517467729923,8.687358666416 50.5519706261988,8.68810768285462 50.551566587393,8.68784798486749 50.5509386984211,8.68683928798692 50.5507148487327,8.68609027841488 50.551118884498,8.68634995885668 50.5517467729923)))","495","0","395","395","890"
"MULTIPOLYGON (((8.72655424395686 50.6045505714036,8.72756405880783 50.6047740795747,8.72831356941304 50.6043701404955,8.72805325831703 50.6037426962941,8.72704345418172 50.6035191916336,8.72629395042691 50.6039231276639,8.72655424395686 50.6045505714036)))","5465","0","365","365","5830"
"MULTIPOLYGON (((8.62099656819141 50.5731459482343,8.62200502223839 50.5733703180397,8.62275438329307 50.5729669315071,8.62249528338698 50.5723391782026,8.62148683999147 50.572114811921,8.62073748585069 50.5725181954201,8.62099656819141 50.5731459482343)))","141","0","241","241","382"
"MULTIPOLYGON (((8.70489096846458 50.5655527285552,8.70590003430193 50.5657764270605,8.70664916558582 50.5653723541193,8.70638922417544 50.5647445857166,8.7053801690306 50.5645208907265,8.70463104460376 50.564924960624,8.70489096846458 50.5655527285552)))","178832","14832","39032","53864","232696"
"MULTIPOLYGON (((8.65459777747698 50.565793528883,8.65560641475502 50.5660176316666,8.65635563789485 50.565613937423,8.65609621686645 50.5649861434333,8.65508759025503 50.5647620441705,8.65433837400551 50.5651657353767,8.65459777747698 50.565793528883)))","711696","110396","139596","249992","961688"
"MULTIPOLYGON (((8.68121452448526 50.6013427919108,8.68222390385343 50.6015666662282,8.6829734610353 50.6011630424717,8.68271363196934 50.6005355474408,8.6817042632924 50.6003116766391,8.68095471299029 50.6007152973527,8.68121452448526 50.6013427919108)))","240202","4602","7102","11704","251906"
"MULTIPOLYGON (((8.71050885783754 50.6277761248751,8.71151887096567 50.6279997525494,8.71226865966533 50.627596110171,8.71200842837139 50.6269688431667,8.71099842595776 50.6267452190034,8.71024864412368 50.6271488583336,8.71050885783754 50.6277761248751)))","53344","944","2644","3588","56932"
"MULTIPOLYGON (((8.69100679743709 50.58071678355,8.69201596299231 50.5809405875513,8.69276528153225 50.580536733758,8.69250542764788 50.5799090790063,8.69149627278265 50.5796852785208,8.69074696111193 50.5800891292713,8.69100679743709 50.58071678355)))","1429565","10065","69465","79530","1509095"
"MULTIPOLYGON (((8.65713393109263 50.5674972884352,8.65814261476443 50.5677213701479,8.65889185168284 50.5673176698291,8.65863239804059 50.5666898908354,8.65762372503725 50.5664658126431,8.65687449500778 50.5668695099241,8.65713393109263 50.5674972884352)))","166972","24372","26172","50544","217516"
"MULTIPOLYGON (((8.71972596180881 50.5836617515171,8.72073541629817 50.5838853232638,8.7214847151206 50.5834812766744,8.72122455260302 50.5828536613849,8.72021510881942 50.5826300931508,8.71946581684778 50.5830341366936,8.71972596180881 50.5836617515171)))","5168","168","768","936","6104"
"MULTIPOLYGON (((8.67113218631981 50.5415245556686,8.67214061580504 50.5417485353185,8.67288954980039 50.5413445329841,8.67263004743605 50.5407165540376,8.67162162861858 50.540492577908,8.67087270149782 50.5408965772046,8.67113218631981 50.5415245556686)))","124590","1490","5290","6780","131370"
"MULTIPOLYGON (((8.71779225396834 50.5524469991741,8.7188012413661 50.5526705992247,8.71955020924131 50.5522663301764,8.71929018287292 50.5516384641219,8.71828120617034 50.5514148675858,8.71753224514108 50.5518191335897,8.71779225396834 50.5524469991741)))","361018","22518","64618","87136","448154"
"MULTIPOLYGON (((8.73419031301271 50.5743239402153,8.73519975661804 50.5745473993893,8.73594892941153 50.57414317356,8.73568865176038 50.5735154916048,8.73467921886537 50.5732920359423,8.7339300529113 50.5736962587236,8.73419031301271 50.5743239402153)))","1033","0","1133","1133","2166"
"MULTIPOLYGON (((8.72997843893407 50.5973305037495,8.7309881787768 50.5975539873464,8.73173760577901 50.597149967771,8.73147728609185 50.5965224676476,8.73046755696432 50.5962989875614,8.72971813680883 50.596703004088,8.72997843893407 50.5973305037495)))","2568","468","3868","4336","6904"
"MULTIPOLYGON (((8.68671046303307 50.5791938218072,8.68771956970649 50.5794176609839,8.68846887956483 50.5790138278187,8.6882090758781 50.5783861585191,8.68719997989194 50.5781623228589,8.68645067690535 50.5785661529819,8.68671046303307 50.5791938218072)))","455334","8934","24634","33568","488902"
"MULTIPOLYGON (((8.7238064318832 50.6244533789929,8.72481651100612 50.6246769010079,8.72556624018074 50.624273133754,8.72530588337644 50.6236458475348,8.72429581497387 50.6234223290296,8.72354609265538 50.6238260932337,8.7238064318832 50.6244533789929)))","885","0","185","185","1070"
"MULTIPOLYGON (((8.69804077842896 50.5799964127006,8.69904999396822 50.5802201604184,8.69979929225407 50.5798162484526,8.6995393681363 50.5791885918126,8.69853016329046 50.5789648476099,8.69778087186904 50.5793687565321,8.69804077842896 50.5799964127006)))","119783","7783","10183","17966","137749"
"MULTIPOLYGON (((8.7020161717449 50.6139313603545,8.70302591173015 50.61415506213,8.70377556695349 50.613751378155,8.70351547532325 50.6131239954508,8.70250574604382 50.6129002971881,8.70175609768896 50.6133039781169,8.7020161717449 50.6139313603545)))","969996","135096","199496","334592","1304588"
"MULTIPOLYGON (((8.71895675269474 50.5641089319562,8.71996591831804 50.5643325178942,8.72071500899401 50.5639283286256,8.7204549271993 50.5633005564643,8.71944577227535 50.5630769740401,8.71869668844688 50.5634811602634,8.71895675269474 50.5641089319562)))","495","0","195","195","690"
"MULTIPOLYGON (((8.68644005830616 50.5586095078836,8.6874488656144 50.5588333575934,8.68819795538641 50.5584293701926,8.68793823098243 50.557801536123,8.68692943435508 50.5575776899309,8.68618035145094 50.5579816742908,8.68644005830616 50.5586095078836)))","2378","0","478","478","2856"
"MULTIPOLYGON (((8.63684912626734 50.5538651931052,8.63785743878531 50.554089443295,8.6386065654002 50.5536857915542,8.63834737259763 50.5530578926579,8.63733907073348 50.5528336459914,8.63658995101822 50.5532372946979,8.63684912626734 50.5538651931052)))","1072137","25037","57537","82574","1154711"
"MULTIPOLYGON (((8.71021779622255 50.6248633798761,8.71122776471191 50.6250870111064,8.71197752264921 50.624683348768,8.71171730523208 50.6240560582472,8.71070734745616 50.6238324305281,8.70995759638406 50.6242360898186,8.71021779622255 50.6248633798761)))","318693","63593","83593","147186","465879"
"MULTIPOLYGON (((8.62537369574191 50.5815306049149,8.6263823085015 50.5817549361806,8.62713175178377 50.5813515804993,8.62687257539392 50.580723896587,8.62586397329062 50.5804995688442,8.62511453692101 50.5809029214909,8.62537369574191 50.5815306049149)))","690063","15163","58263","73426","763489"
"MULTIPOLYGON (((8.64488480147197 50.5932778504939,8.64589375187508 50.5935020202128,8.64664328684199 50.5930986074818,8.64638386450379 50.5924710280696,8.64537492477067 50.5922468618708,8.64462539670588 50.5926502715641,8.64488480147197 50.5932778504939)))","2480","480","580","1060","3540"
"MULTIPOLYGON (((8.67464626940621 50.6186892749562,8.67565584306537 50.6189131949632,8.67640559812354 50.618509752242,8.67614577263516 50.6178823925571,8.67513620966915 50.6176584760656,8.67438646149849 50.6180619157436,8.67464626940621 50.6186892749562)))","17805","2205","3205","5410","23215"
"MULTIPOLYGON (((8.63130749381149 50.5936798964683,8.63231633309589 50.5939041751406,8.63306589628034 50.5935008672494,8.63280661326933 50.5928732837221,8.63179778464801 50.5926490085714,8.63104822837474 50.5930523134265,8.63130749381149 50.5936798964683)))","983952","11352","159252","170604","1154556"
"MULTIPOLYGON (((8.69880422528217 50.5995440095444,8.69981372972701 50.5997677431037,8.70056323628264 50.5993639738799,8.70030323152582 50.598736474142,8.69929373778077 50.5985127440966,8.69854423809288 50.5989165102754,8.69880422528217 50.5995440095444)))","211458","20758","51458","72216","283674"
"MULTIPOLYGON (((8.7122944650095 50.5922749406329,8.71330398018514 50.5924985686396,8.71405338466593 50.5920946431322,8.71379326711372 50.5914670926644,8.71278376264261 50.5912434681705,8.71203436501924 50.5916473906317,8.7122944650095 50.5922749406329)))","159193","2593","12693","15286","174479"
"MULTIPOLYGON (((8.68633051256003 50.5694182163872,8.68733947487074 50.5696420625969,8.68808868063212 50.5692381580597,8.68782891721279 50.5686104103543,8.68681996558621 50.5683865676616,8.68607076669493 50.5687904691573,8.68633051256003 50.5694182163872)))","346222","24922","39122","64044","410266"
"MULTIPOLYGON (((8.68821692707963 50.5407551507682,8.68922549220371 50.5409789933904,8.68997438765991 50.5405748572002,8.68971471112889 50.5399468814278,8.68870615668114 50.539723042324,8.68795726808818 50.5401271754743,8.68821692707963 50.5407551507682)))","382","0","182","182","564"
"MULTIPOLYGON (((8.62606701608868 50.5765543006466,8.62707556300591 50.5767786283484,8.62782495170951 50.5763752296797,8.62756578658477 50.5757475063437,8.62655725032268 50.5755231821651,8.62580786853031 50.5759265777995,8.62606701608868 50.5765543006466)))","193","0","193","193","386"
"MULTIPOLYGON (((8.71745485163246 50.6201991060832,8.7184648147392 50.6204226810022,8.71921450962648 50.6200189289947,8.71895423454763 50.6193916051169,8.71794428215666 50.6191680337086,8.71719459412886 50.6195717826674,8.71745485163246 50.6201991060832)))","380","0","280","280","660"
"MULTIPOLYGON (((8.62508650809057 50.5786164791475,8.62609507631827 50.5788408138956,8.62684448885435 50.5784374382376,8.62658532625056 50.5778097308658,8.62557676867811 50.5775853996409,8.62482736305433 50.5779887722646,8.62508650809057 50.5786164791475)))","3881","0","181","181","4062"
"MULTIPOLYGON (((8.68361349937196 50.5539906900547,8.68462221579241 50.5542145643573,8.6853712611203 50.5538105630834,8.68511158315895 50.5531826905472,8.68410287741647 50.5529588197628,8.68335383895746 50.5533628179964,8.68361349937196 50.5539906900547)))","1693","193","793","986","2679"
"MULTIPOLYGON (((8.67942973580245 50.5416561897349,8.68043823846351 50.5418801026365,8.68118715916381 50.5414760391232,8.68092757033396 50.5408480657472,8.67991907834498 50.540624156365,8.67917016451385 50.5410282168394,8.67942973580245 50.5416561897349)))","106","0","106","106","212"
"MULTIPOLYGON (((8.69113387867416 50.5522380802292,8.69214263438831 50.5524618947719,8.6928916475826 50.55205782385,8.69263189819933 50.5514299414266,8.69162315316655 50.5512061304015,8.69087414683577 50.5516101982823,8.69113387867416 50.5522380802292)))","193","0","493","493","686"
"MULTIPOLYGON (((8.72577337847565 50.6026682246681,8.72678315942325 50.6028917399046,8.72753265123452 50.6024877923743,8.72727235524777 50.6018603326561,8.72626258501483 50.6016368209303,8.72551310005412 50.6020407654121,8.72577337847565 50.6026682246681)))","878","178","378","556","1434"
"MULTIPOLYGON (((8.62070960422258 50.5702315140642,8.62171801375088 50.5704558873454,8.62246734406548 50.5700524808362,8.62220825793841 50.5694247040793,8.62119985906061 50.5692003343223,8.6204505356595 50.5696037377981,8.62070960422258 50.5702315140642)))","29480","2480","2680","5160","34640"
"MULTIPOLYGON (((8.746007647814 50.5917587522203,8.7470174444468 50.5919821090795,8.74776678285849 50.5915779271323,8.74750631780242 50.5909503913765,8.74649653189139 50.5907270380265,8.74574720031475 50.5911312169232,8.746007647814 50.5917587522203)))","3927","527","827","1354","5281"
"MULTIPOLYGON (((8.66731985873271 50.6164942293156,8.66832933765577 50.6167182091539,8.66907908214382 50.6163148046592,8.66881934081707 50.6156874233682,8.66780987258272 50.6154634470463,8.66706013498657 50.615866848499,8.66731985873271 50.6164942293156)))","34990","7790","13990","21780","56770"
"MULTIPOLYGON (((8.67825431184938 50.6251864792372,8.67926401048954 50.6254103675349,8.68001382891674 50.6250069471587,8.67975394181748 50.6243796415287,8.67874425387432 50.6241557567457,8.67799444233354 50.624559174078,8.67825431184938 50.6251864792372)))","15325","125","1025","1150","16475"
"MULTIPOLYGON (((8.60390933131098 50.5739035573067,8.6049176489641 50.5741280640475,8.60566704803781 50.5737248113936,8.60540812253322 50.5730970550303,8.60439981552299 50.5728725518152,8.60365042337458 50.5732758014378,8.60390933131098 50.5739035573067)))","4105","305","405","710","4815"
"MULTIPOLYGON (((8.67533663079078 50.6137146547334,8.67634613845872 50.6139385712391,8.6770958388759 50.6135350855374,8.6768360247392 50.6129076863729,8.67582652776325 50.6126837733829,8.67507683423213 50.6130872560417,8.67533663079078 50.6137146547334)))","5177","0","377","377","5554"
"MULTIPOLYGON (((8.66843625049059 50.5859690068959,8.66944529796012 50.5861929902605,8.67019471290223 50.5857893454886,8.66993507348978 50.5851617203926,8.66892603670017 50.584937740546,8.66817662864324 50.5853413822776,8.66843625049059 50.5859690068959)))","1349030","40930","259230","300160","1649190"
"MULTIPOLYGON (((8.71124954943417 50.5521373175466,8.71225847627366 50.5523609703533,8.7130074525302 50.5519567479652,8.71274749509715 50.551328875814,8.71173857894934 50.5511052265225,8.71098960954305 50.551509445867,8.71124954943417 50.5521373175466)))","7079","279","379","658","7737"
"MULTIPOLYGON (((8.62713175178377 50.5813515804993,8.62814037710727 50.5815758977128,8.62888981538361 50.581172527491,8.62863062142512 50.5805448430906,8.62762200675878 50.5803205293999,8.62687257539392 50.580723896587,8.62713175178377 50.5813515804993)))","319909","11009","12909","23918","343827"
"MULTIPOLYGON (((8.66085085810792 50.5631915896831,8.66185951163036 50.5634156432583,8.66260869584427 50.5630118823969,8.66234921965023 50.5623840709982,8.66134057679682 50.5621600209431,8.66059139946855 50.5625637787666,8.66085085810792 50.5631915896831)))","18820","1020","3020","4040","22860"
"MULTIPOLYGON (((8.67911911227268 50.5564144802936,8.68012782504758 50.5566383897521,8.68087690431096 50.5562344405495,8.68061726392727 50.5556065849283,8.67960856182879 50.5553826789885,8.67885948943769 50.5557866251513,8.67911911227268 50.5564144802936)))","27584","884","984","1868","29452"
"MULTIPOLYGON (((8.64601048669286 50.5627447819997,8.6470190061112 50.5629689550203,8.64776821172868 50.5625653020004,8.64750889103258 50.561937478996,8.6465003822755 50.5617133094973,8.6457511835534 50.5621169594811,8.64601048669286 50.5627447819997)))","1429501","7101","164101","171202","1600703"
"MULTIPOLYGON (((8.71961045752844 50.6121302498065,8.72062032242935 50.6123538107276,8.7213699268321 50.6119499812534,8.72110965947761 50.6113225939064,8.72009980529114 50.6110990364962,8.71935020774486 50.6115028629221,8.71961045752844 50.6121302498065)))","202567","11767","23167","34934","237501"
"MULTIPOLYGON (((8.67302146852763 50.5904065294536,8.6740306194957 50.5906304741396,8.67478007390099 50.5902268287073,8.67452037045535 50.5895992416301,8.67351123017092 50.5893753004613,8.6727617826486 50.5897789428525,8.67302146852763 50.5904065294536)))","1429526","101426","267026","368452","1797978"
"MULTIPOLYGON (((8.62834926197027 50.5576768576424,8.62935755625128 50.557901174588,8.63010673862708 50.5574976154971,8.62984761981598 50.5568697424942,8.62883933618554 50.5566454290727,8.62809016071575 50.5570489851301,8.62834926197027 50.5576768576424)))","20810","310","3410","3720","24530"
"MULTIPOLYGON (((8.69952501323342 50.5592314232037,8.70053394182943 50.5594551674364,8.70128301497328 50.5590510867176,8.70102315266191 50.5584232648087,8.70001423475375 50.5581995240921,8.69926516846924 50.5586036017684,8.69952501323342 50.5592314232037)))","1071","171","371","542","1613"
"MULTIPOLYGON (((8.70752121840789 50.5741172634578,8.70853043041887 50.5743409373131,8.70927964877248 50.5739369096826,8.70901964825824 50.5733092112412,8.70801044694376 50.5730855409004,8.70726123544716 50.5734895654864,8.70752121840789 50.5741172634578)))","313606","37306","318306","355612","669218"
"MULTIPOLYGON (((8.6059533759794 50.5766390266395,8.60696175072951 50.5768635158681,8.60771117556398 50.5764602686576,8.60745221872391 50.5758325352504,8.60644385461857 50.5756080495472,8.6056944367086 50.5760112937259,8.6059533759794 50.5766390266395)))","1192","0","192","192","1384"
"MULTIPOLYGON (((8.71287652106075 50.5981029226998,8.71388612543684 50.5983265436216,8.71463559138622 50.5979226580214,8.71437544610145 50.5972951545462,8.71336585243195 50.5970715371368,8.71261639334076 50.5974754196903,8.71287652106075 50.5981029226998)))","180277","71177","74177","145354","325631"
"MULTIPOLYGON (((8.72538775686083 50.5928948857274,8.72639739326294 50.5931184081075,8.72714678093409 50.5927143892271,8.72688652535436 50.5920868510147,8.72587689966372 50.5918633321461,8.72512751884145 50.5922673479785,8.72538775686083 50.5928948857274)))","469120","66820","154620","221440","690560"
"MULTIPOLYGON (((8.66841226744589 50.6036312272877,8.66942156983829 50.603855203627,8.67017117430445 50.6034516932001,8.66991146948969 50.6028242094753,8.66890217778259 50.602600236653,8.66815258020507 50.6030037440385,8.66841226744589 50.6036312272877)))","24885","385","885","1270","26155"
"MULTIPOLYGON (((8.64938192277257 50.5908572790258,8.65039087692822 50.5910814135821,8.65114037799446 50.5906779487536,8.65088091800646 50.5900503524071,8.64987197452241 50.5898262213707,8.64912248035485 50.5902296831609,8.64938192277257 50.5908572790258)))","223424","5924","22224","28148","251572"
"MULTIPOLYGON (((8.71076050676399 50.5531693890961,8.71176944429522 50.5533930454183,8.71251843247541 50.552988834525,8.71225847627366 50.5523609703533,8.71124954943417 50.5521373175466,8.71050056810477 50.5525415253962,8.71076050676399 50.5531693890961)))","3814","0","314","314","4128"
"MULTIPOLYGON (((8.66592360897805 50.56659890944,8.66693235526926 50.5668229208644,8.66768156701912 50.5664191478492,8.66742202559492 50.5657913664483,8.66641328997648 50.5655673585433,8.66566408510958 50.5659711285198,8.66592360897805 50.56659890944)))","117045","4145","5445","9590","126635"
"MULTIPOLYGON (((8.64869003454552 50.5958330197941,8.64969905460775 50.5960571578866,8.65044861027701 50.595653736041,8.65018913898406 50.5950261791412,8.64918012959456 50.5948020445683,8.64843058082541 50.5952054633755,8.64869003454552 50.5958330197941)))","47423","2723","3023","5746","53169"
"MULTIPOLYGON (((8.70343841697209 50.5509756849738,8.7044472600673 50.5511994010769,8.7051962378297 50.5507952283899,8.70493636564184 50.5501673426425,8.70392753323393 50.5499436300557,8.70317856232671 50.5503477997001,8.70343841697209 50.5509756849738)))","711","0","211","211","922"
"MULTIPOLYGON (((8.65168891826834 50.6141642566202,8.65269822902207 50.6143883631087,8.65344797615787 50.6139850580679,8.65318840563829 50.6133576495785,8.65217910556446 50.6131335466082,8.65142936533039 50.6135368486091,8.65168891826834 50.6141642566202)))","84132","332","10732","11064","95196"
"MULTIPOLYGON (((8.63411172111006 50.5561075718117,8.63512004238968 50.5563318430951,8.63586919783531 50.5559282288936,8.63561002509953 50.5553003464428,8.63460171447299 50.5550760786829,8.63385256592927 50.5554796898503,8.63411172111006 50.5561075718117)))","1429573","8673","31473","40146","1469719"
"MULTIPOLYGON (((8.6582273893578 50.5546258537029,8.6592358967846 50.5548499318113,8.6599849938761 50.5544461255999,8.65972557665522 50.5538182443171,8.65871707989353 50.5535941697296,8.65796798968769 50.553997972904,8.6582273893578 50.5546258537029)))","2931","531","1031","1562","4493"
"MULTIPOLYGON (((8.69678849117317 50.5614754408485,8.69779742865887 50.5616992061795,8.69854653071418 50.5612951629942,8.69828668842228 50.5606673575203,8.69727776162366 50.5604435957056,8.69652866642999 50.5608476358486,8.69678849117317 50.5614754408485)))","11005","805","2305","3110","14115"
"MULTIPOLYGON (((8.70253647956266 50.5775728458677,8.70354569869296 50.5777965584116,8.70429496298134 50.5773925943614,8.70403500127856 50.5767649208115,8.70302579284325 50.5765412117823,8.70227653541585 50.5769451727884,8.70253647956266 50.5775728458677)))","197752","3452","15252","18704","216456"
"MULTIPOLYGON (((8.70513745307032 50.6214595437874,8.70614732871992 50.6216832173222,8.70689705919244 50.6212795671745,8.70663690714752 50.6206522465393,8.70562704220768 50.6204285765165,8.70487731860307 50.620832223617,8.70513745307032 50.6214595437874)))","195905","27405","33505","60910","256815"
"MULTIPOLYGON (((8.60762881560508 50.5696006123756,8.60863710326597 50.5698250909701,8.60938644971021 50.5694217777532,8.6091275015717 50.5687939889734,8.60811922455431 50.5685695139045,8.60736988503207 50.5689728240899,8.60762881560508 50.5696006123756)))","3526","1026","4526","5552","9078"
"MULTIPOLYGON (((8.69200375539555 50.5609843026821,8.69301264472752 50.5612081066914,8.69376175004133 50.5608040956273,8.69350195915857 50.5601762835958,8.69249308051106 50.5599524831034,8.69174398206194 50.5603564911258,8.69200375539555 50.5609843026821)))","2528","328","828","1156","3684"
"MULTIPOLYGON (((8.71725674638498 50.6241430835941,8.71826676484543 50.6243666584654,8.71901650243791 50.6239629379182,8.71875621470966 50.6233356455486,8.71774620696607 50.6231120741878,8.71699647623398 50.6235157916862,8.71725674638498 50.6241430835941)))","5237","0","2637","2637","7874"
"MULTIPOLYGON (((8.62868691546122 50.5851175756254,8.62969560854318 50.5853418788227,8.63044508447874 50.5849385255424,8.63018586042126 50.5843108721001,8.62917717799839 50.5840865724252,8.62842770897404 50.5844899226703,8.62868691546122 50.5851175756254)))","27152","152","1352","1504","28656"
"MULTIPOLYGON (((8.68451262048107 50.6225862425,8.68552233529854 50.622810081527,8.68627211466464 50.6224065944858,8.6860121723317 50.6217792714623,8.68500246821368 50.6215554359494,8.6842526957293 50.621958919946,8.68451262048107 50.6225862425)))","97535","2035","8335","10370","107905"
"MULTIPOLYGON (((8.66790635673001 50.5448003211508,8.66891480571019 50.5450243254145,8.66966378048065 50.5446203721069,8.66940429939367 50.5439924175735,8.66839586108061 50.5437684168303,8.66764689318753 50.5441723671002,8.66790635673001 50.5448003211508)))","713","0","213","213","926"
"MULTIPOLYGON (((8.73751070103 50.5779091567524,8.7385202248431 50.5781325877283,8.73926943008782 50.5777283642498,8.73900910468164 50.577100712844,8.73799959158165 50.576877285379,8.73725039317486 50.577281505809,8.73751070103 50.5779091567524)))","973","0","173","173","1146"
"MULTIPOLYGON (((8.72305597149272 50.5695780456261,8.72406525118351 50.5698015963483,8.72481439310545 50.5693974178878,8.72455424849084 50.5687696917514,8.72354497950322 50.5685461445423,8.72279584442715 50.5689503199565,8.72305597149272 50.5695780456261)))","748","248","448","696","1444"
"MULTIPOLYGON (((8.68528127321895 50.546947392501,8.68628990240239 50.5471712562342,8.6870388693553 50.5467671890191,8.6867792002585 50.546139261111,8.68577058175178 50.5459154008964,8.68502162166522 50.5463194650714,8.68528127321895 50.546947392501)))","127","0","227","227","354"
"MULTIPOLYGON (((8.72107846128917 50.6090365513997,8.72208829404708 50.6092601017881,8.72283786261446 50.6088562378098,8.72257759156919 50.6082288264916,8.72156776952548 50.6080052796141,8.72081820781298 50.608409140544,8.72107846128917 50.6090365513997)))","1558","0","458","458","2016"
"MULTIPOLYGON (((8.6775614505775 50.5526472720425,8.67857009564493 50.5528711955427,8.67931913732771 50.5524672294237,8.67905952707065 50.5518393428439,8.67805089267768 50.5516154228626,8.67730185786746 50.5520193859422,8.6775614505775 50.5526472720425)))","457","0","257","257","714"
"MULTIPOLYGON (((8.72198428519504 50.564779665138,8.72299348644789 50.5650032264433,8.72374257888692 50.5645990195878,8.72348246322761 50.5639712544728,8.72247327267584 50.563747696681,8.72172418708244 50.5641519004907,8.72198428519504 50.564779665138)))","453","0","253","253","706"
"MULTIPOLYGON (((8.6646802807116 50.5480757926617,8.66568874918035 50.5482998215397,8.66643776472518 50.5478959172616,8.66617830492126 50.5472679871431,8.66516984711895 50.5470439617858,8.66442083845425 50.5474478630264,8.6646802807116 50.5480757926617)))","425","0","225","225","650"
"MULTIPOLYGON (((8.67874036204139 50.5466359889483,8.67974893056427 50.5468599053909,8.68049790579331 50.5464558848246,8.68023830562898 50.5458279508549,8.67922974777935 50.5456040379314,8.6784807794209 50.5460080554586,8.67874036204139 50.5466359889483)))","4899","0","299","299","5198"
"MULTIPOLYGON (((8.70425018509373 50.6303776602878,8.70526018214634 50.6306013372528,8.70601000998856 50.6301977615423,8.70574983390808 50.6295705119145,8.7047398475675 50.629346838461,8.70399002659551 50.6297504111239,8.70425018509373 50.6303776602878)))","3650","250","350","600","4250"
"MULTIPOLYGON (((8.68040840773226 50.5395921035221,8.68141688904925 50.5398160093849,8.682165785922 50.5394119228794,8.68190619460979 50.5387839335502,8.68089772396479 50.5385600312068,8.68014883396014 50.5389641146733,8.68040840773226 50.5395921035221)))","83889","1789","1989","3778","87667"
"MULTIPOLYGON (((8.70048757107148 50.5748383924153,8.70149673314437 50.5750621225574,8.70224597178076 50.5746581530965,8.70198604148259 50.5740304565373,8.70097689010281 50.5738067299104,8.70022765832823 50.5742106963276,8.70048757107148 50.5748383924153)))","57295","4695","17795","22490","79785"
"MULTIPOLYGON (((8.62934619863828 50.5978032531298,8.63035508057564 50.5980275458885,8.63110469145337 50.5976242840261,8.63084541348061 50.5969967324411,8.62983654220659 50.596772443204,8.62908693824212 50.5971757020304,8.62934619863828 50.5978032531298)))","40562","2162","3062","5224","45786"
"MULTIPOLYGON (((8.65725482528957 50.616539484063,8.65826421828124 50.6167635448228,8.65901398108182 50.6163602161125,8.65875434399228 50.6157328296832,8.65774496168411 50.6155087724408,8.65699520578208 50.6159120981103,8.65725482528957 50.616539484063)))","91084","1884","13084","14968","106052"
"MULTIPOLYGON (((8.6826837013748 50.5982493876225,8.68369304866943 50.5984732513927,8.68444257004833 50.5980695931263,8.68418273725457 50.5974420741327,8.68317340065097 50.5972182138783,8.68242388615025 50.5976218691019,8.6826837013748 50.5982493876225)))","623138","31438","118338","149776","772914"
"MULTIPOLYGON (((8.63874590256331 50.5850739200591,8.63975468165402 50.5852981424453,8.6405041394332 50.5848947134215,8.64024481121724 50.5842670650479,8.63923604279085 50.584042846183,8.6384865919162 50.5844462721704,8.63874590256331 50.5850739200591)))","341096","6796","50396","57192","398288"
"MULTIPOLYGON (((8.62299302445523 50.5513527565293,8.62400118142445 50.5515771190225,8.62475030544942 50.5511735520919,8.62449126559702 50.5505456257006,8.62348311927368 50.5503212667325,8.62273400215697 50.5507248306307,8.62299302445523 50.5513527565293)))","9969","269","869","1138","11107"
"MULTIPOLYGON (((8.62062597030718 50.5633710377966,8.62163428016124 50.5635954144998,8.62238353709255 50.563191956535,8.62212447725768 50.5625641248999,8.62111617805194 50.5623397517213,8.62036692803284 50.5627432066533,8.62062597030718 50.5633710377966)))","119889","6889","18889","25778","145667"
"MULTIPOLYGON (((8.71485826450296 50.558639379734,8.71586731607309 50.558863000872,8.71661635550178 50.5584588007924,8.71635633651137 50.5578309826194,8.7153472956368 50.5576073649959,8.71459826305721 50.558011562031,8.71485826450296 50.558639379734)))","5545","445","1745","2190","7735"
"MULTIPOLYGON (((8.6927474485117 50.598201435707,8.69375688155487 50.5984252185454,8.69450638450646 50.5980214845043,8.69424644754351 50.5973939706691,8.69323702519658 50.5971701913454,8.69248752911647 50.5975739223423,8.6927474485117 50.598201435707)))","412959","6759","25959","32718","445677"
"MULTIPOLYGON (((8.69312846629778 50.6079733183671,8.69413804383678 50.6081970941167,8.69488765096672 50.6077934314613,8.69462767368466 50.6071659961011,8.6936181068451 50.6069422238655,8.6928685065883 50.6073458834761,8.69312846629778 50.6079733183671)))","42823","1323","10323","11646","54469"
"MULTIPOLYGON (((8.6638265870979 50.5991942298239,8.66483578594626 50.5994182448543,8.66558535092294 50.5990147350868,8.66532571016064 50.5983872133296,8.6643165219939 50.5981632018169,8.66356696390799 50.5985667085438,8.6638265870979 50.5991942298239)))","742058","12358","40158","52516","794574"
"MULTIPOLYGON (((8.67682814661299 50.5929610466006,8.67783736719465 50.5931849596308,8.67858684224489 50.5927813050737,8.67832708983262 50.5921537405283,8.67731787993738 50.5919298310148,8.67656841176813 50.5923334825301,8.67682814661299 50.5929610466006)))","1429505","21705","83205","104910","1534415"
"MULTIPOLYGON (((8.65312826013076 50.5688878661261,8.65413692940903 50.5691119794718,8.65488618830289 50.5687083197331,8.65462677102675 50.5680805496862,8.65361811241529 50.5678564398612,8.65286886041329 50.5682600965625,8.65312826013076 50.5688878661261)))","314332","77832","94532","172364","486696"
"MULTIPOLYGON (((8.64148436154025 50.5828325161279,8.64249313185268 50.5830567174148,8.64324256077157 50.5826532508396,8.64298321247588 50.5820255860143,8.64197445282852 50.5818013882485,8.64122503081194 50.5822048517871,8.64148436154025 50.5828325161279)))","4538","0","438","438","4976"
"MULTIPOLYGON (((8.63929871694268 50.548707262747,8.64030697619218 50.54893149532,8.64105604325902 50.5485277860743,8.64079684417948 50.54789984729,8.63978859558346 50.5476756182403,8.63903953541364 50.5480793244517,8.63929871694268 50.548707262747)))","3758","158","558","716","4474"
"MULTIPOLYGON (((8.64684521559047 50.5891537790572,8.64785412331401 50.5893779346954,8.64860361058219 50.5889744759431,8.64834418322698 50.5883468645904,8.64733528617321 50.5881227124724,8.64658580580503 50.5885261681869,8.64684521559047 50.5891537790572)))","72063","3263","9463","12726","84789"
"MULTIPOLYGON (((8.61102293445369 50.5800477771979,8.61203140211161 50.5802722243409,8.61278085463737 50.5798689650011,8.61252183258351 50.5792412615511,8.61151337557402 50.5790168179328,8.6107639299701 50.5794200742399,8.61102293445369 50.5800477771979)))","169122","16822","36222","53044","222166"
"MULTIPOLYGON (((8.71454265965725 50.5910631556573,8.7155521766093 50.5912867660716,8.71630156407155 50.5908828145186,8.71604142772615 50.5902552555978,8.71503192147942 50.5900316486961,8.71428254087289 50.5904355972027,8.71454265965725 50.5910631556573)))","767327","35527","220827","256354","1023681"
"MULTIPOLYGON (((8.72705262182463 50.5858541744074,8.72806217078291 50.5860776862894,8.728811479973 50.5856736014678,8.72855123335854 50.5850460078121,8.72754169511046 50.5848224994418,8.72679239276676 50.5852265812156,8.72705262182463 50.5858541744074)))","257139","50839","88739","139578","396717"
"MULTIPOLYGON (((8.72978956808412 50.5836102020347,8.73079910808524 50.583833692812,8.73154838830695 50.5834295704503,8.73128812168347 50.5828019603593,8.73027859239323 50.5825784730934,8.72952931901568 50.5829825924072,8.72978956808412 50.5836102020347)))","58751","11651","23251","34902","93653"
"MULTIPOLYGON (((8.66817122542492 50.5653875819326,8.66917997356102 50.5656115757788,8.66992916835265 50.5652077767239,8.66966960812708 50.5645799868618,8.66866087066448 50.5643559965348,8.66791168275412 50.5647597925507,8.66817122542492 50.5653875819326)))","1665","165","665","830","2495"
"MULTIPOLYGON (((8.62180959532735 50.5573621719535,8.6228178287337 50.5575865415531,8.62356701920628 50.5571830291034,8.62330796936243 50.5565551500867,8.62229974660319 50.5563307840119,8.62155056304085 50.556734293429,8.62180959532735 50.5573621719535)))","1126","0","226","226","1352"
"MULTIPOLYGON (((8.62381881804592 50.577764426989,8.62482736305433 50.5779887722646,8.62557676867811 50.5775853996409,8.6253176223807 50.5769576847758,8.62430908802671 50.5767333430235,8.62355968931584 50.5771367126131,8.62381881804592 50.577764426989)))","3525","425","625","1050","4575"
"MULTIPOLYGON (((8.74014586962187 50.5864723209115,8.74115553968261 50.5866957271476,8.74190483197173 50.5862915489539,8.74164444736242 50.5856639675736,8.7406347880188 50.5854405648477,8.73988550256752 50.585844739992,8.74014586962187 50.5864723209115)))","2633","333","833","1166","3799"
"MULTIPOLYGON (((8.6904989074671 50.5994125681421,8.69150833870064 50.599636368571,8.69225785865178 50.5992326605788,8.69199794049621 50.5986051552016,8.69098851995811 50.5983813582876,8.69023900688022 50.5987850632359,8.6904989074671 50.5994125681421)))","839994","5794","19494","25288","865282"
"MULTIPOLYGON (((8.62463127406693 50.5619815305591,8.62563959839327 50.5622058756469,8.62638883341357 50.5618023771047,8.62612973719835 50.5611745365079,8.62512142352195 50.5609501949444,8.62437219541098 50.5613536904534,8.62463127406693 50.5619815305591)))","398","0","198","198","596"
"MULTIPOLYGON (((8.63015766353639 50.5820245075568,8.63116632464119 50.5822488001869,8.63191576481973 50.5818454123893,8.63165653698397 50.581217734997,8.63064788653813 50.5809934458894,8.62989845326919 50.5813968306518,8.63015766353639 50.5820245075568)))","1429518","1118","31518","32636","1462154"
"MULTIPOLYGON (((8.69649829875812 50.5585601412767,8.69750719169735 50.5587839101235,8.69825626304465 50.5583798469865,8.69799643459155 50.5577520180448,8.69698755233835 50.5575282527145,8.69623848785232 50.5579323128094,8.69649829875812 50.5585601412767)))","476","176","576","752","1228"
"MULTIPOLYGON (((8.68542191017526 50.5960071961105,8.68643124859936 50.5962310387762,8.68718074105357 50.5958273429584,8.68692088820787 50.5951998075181,8.68591156047554 50.5949759683681,8.68516207489724 50.5953796611427,8.68542191017526 50.5960071961105)))","998807","12807","36007","48814","1047621"
"MULTIPOLYGON (((8.62684448885435 50.5784374382376,8.62785306964521 50.5786617589344,8.62860247717602 50.5782583687363,8.62834329700499 50.5776306608762,8.62733472687028 50.5774063437024,8.62658532625056 50.5778097308658,8.62684448885435 50.5784374382376)))","1927","0","327","327","2254"
"MULTIPOLYGON (((8.64566304589482 50.5951605563058,8.64667203018863 50.5953847190034,8.64742158398286 50.59498131474,8.6471621465814 50.5943537508171,8.64615317295856 50.5941295916395,8.64540362606632 50.5945329928648,8.64566304589482 50.5951605563058)))","491","0","191","191","682"
"MULTIPOLYGON (((8.72507686658071 50.6253041792339,8.72608696890675 50.6255276906657,8.72683670493679 50.6251239203619,8.72657633178551 50.6244966416763,8.72556624018074 50.624273133754,8.72481651100612 50.6246769010079,8.72507686658071 50.6253041792339)))","192","0","192","192","384"
"MULTIPOLYGON (((8.70615997447844 50.5664041874813,8.70716906348876 50.5666278754322,8.70791820162908 50.5662237994473,8.70765824390273 50.5655960385552,8.70664916558582 50.5653723541193,8.70590003430193 50.5657764270605,8.70615997447844 50.5664041874813)))","1504","0","204","204","1708"
"MULTIPOLYGON (((8.69918611009028 50.6093158496378,8.70019575904977 50.6095395760947,8.70094536978363 50.6091358782515,8.70068532468869 50.6085084569973,8.69967568643214 50.6082847340537,8.69892608256773 50.6086884288512,8.69918611009028 50.6093158496378)))","1038852","39652","84352","124004","1162856"
"MULTIPOLYGON (((8.68595066909619 50.5596413063582,8.68695948708536 50.5598651595857,8.6877085887786 50.5594611836827,8.6874488656144 50.5588333575934,8.68644005830616 50.5586095078836,8.68569096348132 50.5590134807456,8.68595066909619 50.5596413063582)))","7716","516","616","1132","8848"
"MULTIPOLYGON (((8.7343873390047 50.5703770043077,8.73539672731705 50.5706004635147,8.73614585746797 50.5701962062473,8.73588559246817 50.5695684928206,8.73487621486506 50.5693450371253,8.73412709155266 50.5697492913451,8.7343873390047 50.5703770043077)))","255","0","455","455","710"
"MULTIPOLYGON (((8.68176610328138 50.5473077136824,8.6827747074748 50.5475316055308,8.68352368452655 50.5471275673887,8.68326405051627 50.5464996404379,8.68225545699787 50.5462757521084,8.68150648681485 50.5466797872109,8.68176610328138 50.5473077136824)))","1783","0","183","183","1966"
"MULTIPOLYGON (((8.70664916558582 50.5653723541193,8.70765824390273 50.5655960385552,8.70840737011576 50.5651919510733,8.70814741115611 50.5645641821993,8.70713834353257 50.5643405012785,8.70638922417544 50.5647445857166,8.70664916558582 50.5653723541193)))","1158","158","358","516","1674"
"MULTIPOLYGON (((8.6830343402442 50.5481595245036,8.68404296760944 50.5483834058131,8.68479195152927 50.5479793646312,8.6845323012159 50.5473514451796,8.68352368452655 50.5471275673887,8.6827747074748 50.5475316055308,8.6830343402442 50.5481595245036)))","118","0","318","318","436"
"MULTIPOLYGON (((8.73574501162814 50.5957572486965,8.73675477814585 50.5959806865236,8.73750417791045 50.5955766118065,8.73724380431487 50.5949491023118,8.73623404851485 50.5947256679947,8.73548465559286 50.5951297396624,8.73574501162814 50.5957572486965)))","87530","6130","9830","15960","103490"
"MULTIPOLYGON (((8.71602235886914 50.5703002704092,8.71703158868982 50.5705238774297,8.71778075094442 50.570119757138,8.71752067652785 50.5694920328713,8.71651145740691 50.5692684293645,8.71576230200292 50.5696725466108,8.71602235886914 50.5703002704092)))","1298","298","598","896","2194"
"MULTIPOLYGON (((8.69722767293517 50.6134401170421,8.6982373647072 50.6136638575522,8.69898702320621 50.6132602057224,8.69872698306182 50.6126328164284,8.697717301993 50.6124090794316,8.69696765036552 50.6128127282157,8.69722767293517 50.6134401170421)))","108336","3936","11336","15272","123608"
"MULTIPOLYGON (((8.71971494243441 50.6013269606276,8.72072465205298 50.6015505251832,8.72147414034119 50.601146612846,8.72121391215667 50.6005191390012,8.72020421324925 50.6002955779572,8.71945473181533 50.6006994872466,8.71971494243441 50.6013269606276)))","1178","278","1178","1456","2634"
"MULTIPOLYGON (((8.67110889938455 50.5591977773392,8.6721175834805 50.5594217500698,8.67286670675677 50.559017882017,8.67260713905904 50.5583900442725,8.67159846563621 50.5581660750612,8.67084934923809 50.5585699400751,8.67110889938455 50.5591977773392)))","2318","418","1318","1736","4054"
"MULTIPOLYGON (((8.68408286313547 50.5706298603365,8.68509182362843 50.5708537241285,8.6858410463687 50.5704498456314,8.68558130174436 50.5698221063837,8.68457235193478 50.5695982461089,8.68382313606627 50.5700021215647,8.68408286313547 50.5706298603365)))","452818","43518","87618","131136","583954"
"MULTIPOLYGON (((8.69318165710864 50.5549733615836,8.69419046984738 50.5551971585542,8.6949395086877 50.5547930930462,8.6946797279267 50.5541652336091,8.69367092587125 50.5539414401556,8.69292189389364 50.5543455026221,8.69318165710864 50.5549733615836)))","1985","0","385","385","2370"
"MULTIPOLYGON (((8.63644434335955 50.5617582774387,8.63745276620731 50.5619825277178,8.63820197809207 50.5615789389191,8.63794276022769 50.5609511028762,8.63693434803596 50.56072685612,8.63618514305269 50.5611304418839,8.63644434335955 50.5617582774387)))","5120","0","220","220","5340"
"MULTIPOLYGON (((8.66883763062952 50.5780778077941,8.66984656762373 50.5783017911413,8.67059589724336 50.5778980834366,8.6703362829856 50.5772703954247,8.66932735666916 50.577046415596,8.66857803393282 50.5774501202608,8.66883763062952 50.5780778077941)))","448318","47518","67018","114536","562854"
"MULTIPOLYGON (((8.70007373324671 50.6003952348536,8.70108326088999 50.6006189578484,8.70183277431272 50.6002151855795,8.7015727532252 50.5995876933611,8.70056323628264 50.5993639738799,8.69981372972701 50.5997677431037,8.70007373324671 50.6003952348536)))","781507","74207","215307","289514","1071021"
"MULTIPOLYGON (((8.73770755316708 50.573962378281,8.73871702167796 50.5741858092942,8.73946618427612 50.5737815543777,8.7392058715265 50.5731538714963,8.73819641372765 50.5729304439943,8.73744725796651 50.5733346958625,8.73770755316708 50.573962378281)))","602","0","1402","1402","2004"
"MULTIPOLYGON (((8.67753978396714 50.5703180789474,8.67854868375431 50.570541995478,8.67929791477251 50.5701381636441,8.67903823912762 50.5695104183202,8.67802935002031 50.5692865053075,8.67728012587816 50.5696903341009,8.67753978396714 50.5703180789474)))","44577","2477","2577","5054","49631"
"MULTIPOLYGON (((8.69336322949663 50.5686978114379,8.69437224179376 50.5689216013832,8.69512142732336 50.5685176386826,8.69486159369069 50.5678898890791,8.69385259208112 50.5676661026501,8.6931034134168 50.5680700623083,8.69336322949663 50.5686978114379)))","198309","28409","33909","62318","260627"
"MULTIPOLYGON (((8.67689551575401 50.6174789383298,8.67790509124766 50.6177028407441,8.67865482931326 50.6172993719674,8.67839498499958 50.6166720038198,8.67738542019986 50.6164481049208,8.67663568902002 50.6168515706541,8.67689551575401 50.6174789383298)))","35261","2961","5961","8922","44183"
"MULTIPOLYGON (((8.69686284230307 50.5860053199125,8.69787213450069 50.586229074648,8.69862149930888 50.5858252171376,8.69836156505316 50.5851976079357,8.69735228355017 50.5849738567151,8.69660292560838 50.5853777111816,8.69686284230307 50.5860053199125)))","702029","58229","119129","177358","879387"
"MULTIPOLYGON (((8.63497425031167 50.5648524245007,8.63598270512781 50.5650766853486,8.63673195275233 50.564673131058,8.63647273865784 50.5640453189543,8.63546429449788 50.5638210616294,8.63471505377637 50.5642246128852,8.63497425031167 50.5648524245007)))","41533","3433","8433","11866","53399"
"MULTIPOLYGON (((8.66500737812661 50.5931873256731,8.66601650035743 50.5934113336637,8.6667659987955 50.5930077694151,8.66650636811408 50.5923802002163,8.66549725656364 50.5921561957436,8.66474776501442 50.592559756952,8.66500737812661 50.5931873256731)))","412831","12931","23031","35962","448793"
"MULTIPOLYGON (((8.693817473214 50.6029975843032,8.69482698475257 50.6032213565603,8.69557653725681 50.6028176509376,8.6953165713509 50.6021901761024,8.69430707051059 50.6019664073595,8.6935575248781 50.6023701099376,8.693817473214 50.6029975843032)))","185474","7674","34874","42548","228022"
"MULTIPOLYGON (((8.63252383180864 50.5700089466035,8.63353233990664 50.5702332250658,8.63428164710273 50.569829728292,8.63402243929522 50.5692019560907,8.6330139418537 50.5689776811513,8.63226464156331 50.5693811748904,8.63252383180864 50.5700089466035)))","165","165","265","430","595"
"MULTIPOLYGON (((8.67179891206597 50.5542190129831,8.67280753028864 50.554442982174,8.67355659901718 50.5540390711649,8.6732970426465 50.5534111940039,8.6722884350958 50.5531872283326,8.67153937324392 50.5535911363028,8.67179891206597 50.5542190129831)))","767","167","767","934","1701"
"MULTIPOLYGON (((8.70349997785302 50.5931759987661,8.70450943059273 50.5933996971647,8.70525886045669 50.5929958443873,8.70499883071765 50.5923682962566,8.70398938867821 50.5921446013718,8.70323996567767 50.592548451104,8.70349997785302 50.5931759987661)))","221100","9400","30500","39900","261000"
"MULTIPOLYGON (((8.73351184814164 50.5616312261135,8.73452110272923 50.5618546959444,8.73527014077286 50.5614503788518,8.73500991739162 50.5608225949752,8.7340006735101 50.5605991286566,8.73325164230388 50.5610034427023,8.73351184814164 50.5616312261135)))","674","0","274","274","948"
"MULTIPOLYGON (((8.63505930061856 50.5717130139471,8.63606785513671 50.5719372713525,8.63681717614216 50.5715337685086,8.63655793572518 50.5709060112945,8.63554939186532 50.5706817574116,8.63480007776424 50.5710852572203,8.63505930061856 50.5717130139471)))","217","0","117","117","334"
"MULTIPOLYGON (((8.6695927680994 50.5976245866975,8.67060199385486 50.5978485560042,8.67135153177271 50.5974449910961,8.67109183704854 50.5968174599226,8.67008262197722 50.5965934941331,8.66933309094604 50.596997056,8.6695927680994 50.5976245866975)))","161903","7003","28003","35006","196909"
"MULTIPOLYGON (((8.66621251279959 50.5695137287079,8.66722130363035 50.5697377366311,8.66797054610414 50.5693339835782,8.66771099086391 50.5687062256412,8.66670221070692 50.5684822212372,8.6659529751165 50.5688859712511,8.66621251279959 50.5695137287079)))","120133","15933","40933","56866","176999"
"MULTIPOLYGON (((8.68286331440428 50.6119652647664,8.68387286147017 50.6121891214505,8.68462252972835 50.6117855660492,8.68436264404006 50.6111581570078,8.68335310766953 50.6109343038387,8.68260344629205 50.6113378561962,8.68286331440428 50.6119652647664)))","28894","6094","7394","13488","42382"
"MULTIPOLYGON (((8.71183118105918 50.5579684670718,8.71284019699559 50.5581921128336,8.71358923465082 50.5577879303382,8.71332924951875 50.557160105125,8.71232024427614 50.5569364628781,8.71157121347191 50.5573406423295,8.71183118105918 50.5579684670718)))","150579","13179","38379","51558","202137"
"MULTIPOLYGON (((8.65921529174961 50.6124165205918,8.66022464200765 50.6126405672818,8.6609743570685 50.6122371925429,8.66071471497502 50.611609774155,8.65970537540023 50.6113857309825,8.65895566723582 50.6117891026806,8.65921529174961 50.6124165205918)))","13658","1558","3958","5516","19174"
"MULTIPOLYGON (((8.72216116479486 50.5961698523912,8.72317082085839 50.596393399389,8.7239202494407 50.5959894295528,8.72366001510789 50.5953619157666,8.72265036975517 50.5951383722803,8.72190094802453 50.5955423390688,8.72216116479486 50.5961698523912)))","38452","2152","9252","11404","49856"
"MULTIPOLYGON (((8.61690735814716 50.5676749798219,8.61791569802787 50.5678993846689,8.61866500759995 50.5674959872589,8.61840597037594 50.5668681880346,8.61739764114295 50.5666437867123,8.6166483384864 50.5670471810897,8.61690735814716 50.5676749798219)))","21547","1947","10547","12494","34041"
"MULTIPOLYGON (((8.71279653171543 50.5735761162857,8.71380578116105 50.5737997479215,8.71455498428724 50.5733956766632,8.71429493111452 50.5727679768144,8.71328569236798 50.5725443486926,8.71253649609519 50.5729484169057,8.71279653171543 50.5735761162857)))","32740","3640","4740","8380","41120"
"MULTIPOLYGON (((8.63093532443755 50.5839075073138,8.63194401942144 50.5841317929346,8.63269347842821 50.5837284136072,8.63243423554173 50.5831007516945,8.63142555121772 50.582876469596,8.63067609912043 50.583279845888,8.63093532443755 50.5839075073138)))","1429516","7416","76516","83932","1513448"
"MULTIPOLYGON (((8.72763590108561 50.5916828206358,8.72864553924443 50.5919063254212,8.72939490988322 50.5915022804957,8.7291346355162 50.590874733833,8.72812500806966 50.5906512325588,8.72737564427801 50.5910552744362,8.72763590108561 50.5916828206358)))","322355","65355","89055","154410","476765"
"MULTIPOLYGON (((8.6582616432351 50.596818960426,8.65927075990216 50.5970430211702,8.66002030924044 50.5966395350684,8.65976073501779 50.5960119912623,8.65875162902873 50.5957879340366,8.65800208658445 50.5961914170987,8.6582616432351 50.596818960426)))","381826","14826","28126","42952","424778"
"MULTIPOLYGON (((8.67237714993336 50.5600495798343,8.67338585721406 50.5602735420259,8.67413498736776 50.5598696709338,8.67387540336342 50.5592418406894,8.67286670675677 50.559017882017,8.6721175834805 50.5594217500698,8.67237714993336 50.5600495798343)))","1142","242","642","884","2026"
"MULTIPOLYGON (((8.72948930773454 50.5983620004504,8.73049905829254 50.5985854875579,8.73124849723725 50.5981814794814,8.7309881787768 50.5975539873464,8.72997843893407 50.5973305037495,8.72922900683662 50.5977345087772,8.72948930773454 50.5983620004504)))","703","103","503","606","1309"
"MULTIPOLYGON (((8.72901750421239 50.5640569112439,8.73002675530386 50.564280416251,8.73077582739328 50.5638761512299,8.73051564155048 50.5632483842483,8.7295064011635 50.5630248827538,8.72875733591496 50.5634291447283,8.72901750421239 50.5640569112439)))","178","0","278","278","456"
"MULTIPOLYGON (((8.67653868674682 50.5900470993485,8.67754786275309 50.5902710158976,8.67829730706185 50.5898673413769,8.67803756848391 50.5892397533487,8.67702840316305 50.5890158403164,8.67627896573486 50.5894195117956,8.67653868674682 50.5900470993485)))","1191146","55246","111946","167192","1358338"
"MULTIPOLYGON (((8.71854969241814 50.5896709077692,8.71955922361958 50.5898944865109,8.72030858897709 50.5894904943669,8.72004841628051 50.5888629265281,8.71903889578601 50.5886393512987,8.71828953728126 50.5890433403958,8.71854969241814 50.5896709077692)))","349554","3754","13254","17008","366562"
"MULTIPOLYGON (((8.72218196037892 50.5608323514179,8.72319110636696 50.5610559127423,8.7239401561738 50.5606516744469,8.72368005314799 50.5600238778727,8.72267091785995 50.5598003200619,8.72192187489783 50.5602045553118,8.72218196037892 50.5608323514179)))","3952","0","152","152","4104"
"MULTIPOLYGON (((8.67368901046959 50.603092539172,8.67469835044442 50.6033164732969,8.67544793976962 50.6029129192305,8.67518818223497 50.6022854340812,8.67417885294802 50.6020615034728,8.6734292705079 50.6024650544971,8.67368901046959 50.603092539172)))","205075","3775","13975","17750","222825"
"MULTIPOLYGON (((8.72411790562079 50.5920438150269,8.72512751884145 50.5922673479785,8.72587689966372 50.5918633321461,8.72561666041587 50.5912357864099,8.72460705790577 50.5910122569699,8.72385768393306 50.5914162697546,8.72411790562079 50.5920438150269)))","749045","97545","297045","394590","1143635"
"MULTIPOLYGON (((8.6858410463687 50.5704498456314,8.68685001936359 50.5706736953582,8.68759923704987 50.5702698023201,8.68733947487074 50.5696420625969,8.68633051256003 50.5694182163872,8.68558130174436 50.5698221063837,8.6858410463687 50.5704498456314)))","421922","22622","167022","189644","611566"
"MULTIPOLYGON (((8.68370333188634 50.5608531644132,8.68471214805768 50.5610770352204,8.68546126672471 50.5606730853545,8.68520156235036 50.5600452677223,8.68419275685917 50.5598214004329,8.68344364506228 50.5602253472581,8.68370333188634 50.5608531644132)))","11076","2576","4076","6652","17728"
"MULTIPOLYGON (((8.71173857894934 50.5511052265225,8.71274749509715 50.551328875814,8.71349645943035 50.5509246419311,8.71323650076615 50.5502967618005,8.71222759531 50.5500731160243,8.71147863782653 50.5504773468636,8.71173857894934 50.5511052265225)))","14710","2710","8610","11320","26030"
"MULTIPOLYGON (((8.71230735790004 50.5746078643978,8.71331661804476 50.5748314995475,8.71406583310218 50.5744274397867,8.71380578116105 50.5737997479215,8.71279653171543 50.5735761162857,8.71204732351196 50.5739801730014,8.71230735790004 50.5746078643978)))","1429564","285464","318364","603828","2033392"
"MULTIPOLYGON (((8.67914471112589 50.6162685235373,8.6801542884506 50.6164924083589,8.6809040095219 50.6160889135272,8.6806441463846 50.6154615369175,8.67963457975465 50.615237655611,8.67888486556737 50.6156411473991,8.67914471112589 50.6162685235373)))","52481","2581","10581","13162","65643"
"MULTIPOLYGON (((8.70172553526497 50.6110181109897,8.70273523063391 50.6112418163094,8.70348485510463 50.6108381123744,8.70322477733841 50.6102107061657,8.70221509267425 50.6099870043589,8.70146547507165 50.6103907052479,8.70172553526497 50.6110181109897)))","561317","39117","76117","115234","676551"
"MULTIPOLYGON (((8.64874794457405 50.5605023074674,8.64975645520501 50.5607264593924,8.65050563197179 50.5603227688319,8.65024629121463 50.5596949293827,8.64923779124567 50.5594707809793,8.64848862137198 50.5598744685036,8.64874794457405 50.5605023074674)))","1429571","285471","318371","603842","2033413"
"MULTIPOLYGON (((8.69401681727876 50.599052724393,8.69502627352234 50.5992764966698,8.69577578334474 50.5988727595844,8.69551583005288 50.5982452532666,8.69450638450646 50.5980214845043,8.69375688155487 50.5984252185454,8.69401681727876 50.599052724393)))","492601","1801","24301","26102","518703"
"MULTIPOLYGON (((8.68593111972708 50.5773107998383,8.68694019252349 50.5775346460498,8.68768948358254 50.5771308044266,8.68742969497349 50.5765031196339,8.68642063286341 50.576279276939,8.68567134867623 50.5766831155202,8.68593111972708 50.5773107998383)))","66155","4455","10855","15310","81465"
"MULTIPOLYGON (((8.68982828862279 50.5867254448436,8.69083753082312 50.5869492558687,8.69158691588488 50.5865454565352,8.6913270518753 50.5859178492197,8.6903178203662 50.5856940417102,8.6895684421756 50.5860978380007,8.68982828862279 50.5867254448436)))","687547","11647","31147","42794","730341"
"MULTIPOLYGON (((8.67591566730794 50.6195405466572,8.67692526418969 50.6197644561021,8.67767502613467 50.6193610103376,8.67741518431118 50.6187336581716,8.67640559812354 50.618509752242,8.67565584306537 50.6189131949632,8.67591566730794 50.6195405466572)))","63086","9486","11186","20672","83758"
"MULTIPOLYGON (((8.72325360087898 50.5656309835761,8.72426282529621 50.5658545343208,8.7250119245802 50.5654503244193,8.72475179260214 50.5648225668192,8.72374257888692 50.5645990195878,8.72299348644789 50.5650032264433,8.72325360087898 50.5656309835761)))","3068","0","268","268","3336"
"MULTIPOLYGON (((8.69448898715518 50.615681986434,8.69549868782605 50.6159057480525,8.69624837527861 50.6155021337802,8.6959883551866 50.6148747609349,8.69497866521819 50.6146510028298,8.69422898463944 50.6150546140566,8.69448898715518 50.615681986434)))","560","660","860","1520","2080"
"MULTIPOLYGON (((8.73271578335611 50.5950868858891,8.73372551423284 50.595310348379,8.73447491225356 50.5949062912587,8.73421457255321 50.5942787746978,8.7332048523924 50.5940553157184,8.73245546121615 50.5944593697897,8.73271578335611 50.5950868858891)))","144932","9432","156832","166264","311196"
"MULTIPOLYGON (((8.63125615667541 50.5691568859008,8.63226464156331 50.5693811748904,8.6330139418537 50.5689776811513,8.63275475034998 50.5683499014573,8.63174627611768 50.5681256159908,8.63099698273364 50.5685291066953,8.63125615667541 50.5691568859008)))","889","189","389","578","1467"
"MULTIPOLYGON (((8.72295204873405 50.5803861980947,8.7239614835752 50.5806097452253,8.72471074150454 50.5802056495982,8.72445055774485 50.5795780098876,8.72344113361011 50.5793544662694,8.72269188252879 50.5797585588496,8.72295204873405 50.5803861980947)))","1120","0","220","220","1340"
"MULTIPOLYGON (((8.68732860395917 50.5496829049975,8.68833729016106 50.549906751168,8.68908628276276 50.5495026893687,8.68882658229711 50.5488747844395,8.68781790677383 50.5486509417872,8.68706892103769 50.549055000546,8.68732860395917 50.5496829049975)))","471","0","171","171","642"
"MULTIPOLYGON (((8.68937611720006 50.5524183080096,8.69038486042398 50.5526421366134,8.69113387867416 50.5522380802292,8.69087414683577 50.5516101982823,8.68986541429234 50.5513863731962,8.68911640290691 50.5517904265395,8.68937611720006 50.5524183080096)))","125","0","125","125","250"
"MULTIPOLYGON (((8.7277211275957 50.616204433428,8.72873112095768 50.616427927365,8.72948075453664 50.6160240680943,8.72922038790182 50.6153967179365,8.72821040525969 50.6151732275094,8.72746077853267 50.6155770837303,8.7277211275957 50.616204433428)))","186","0","386","386","572"
"MULTIPOLYGON (((8.69760940991604 50.623210051576,8.69861924625679 50.6234337849658,8.6993690089766 50.6230302045276,8.69910892848257 50.6224028937461,8.69809910284823 50.622179163869,8.69734934700161 50.6225827412608,8.69760940991604 50.623210051576)))","6031","631","831","1462","7493"
"MULTIPOLYGON (((8.67175265488513 50.5895549876162,8.6727617826486 50.5897789428525,8.67351123017092 50.5893753004613,8.6732515430462 50.5887477058748,8.67224242596544 50.5885237541558,8.67149298532678 50.5889273935061,8.67175265488513 50.5895549876162)))","1429541","187441","318341","505782","1935323"
"MULTIPOLYGON (((8.71384266508669 50.6137020324208,8.71485250324376 50.6139256391142,8.71560213485291 50.6135218647924,8.71534192144449 50.6128944868249,8.71433209399931 50.6126708836429,8.71358246925075 50.6130746549171,8.71384266508669 50.6137020324208)))","139306","16206","32006","48212","187518"
"MULTIPOLYGON (((8.64883434756889 50.5673635518633,8.64984295791212 50.5675877003322,8.65059220804531 50.5671840612068,8.65033284094102 50.5665562766492,8.64932424126192 50.5663321317015,8.64857499802313 50.5667357677903,8.64883434756889 50.5673635518633)))","703960","155060","161660","316720","1020680"
"MULTIPOLYGON (((8.68464241942491 50.5941245757064,8.68565172395569 50.5943484254134,8.68640119760099 50.5939447211363,8.68614135983956 50.593317170195,8.68513206599957 50.5930933240038,8.68438259923033 50.593497025238,8.68464241942491 50.5941245757064)))","242441","7641","30741","38382","280823"
"MULTIPOLYGON (((8.6374778360427 50.584222039249,8.6384865919162 50.5844462721704,8.63923604279085 50.584042846183,8.63897673088686 50.5834151903106,8.63796798567677 50.5831909609107,8.63721854170735 50.5835943838618,8.6374778360427 50.584222039249)))","123352","3652","12452","16104","139456"
"MULTIPOLYGON (((8.63877737179843 50.5674085653546,8.63978589623106 50.5676327946187,8.64053516456074 50.5672292312226,8.64027590155687 50.5666014415978,8.63926738778317 50.566377215856,8.63851812635453 50.5667807762167,8.63877737179843 50.5674085653546)))","6675","775","875","1650","8325"
"MULTIPOLYGON (((8.72900016336528 50.5993934776636,8.73000992463862 50.5996169682817,8.73075937552609 50.5992129717044,8.73049905829254 50.5985854875579,8.72948930773454 50.5983620004504,8.72873986369485 50.5987659939789,8.72900016336528 50.5993934776636)))","1678","0","378","378","2056"
"MULTIPOLYGON (((8.69374417381676 50.5784736741839,8.6947533304891 50.5786974570837,8.69550262010871 50.5782935657478,8.69524274618918 50.5776658945552,8.69423360020759 50.5774421151712,8.69348431745494 50.577846003464,8.69374417381676 50.5784736741839)))","738593","28993","129793","158786","897379"
"MULTIPOLYGON (((8.71962150501525 50.5944676925138,8.72063111470843 50.5946912606537,8.72138052958672 50.5942872969127,8.72112032791892 50.5936597680793,8.72011072893473 50.5934362034513,8.71936132090943 50.593840164145,8.71962150501525 50.5944676925138)))","17139","1939","20639","22578","39717"
"MULTIPOLYGON (((8.73164298773196 50.5902900936296,8.73265264010769 50.5905135667363,8.73340198861682 50.5901094812195,8.73314167790607 50.5894819256448,8.73213203624423 50.589258456049,8.73138269457936 50.5896625385171,8.73164298773196 50.5902900936296)))","8161","1261","1961","3222","11383"
"MULTIPOLYGON (((8.62888981538361 50.581172527491,8.62989845326919 50.5813968306518,8.63064788653813 50.5809934458894,8.63038867501132 50.5803657610013,8.62938004778374 50.5801414613632,8.62863062142512 50.5805448430906,8.62888981538361 50.581172527491)))","1429573","9773","56273","66046","1495619"
"MULTIPOLYGON (((8.66932735666916 50.577046415596,8.6703362829856 50.5772703954247,8.67108560068091 50.5768666762184,8.67082598517709 50.5762389802232,8.66981706953831 50.576015003913,8.66906775872578 50.5764187200794,8.66932735666916 50.577046415596)))","872164","55564","111064","166628","1038792"
"MULTIPOLYGON (((8.70645061720248 50.5693192276936,8.70745975077468 50.569542912119,8.70820891962706 50.5691388560843,8.70794894805062 50.5685111186683,8.70693982517288 50.5682874377577,8.70619066317726 50.5686914907483,8.70645061720248 50.5693192276936)))","713","0","113","113","826"
"MULTIPOLYGON (((8.73330721589656 50.5832489102389,8.73431678081859 50.5834723728521,8.73506605084972 50.5830682213999,8.73480574911716 50.582440610383,8.73379619490773 50.5822171512809,8.73304693171839 50.5826212996847,8.73330721589656 50.5832489102389)))","5148","0","1048","1048","6196"
"MULTIPOLYGON (((8.65292673780615 50.5728338900483,8.65393546228763 50.5730580034199,8.65468476383067 50.5726543751502,8.65442533399962 50.5720266365464,8.65341662018608 50.5718025266954,8.65266732553581 50.5722061519276,8.65292673780615 50.5728338900483)))","78847","10647","12947","23594","102441"
"MULTIPOLYGON (((8.69606611191765 50.6017864589771,8.69707562526098 50.6020102136423,8.69782516076052 50.6016064819698,8.69756517604684 50.6009789986769,8.69655567340256 50.6007552475258,8.69580614477302 50.6011589761535,8.69606611191765 50.6017864589771)))","860774","32274","202374","234648","1095422"
"MULTIPOLYGON (((8.65111202237013 50.6083381956663,8.65212124395107 50.6085623091813,8.65287092955456 50.6081589641908,8.65261138667628 50.6075315087249,8.65160217577317 50.6073073987286,8.65085249707064 50.6077107406796,8.65111202237013 50.6083381956663)))","1317514","285414","302114","587528","1905042"
"MULTIPOLYGON (((8.70730854014663 50.5957296601433,8.70831806246216 50.5959533268477,8.70906751291228 50.5955494649335,8.70880743418564 50.5949219393607,8.70779792257312 50.5946982761696,8.70704847898438 50.595102135038,8.70730854014663 50.5957296601433)))","1269250","21650","318350","340000","1609250"
"MULTIPOLYGON (((8.69782516076052 50.6016064819698,8.69883468660511 50.6018302225569,8.69958421703601 50.6014264763372,8.69932421475359 50.6007989925754,8.69831469960892 50.6005752555022,8.69756517604684 50.6009789986769,8.69782516076052 50.6016064819698)))","1429570","38570","105370","143940","1573510"
"MULTIPOLYGON (((8.69921851943659 50.5739869556303,8.70022765832823 50.5742106963276,8.70097689010281 50.5738067299104,8.70071697612348 50.5731790258394,8.69970784792403 50.5729552886574,8.6989586230119 50.5733592520312,8.69921851943659 50.5739869556303)))","232051","8751","31651","40402","272453"
"MULTIPOLYGON (((8.67353392032556 50.571709347865,8.67454280576891 50.5719332960392,8.67529205880263 50.5715295047867,8.67503241951421 50.5709017684002,8.67402354474911 50.5706778237443,8.67327429859432 50.5710816119567,8.67353392032556 50.571709347865)))","228952","28252","65352","93604","322556"
"MULTIPOLYGON (((8.6184249784527 50.5891050643376,8.61943364066303 50.5893294483698,8.62018317737833 50.588926202317,8.61992404496467 50.5882985752661,8.61891539340936 50.5880741947571,8.61816586361283 50.5884774377759,8.6184249784527 50.5891050643376)))","16846","0","246","246","17092"
"MULTIPOLYGON (((8.69868017957527 50.6280046250904,8.69969009447059 50.6282283478709,8.7004399067748 50.6278247958549,8.70017979731039 50.627197524105,8.69916989312354 50.6269738048367,8.69842008769275 50.627377353806,8.69868017957527 50.6280046250904)))","7400","500","1400","1900","9300"
"MULTIPOLYGON (((8.68859698938753 50.5505346481185,8.68960569876024 50.5507584837472,8.69035469822678 50.5503544189072,8.69009498145591 50.5497265214794,8.68908628276276 50.5495026893687,8.68833729016106 50.549906751168,8.68859698938753 50.5505346481185)))","809","0","309","309","1118"
"MULTIPOLYGON (((8.67408990704159 50.5952031021767,8.67509913647561 50.5954270363103,8.67584864043756 50.5950234193043,8.67558890808241 50.5943958712065,8.67457968933406 50.5941719405898,8.67383019225534 50.5945755545542,8.67408990704159 50.5952031021767)))","805627","21427","70727","92154","897781"
"MULTIPOLYGON (((8.70430987386018 50.5597222526008,8.70531885058906 50.55994595815,8.70606792045691 50.5595418453091,8.70580800673973 50.5589140299624,8.70479904070133 50.5586903279289,8.70404997768974 50.5590944377265,8.70430987386018 50.5597222526008)))","437","137","437","574","1011"
"MULTIPOLYGON (((8.68197342734217 50.6208838801173,8.68298309571852 50.6211077402767,8.68373286132048 50.6207042593245,8.68347295166314 50.6200769212572,8.68246329398444 50.6198530646124,8.68171353526554 50.6202565425204,8.68197342734217 50.6208838801173)))","24607","2207","2907","5114","29721"
"MULTIPOLYGON (((8.64704712175661 50.585208730394,8.64805597425771 50.5854328860108,8.64880541885619 50.5850293957822,8.64854600405456 50.5844017529743,8.64753716222208 50.5841776008779,8.64678772452274 50.584581088069,8.64704712175661 50.585208730394)))","229450","24550","48550","73100","302550"
"MULTIPOLYGON (((8.72111047303777 50.556033418071,8.72211954060803 50.5562569899696,8.72286854094369 50.5558527232809,8.72260846686469 50.5552248877388,8.72159940999241 50.5550013193542,8.72085041650126 50.5554055829978,8.72111047303777 50.556033418071)))","291265","79265","88165","167430","458695"
"MULTIPOLYGON (((8.71991284675508 50.5973816922113,8.72092250105344 50.597605256804,8.72167194666459 50.5972013130147,8.72141173112411 50.5965738076802,8.72040208753578 50.5963502465992,8.71965264877801 50.596754187341,8.71991284675508 50.5973816922113)))","12026","1826","13626","15452","27478"
"MULTIPOLYGON (((8.65041907292691 50.5534608281752,8.6514274963962 50.5536849694991,8.6521765947893 50.5532812129706,8.65191726282261 50.5526533181543,8.65090885001404 50.5524291803523,8.65015975851155 50.5528329338448,8.65041907292691 50.5534608281752)))","29765","165","1265","1430","31195"
"MULTIPOLYGON (((8.72822814917823 50.5798444667349,8.72923762141486 50.5800679716273,8.7299868640749 50.5796638323672,8.72972662765398 50.5790361912622,8.72871716612632 50.5788126898817,8.72796793031069 50.5792168260943,8.72822814917823 50.5798444667349)))","120770","2470","20470","22940","143710"
"MULTIPOLYGON (((8.68955693239181 50.5661431083925,8.69056587514712 50.5663669299862,8.69131504007884 50.5659629764121,8.69105525538808 50.5653352042861,8.6900463233176 50.5651113862093,8.68929716525316 50.5655153367416,8.68955693239181 50.5661431083925)))","11147","2947","3447","6394","17541"
"MULTIPOLYGON (((8.72695848124554 50.5789933106342,8.72796793031069 50.5792168260943,8.72871716612632 50.5788126898817,8.72845694603173 50.5781850412563,8.72744750767459 50.5779615293081,8.7266982787041 50.5783656624735,8.72695848124554 50.5789933106342)))","48281","881","9681","10562","58843"
"MULTIPOLYGON (((8.69169567892037 50.5757391598245,8.69270477853 50.5759629603153,8.69345404248699 50.5755590635657,8.69319419996671 50.574931369368,8.69218511104589 50.5747075723932,8.69143585395666 50.5751114661002,8.69169567892037 50.5757391598245)))","86379","9479","15079","24558","110937"
"MULTIPOLYGON (((8.69467097544763 50.6293949683642,8.6956808760282 50.6296187228299,8.6964307104241 50.6292152114241,8.69617063736316 50.6285879485988,8.69516074748937 50.6283641976457,8.69441091996983 50.6287677060053,8.69467097544763 50.6293949683642)))","8403","503","2103","2606","11009"
"MULTIPOLYGON (((8.66903828703577 50.5741318779278,8.67004716880132 50.5743558612633,8.670796455767 50.5739521220941,8.67053685408481 50.5733244026292,8.6695279829959 50.5731004228124,8.66877870291264 50.5735041589419,8.66903828703577 50.5741318779278)))","1429534","32734","51334","84068","1513602"
"MULTIPOLYGON (((8.63211847647978 50.5779001439582,8.6331270949492 50.5781244224984,8.6338764874554 50.5777209886803,8.63361725458476 50.5770932793571,8.63260864677402 50.5768690043393,8.63185926117536 50.5772724351223,8.63211847647978 50.5779001439582)))","370285","25285","41385","66670","436955"
"MULTIPOLYGON (((8.69519520019486 50.5930450190075,8.69620457975745 50.5932687842725,8.69695402303344 50.5928649927228,8.69669407987809 50.5922374389522,8.69568471101141 50.5920136772019,8.6949352746043 50.5924174657075,8.69519520019486 50.5930450190075)))","1429591","32291","98791","131082","1560673"
"MULTIPOLYGON (((8.69376175004133 50.5608040956273,8.69477065186399 50.5610278855722,8.69551975211845 50.5606238599686,8.69525994368689 50.5599960474623,8.69425105254954 50.5597722610342,8.69350195915857 50.5601762835958,8.69376175004133 50.5608040956273)))","68416","5716","33816","39532","107948"
"MULTIPOLYGON (((8.66327404880966 50.5757023643847,8.66428290368423 50.5759263934232,8.66503221768906 50.5755227093785,8.66477266993287 50.5748949993343,8.66376382573242 50.5746709738151,8.66301451861411 50.5750746548208,8.66327404880966 50.5757023643847)))","1429530","179730","318330","498060","1927590"
"MULTIPOLYGON (((8.71172554669285 50.5687780270277,8.71273471769769 50.5690016692389,8.7134838713275 50.5685975695794,8.71322384709935 50.5679698307534,8.71221468679151 50.5677461920566,8.71146554001491 50.5681502886714,8.71172554669285 50.5687780270277)))","6045","145","445","590","6635"
"MULTIPOLYGON (((8.66707937149644 50.5782575035471,8.66808829596916 50.5784815009572,8.66883763062952 50.5780778077941,8.66857803393282 50.5774501202608,8.66756912013701 50.5772261263694,8.66681979236117 50.5776298164928,8.66707937149644 50.5782575035471)))","1242306","32606","47106","79712","1322018"
"MULTIPOLYGON (((8.65695950544873 50.553773884264,8.65796798968769 50.553997972904,8.65871707989353 50.5535941697296,8.65845767897408 50.5529662809521,8.6574492053993 50.5527421958332,8.65670012207984 50.5531459959708,8.65695950544873 50.553773884264)))","2491","391","791","1182","3673"
"MULTIPOLYGON (((8.6904083550063 50.5925536293861,8.69141768636774 50.5927774333589,8.69216713290142 50.5923736739438,8.69190724120181 50.5917461135997,8.69089792053368 50.5915223131422,8.69014848087192 50.5919260695137,8.6904083550063 50.5925536293861)))","27528","628","1928","2556","30084"
"MULTIPOLYGON (((8.6598713812302 50.5652546687195,8.66088005609095 50.5654787293351,8.6616292641412 50.5650749914751,8.6613697904441 50.5644471960374,8.66036112625252 50.564223138942,8.659611925089 50.5646268737641,8.6598713812302 50.5652546687195)))","743663","30963","49663","80626","824289"
"MULTIPOLYGON (((8.61425207077313 50.5767759836454,8.61526051906088 50.5770004061672,8.61600993085034 50.5765970977684,8.61575088743307 50.5759693698808,8.61474244979444 50.5757449508835,8.61399304492406 50.5761482562494,8.61425207077313 50.5767759836454)))","2224","0","124","124","2348"
"MULTIPOLYGON (((8.66975222570458 50.5514834885656,8.67076078689477 50.551707475309,8.67150982995359 50.5513035588789,8.67125030494486 50.5506756587438,8.67024175442475 50.5504516755203,8.66949271824345 50.5508555889121,8.66975222570458 50.5514834885656)))","100","0","100","100","200"
"MULTIPOLYGON (((8.63529414997219 50.5500977253309,8.63630239479145 50.5503219895184,8.63705148378848 50.5499183208435,8.63679232106647 50.549290391015,8.63578408689908 50.5490661303511,8.63503500480195 50.5494697959922,8.63529414997219 50.5500977253309)))","130","0","130","130","260"
"MULTIPOLYGON (((8.63822413970239 50.6037657287852,8.63923318424959 50.6039899477682,8.6399828435015 50.6035866646473,8.63972345129778 50.602959165581,8.63871441742033 50.6027349501183,8.63796476507701 50.6031382302017,8.63822413970239 50.6037657287852)))","352","152","252","404","756"
"MULTIPOLYGON (((8.66538443176299 50.6029592490224,8.66639369840782 50.6031832499851,8.66714330102822 50.6027797571458,8.66688363011339 50.6021522663847,8.66587437415211 50.6019282689394,8.66512477842225 50.6023317587378,8.66538443176299 50.6029592490224)))","1418","0","218","218","1636"
"MULTIPOLYGON (((8.61232857045644 50.5632348044588,8.61333680682924 50.563459247857,8.61408607682628 50.5630558510715,8.61382710353299 50.5624280139197,8.61281887780419 50.562203574047,8.61206961472479 50.5626069678007,8.61232857045644 50.5632348044588)))","24213","1713","11513","13226","37439"
"MULTIPOLYGON (((8.72890581238418 50.5925338640967,8.72991547372252 50.5927573583094,8.73066485120782 50.5923533103355,8.7304045605084 50.5917257711974,8.72939490988322 50.5915022804957,8.72864553924443 50.5919063254212,8.72890581238418 50.5925338640967)))","866303","110803","318303","429106","1295409"
"MULTIPOLYGON (((8.66581089108779 50.5774058085391,8.66681979236117 50.5776298164928,8.66756912013701 50.5772261263694,8.66730953975447 50.5765984313318,8.66630064915708 50.576374426897,8.66555132826639 50.576778113981,8.66581089108779 50.5774058085391)))","1413964","206164","257664","463828","1877792"
"MULTIPOLYGON (((8.71696540792853 50.6212301589627,8.71797538175108 50.6214537373924,8.71872508858637 50.6210499968877,8.7184648147392 50.6204226810022,8.71745485163246 50.6201991060832,8.7167051516572 50.6206028435392,8.71696540792853 50.6212301589627)))","2682","482","882","1364","4046"
"MULTIPOLYGON (((8.71169946241193 50.6041106522076,8.71270914351742 50.6043342801213,8.71345867602757 50.6039304489785,8.7131985205722 50.6033029929689,8.71218885017455 50.6030793685674,8.71143932452455 50.6034831966633,8.71169946241193 50.6041106522076)))","38221","821","2521","3342","41563"
"MULTIPOLYGON (((8.66175331350664 50.6141194167017,8.66276271021606 50.6143434422831,8.66351243906782 50.613940061462,8.66325276431516 50.6133126581008,8.66224337829083 50.6130886360366,8.6614936563342 50.6134920138164,8.66175331350664 50.6141194167017)))","3231","531","1331","1862","5093"
"MULTIPOLYGON (((8.73613899010733 50.5878654854992,8.73714864597392 50.5880889234157,8.73789796040629 50.5876847858112,8.73763761213141 50.5870572133394,8.73662796698034 50.5868337789335,8.73587865938874 50.5872379134889,8.73613899010733 50.5878654854992)))","528","0","128","128","656"
"MULTIPOLYGON (((8.72236926882429 50.5745567061603,8.72337861449895 50.5747802603708,8.7241278109967 50.5743761248492,8.72386765497267 50.5737484381635,8.7228583200023 50.5735248874658,8.72210913035182 50.573929019941,8.72236926882429 50.5745567061603)))","9882","1582","5482","7064","16946"
"MULTIPOLYGON (((8.70721633418971 50.5888700778313,8.70822575661615 50.589093748098,8.70897513366323 50.5886898347742,8.70871508142388 50.5880622542293,8.70770566969832 50.5878385874763,8.70695629951133 50.5882424977546,8.70721633418971 50.5888700778313)))","1429576","138176","294676","432852","1862428"
"MULTIPOLYGON (((8.62736907403197 50.5597396563376,8.62837738961433 50.5599639803312,8.62912659581057 50.5595604442459,8.62886747951755 50.5589325872005,8.62785917458589 50.5587082667308,8.62710997529671 50.5591117997827,8.62736907403197 50.5597396563376)))","1981","0","281","281","2262"
"MULTIPOLYGON (((8.62148683999147 50.572114811921,8.62249528338698 50.5723391782026,8.62324463252791 50.5719357801648,8.62298553136008 50.5713080188791,8.62197709861602 50.5710836561215,8.62122775638846 50.5714870511258,8.62148683999147 50.572114811921)))","273","273","473","746","1019"
"MULTIPOLYGON (((8.74102816649705 50.5775475431206,8.7420377152117 50.5777709459317,8.74278691025442 50.5773666933643,8.74252654974713 50.5767390410349,8.74151701174735 50.5765156417344,8.74076782354012 50.5769198912528,8.74102816649705 50.5775475431206)))","1055","0","555","555","1610"
"MULTIPOLYGON (((8.74121923881139 50.5912693864977,8.74222898736961 50.591492782111,8.74297832915842 50.5910886323085,8.74271791555102 50.5904610899426,8.74170817771193 50.590237697839,8.74095884276124 50.5906418445917,8.74121923881139 50.5912693864977)))","1245","0","145","145","1390"
"MULTIPOLYGON (((8.71386766985578 50.5783739042825,8.7148769977535 50.5785975253372,8.71562625038211 50.5781934824809,8.71536616825941 50.5775658216155,8.71435685106272 50.5773422040742,8.7136076052878 50.577746243885,8.71386766985578 50.5783739042825)))","4330","930","1530","2460","6790"
"MULTIPOLYGON (((8.61788791096468 50.565612574118,8.61889622955002 50.5658369719156,8.61964551530014 50.5654335514963,8.61938647555055 50.5648057363121,8.61837816761281 50.5645813420393,8.61762888877718 50.5649847594259,8.61788791096468 50.565612574118)))","924619","16419","28119","44538","969157"
"MULTIPOLYGON (((8.67698282574534 50.5468160644798,8.67799138176774 50.5470399949784,8.67874036204139 50.5466359889483,8.6784807794209 50.5460080554586,8.6774722340709 50.5457841284793,8.67672326066905 50.5461881314705,8.67698282574534 50.5468160644798)))","64658","2858","10058","12916","77574"
"MULTIPOLYGON (((8.71278376264261 50.5912434681705,8.71379326711372 50.5914670926644,8.71454265965725 50.5910631556573,8.71428254087289 50.5904355972027,8.71327304710621 50.5902119762217,8.71252366141959 50.5906159101826,8.71278376264261 50.5912434681705)))","1172239","14139","280139","294278","1466517"
"MULTIPOLYGON (((8.73038138985564 50.5717704322536,8.73139076396598 50.5719939231294,8.73213991623915 50.5715897064432,8.73187968756068 50.5709620019285,8.73087032415791 50.5707385145648,8.73012117872619 50.5711427282037,8.73038138985564 50.5717704322536)))","17610","1610","5810","7420","25030"
"MULTIPOLYGON (((8.66794645110704 50.5870002537581,8.66895550925658 50.5872242406408,8.6697049361259 50.5868206073717,8.66944529796012 50.5861929902605,8.66843625049059 50.5859690068959,8.66768683050696 50.5863726371246,8.66794645110704 50.5870002537581)))","1429523","189923","318323","508246","1937769"
"MULTIPOLYGON (((8.71581231172309 50.5919143170056,8.71682185186047 50.5921379168526,8.71757124617774 50.5917339622529,8.71731109350269 50.591106410853,8.71630156407155 50.5908828145186,8.7155521766093 50.5912867660716,8.71581231172309 50.5919143170056)))","741905","93005","147005","240010","981915"
"MULTIPOLYGON (((8.70155781350346 50.5796360555894,8.70256705402393 50.5798597751629,8.70331634217393 50.5794558341106,8.70305638294155 50.5788281765289,8.7020471531162 50.5786044604701,8.70129787182823 50.5790083984784,8.70155781350346 50.5796360555894)))","399549","76149","121249","197398","596947"
"MULTIPOLYGON (((8.72773911906721 50.5808762241061,8.72874860201283 50.5810997325103,8.72949785660907 50.5806956047471,8.72923762141486 50.5800679716273,8.72822814917823 50.5798444667349,8.72747890142694 50.5802485914506,8.72773911906721 50.5808762241061)))","10767","867","1367","2234","13001"
"MULTIPOLYGON (((8.6439648418715 50.5600092704216,8.64497330423247 50.5602334609788,8.64572248414473 50.5598298025291,8.64546319480004 50.5592019565579,8.64445474309844 50.5589777695229,8.64370557008233 50.559381424937,8.6439648418715 50.5600092704216)))","1239283","22983","112483","135466","1374749"
"MULTIPOLYGON (((8.71476536302042 50.5517761497783,8.71577431479508 50.5519997744506,8.71652328090153 50.5515955229853,8.71626328838565 50.5509676498919,8.71525434730439 50.5507440287345,8.71450538804576 50.5511482771558,8.71476536302042 50.5517761497783)))","4323","0","223","223","4546"
"MULTIPOLYGON (((8.71748961500083 50.567204688837,8.71849881272255 50.5674282853163,8.71924793918664 50.5670241305354,8.71898786108011 50.5663963823206,8.71797867405794 50.566172789355,8.7172295544429 50.5665769410906,8.71748961500083 50.567204688837)))","2057","157","257","414","2471"
"MULTIPOLYGON (((8.67344507663287 50.5648480805106,8.67445386231104 50.565072032178,8.67520304197884 50.564668189505,8.67494342909096 50.5640403982045,8.67393465408889 50.5638164500558,8.67318548129876 50.5642202896891,8.67344507663287 50.5648480805106)))","23152","752","5852","6604","29756"
"MULTIPOLYGON (((8.66976979613544 50.6113401230056,8.67077922161562 50.611564085262,8.6715289064204 50.6111606232362,8.6712691588559 50.6105332019962,8.67025974406409 50.6103092432563,8.66951006614858 50.6107127022399,8.66976979613544 50.6113401230056)))","10619","219","819","1038","11657"
"MULTIPOLYGON (((8.74190483197173 50.5862915489539,8.74291451448456 50.5865149411044,8.74366380166995 50.5861107483646,8.74340339950598 50.5854831665239,8.74239372771113 50.5852597778834,8.74164444736242 50.5856639675736,8.74190483197173 50.5862915489539)))","2152","0","552","552","2704"
"MULTIPOLYGON (((8.72658210412306 50.5515433681028,8.72759115381339 50.5517668978045,8.72834009627462 50.5513625560614,8.72807998220564 50.5507346876623,8.72707094321473 50.5505111614743,8.72632200759349 50.5509155001718,8.72658210412306 50.5515433681028)))","962","0","162","162","1124"
"MULTIPOLYGON (((8.68332390751469 50.5510751641714,8.68433257940562 50.5512990419783,8.68508159402825 50.5508950207501,8.68482192989158 50.5502671247552,8.68381326867762 50.5500432504668,8.68306426092346 50.5504472686549,8.68332390751469 50.5510751641714)))","897","0","397","397","1294"
"MULTIPOLYGON (((8.7370217973175 50.5789410086449,8.73803133184379 50.5791644431317,8.73878054902577 50.5787602311491,8.7385202248431 50.5781325877283,8.73751070103 50.5779091567524,8.7367614906865 50.5783133656864,8.7370217973175 50.5789410086449)))","762","0","162","162","924"
"MULTIPOLYGON (((8.7031327787553 50.5657330743813,8.70414183211129 50.5659567869556,8.70489096846458 50.5655527285552,8.70463104460376 50.564924960624,8.70362200193947 50.5647012515652,8.70287287244443 50.5651053069221,8.7031327787553 50.5657330743813)))","222751","18751","56351","75102","297853"
"MULTIPOLYGON (((8.64866155857381 50.5536404147934,8.64966996951221 50.5538645701674,8.65041907292691 50.5534608281752,8.65015975851155 50.5528329338448,8.64915135823301 50.5526087819928,8.64840226171012 50.5530125209493,8.64866155857381 50.5536404147934)))","9700","0","300","300","10000"
"MULTIPOLYGON (((8.71083975747224 50.5777029918446,8.71184904971471 50.5779266375359,8.71259830056732 50.5775226122685,8.71233825232208 50.576894944355,8.7113289707789 50.5766713021776,8.71057972678182 50.5770753243999,8.71083975747224 50.5777029918446)))","34149","8849","14749","23598","57747"
"MULTIPOLYGON (((8.71679080325116 50.5898512925454,8.71780032197617 50.5900748853673,8.71854969241814 50.5896709077692,8.71828953728126 50.5890433403958,8.71728002926239 50.5888197510864,8.71653066567436 50.5892237256379,8.71679080325116 50.5898512925454)))","660372","61972","101372","163344","823716"
"MULTIPOLYGON (((8.71524220335897 50.5684170835171,8.71625139930993 50.5686406975833,8.71700054278397 50.5682365688403,8.71674048345642 50.5676088290764,8.71573129820421 50.5673852185241,8.71498216158093 50.567789344222,8.71524220335897 50.5684170835171)))","1963","0","363","363","2326"
"MULTIPOLYGON (((8.66850066388843 50.6104887294268,8.66951006614858 50.6107127022399,8.67025974406409 50.6103092432563,8.67000001282967 50.6096818145014,8.668990621257 50.6094578452048,8.66824095023139 50.6098613011466,8.66850066388843 50.6104887294268)))","22758","358","658","1016","23774"
"MULTIPOLYGON (((8.68555129003738 50.5675349592094,8.68656021848055 50.5677588124497,8.68730940544771 50.567354899455,8.68704965710168 50.5667271362613,8.68604073934166 50.5665032865382,8.6852915592447 50.5669071964916,8.68555129003738 50.5675349592094)))","36329","6529","18629","25158","61487"
"MULTIPOLYGON (((8.70958403587263 50.5591809449038,8.71059305003025 50.5594046082493,8.71134210468511 50.5590004517892,8.71108213832976 50.5583726350276,8.71007313486514 50.5581489751971,8.709324087063 50.5585531286134,8.70958403587263 50.5591809449038)))","2469","0","269","269","2738"
"MULTIPOLYGON (((8.66038712869473 50.5465516562231,8.6613955382858 50.5467757202148,8.66214454510018 50.546371836547,8.66188513544095 50.5457438919242,8.66087673651363 50.5455198314537,8.66012773658193 50.5459237120848,8.66038712869473 50.5465516562231)))","259","159","359","518","777"
"MULTIPOLYGON (((8.67059589724336 50.5778980834366,8.67160484675724 50.5781220527205,8.6723541713347 50.5777183304741,8.67209453951624 50.577090641984,8.67108560068091 50.5768666762184,8.6703362829856 50.5772703954247,8.67059589724336 50.5778980834366)))","1067842","101842","207542","309384","1377226"
"MULTIPOLYGON (((8.68557093259637 50.5498630920301,8.6865796063052 50.5500869522597,8.68732860395917 50.5496829049975,8.68706892103769 50.549055000546,8.68606025800661 50.5488311438346,8.68531126721937 50.5492351880566,8.68557093259637 50.5498630920301)))","768","168","368","536","1304"
"MULTIPOLYGON (((8.73878054902577 50.5787602311491,8.7397900960046 50.5789836515536,8.74053930808658 50.5785794250264,8.7402789663526 50.5779517811435,8.73926943008782 50.5777283642498,8.7385202248431 50.5781325877283,8.73878054902577 50.5787602311491)))","297","297","1397","1694","1991"
"MULTIPOLYGON (((8.67210759227456 50.6169866773158,8.67311711948844 50.6172106184447,8.67386686077094 50.6168071818096,8.67360706795081 50.6161798070884,8.67259755142826 50.6159558694754,8.67184781703462 50.6163593030678,8.67210759227456 50.6169866773158)))","35176","2176","3176","5352","40528"
"MULTIPOLYGON (((8.66200568693896 50.5748506152411,8.66301451861411 50.5750746548208,8.66376382573242 50.5746709738151,8.66350429428845 50.5740432562685,8.6624954732865 50.5738192202083,8.66174617305539 50.5742228981752,8.66200568693896 50.5748506152411)))","1106445","30345","133045","163390","1269835"
"MULTIPOLYGON (((8.71952808598629 50.587607775343,8.72053759577386 50.58783134706,8.72128693725665 50.5874273319186,8.72102676210019 50.5867997481071,8.72001726301942 50.5865761799023,8.7192679283884 50.5869801919969,8.71952808598629 50.587607775343)))","1429585","26985","188585","215570","1645155"
"MULTIPOLYGON (((8.674936096552 50.5440803534441,8.67594459555622 50.544304301494,8.67669355017141 50.5439002900446,8.67643399890993 50.5432723335839,8.67542551057624 50.5430483890537,8.67467656283363 50.5434523974646,8.674936096552 50.5440803534441)))","99428","3428","10428","13856","113284"
"MULTIPOLYGON (((8.71708200330429 50.5927654602655,8.71809156662698 50.5929890495442,8.71884096779858 50.5925850918976,8.71858079879327 50.5919575480193,8.71757124617774 50.5917339622529,8.71682185186047 50.5921379168526,8.71708200330429 50.5927654602655)))","157593","36893","318393","355286","512879"
"MULTIPOLYGON (((8.7194235928036 50.5984131183354,8.72043325781206 50.5986366864399,8.72118271536387 50.5982327541504,8.72092250105344 50.597605256804,8.71991284675508 50.5973816922113,8.71916339605716 50.5977856214533,8.7194235928036 50.5984131183354)))","35156","2056","5756","7812","42968"
"MULTIPOLYGON (((8.68922959884895 50.5985612522466,8.69023900688022 50.5987850632359,8.69098851995811 50.5983813582876,8.69072861813097 50.5977538453938,8.68971922079424 50.5975300379195,8.68896971459023 50.5979337398241,8.68922959884895 50.5985612522466)))","787766","39766","122266","162032","949798"
"MULTIPOLYGON (((8.69501320317057 50.5793251202922,8.69602238302972 50.5795488926372,8.69677167951565 50.579144998258,8.69651178927625 50.5785173345772,8.69550262010871 50.5782935657478,8.6947533304891 50.5786974570837,8.69501320317057 50.5793251202922)))","78470","3870","14270","18140","96610"
"MULTIPOLYGON (((8.68823133592137 50.618283191221,8.68924102045811 50.6185070021108,8.68999074699303 50.6181034544974,8.68973078211287 50.617476099039,8.68872110827619 50.6172522916632,8.6879713886197 50.6176558362318,8.68823133592137 50.618283191221)))","4930","0","1330","1330","6260"
"MULTIPOLYGON (((8.63669996809035 50.5823390576059,8.63770869008415 50.5825632975399,8.63845812213349 50.5821598630838,8.63819882528378 50.5815321917296,8.63719011395242 50.5813079553173,8.63644068880845 50.5817113867374,8.63669996809035 50.5823390576059)))","55804","1104","7704","8808","64612"
"MULTIPOLYGON (((8.67898713709381 50.5848906093119,8.67999625967383 50.5851145082764,8.68074564433595 50.5847107762451,8.68048589954021 50.584083148291,8.67947678764524 50.5838592528434,8.67872740986109 50.5842629818331,8.67898713709381 50.5848906093119)))","1429520","213620","318320","531940","1961460"
"MULTIPOLYGON (((8.68917664912034 50.5563656847792,8.69018544756051 50.5565895133918,8.69093450843608 50.5561854884575,8.69067476400592 50.5555576379517,8.68966597624734 50.5553338128565,8.68891692223744 50.5557378347497,8.68917664912034 50.5563656847792)))","500","0","100","100","600"
"MULTIPOLYGON (((8.64471272735135 50.5795597636614,8.64572147821468 50.5797839403282,8.6464708663512 50.579380424699,8.64621149672496 50.5787527354399,8.64520275652732 50.5785285622941,8.64445337529035 50.5789320748865,8.64471272735135 50.5795597636614)))","150720","12620","16420","29040","179760"
"MULTIPOLYGON (((8.67985584407943 50.5936327610674,8.6808651003817 50.5938566494733,8.68161457725997 50.5934529773292,8.68135479095691 50.5928254198214,8.68034554534282 50.5926015349318,8.67959607534368 50.5930052040338,8.67985584407943 50.5936327610674)))","1429526","159926","318326","478252","1907778"
"MULTIPOLYGON (((8.68709052056048 50.5889681223093,8.68809977163789 50.5891919544374,8.68884918562203 50.5887881926506,8.6885893416555 50.5881606017787,8.68758010126859 50.5879367731665,8.68683069415785 50.5883405319104,8.68709052056048 50.5889681223093)))","210185","21785","31085","52870","263055"
"MULTIPOLYGON (((8.67749641788391 50.6056467188184,8.67850582749667 50.6058706212728,8.67925543747296 50.605467058079,8.67899563095358 50.6048395954736,8.67798623203146 50.604615696535,8.67723662893823 50.6050192566861,8.67749641788391 50.6056467188184)))","16706","6206","21506","27712","44418"
"MULTIPOLYGON (((8.70398938867821 50.5921446013718,8.70499883071765 50.5923682962566,8.70574824864567 50.5919644319786,8.70548821767151 50.5913368758612,8.70447878633227 50.5911131844901,8.7037293752671 50.5915170457229,8.70398938867821 50.5921446013718)))","275750","7850","35550","43400","319150"
"MULTIPOLYGON (((8.67342236625967 50.5825157078398,8.6744314067285 50.5827396525198,8.67518077580145 50.5823359441553,8.67492109752451 50.5817082941516,8.67391206773714 50.5814843529894,8.67316270554537 50.5818880583131,8.67342236625967 50.5825157078398)))","1429535","165935","318335","484270","1913805"
"MULTIPOLYGON (((8.69497866521819 50.6146510028298,8.6959883551866 50.6148747609349,8.6967380306972 50.6144711351585,8.69647800936626 50.6138437543225,8.69546833010029 50.6136199997308,8.69471866146297 50.6140236224618,8.69497866521819 50.6146510028298)))","1876","0","1976","1976","3852"
"MULTIPOLYGON (((8.67146342862576 50.5866409323762,8.67247251182103 50.5868648911268,8.67322192860338 50.5864612287711,8.67296225530732 50.5858336107056,8.67195318279375 50.5856096554727,8.67120377289468 50.5860133147876,8.67146342862576 50.5866409323762)))","1429509","275309","318309","593618","2023127"
"MULTIPOLYGON (((8.71620847735421 50.5840226153328,8.71721790689546 50.5842462152364,8.71796721588559 50.5838421977364,8.71770708848144 50.5832145833792,8.71669766964424 50.5829909869885,8.71594836750729 50.5833950014422,8.71620847735421 50.5840226153328)))","3902","502","1002","1504","5406"
"MULTIPOLYGON (((8.65174532847007 50.5788422362216,8.65275412949894 50.5790663566576,8.65350349753861 50.5786627828643,8.65324405765482 50.5780350916727,8.65223526729509 50.577810974757,8.65148590615015 50.5782145455126,8.65174532847007 50.5788422362216)))","9005","1005","1105","2110","11115"
"MULTIPOLYGON (((8.68613082730966 50.5733646182108,8.68713984486021 50.5735884644224,8.68788909326799 50.5731845913416,8.68762931725441 50.5725568750908,8.68662031038911 50.572333032396,8.68587106885228 50.5727369024352,8.68613082730966 50.5733646182108)))","1331611","92211","157611","249822","1581433"
"MULTIPOLYGON (((8.65165862425676 50.5719820280199,8.65266732553581 50.5722061519276,8.65341662018608 50.5718025266954,8.65315720666399 50.5711747805928,8.65214851605194 50.5709506602058,8.65139922829513 50.5713542824007,8.65165862425676 50.5719820280199)))","58064","11964","31264","43228","101292"
"MULTIPOLYGON (((8.67673895097893 50.5861017357304,8.6777480717293 50.5863256522798,8.67849747337032 50.5859219462938,8.67823774738133 50.5852943267998,8.67722863731525 50.5850704137676,8.67647924255393 50.5854741167122,8.67673895097893 50.5861017357304)))","1429526","106626","235926","342552","1772078"
"MULTIPOLYGON (((8.71863172247354 50.6141926179493,8.71964160880339 50.6144161858923,8.72039123709771 50.6140123794215,8.72013097220475 50.6133850080563,8.71912109658943 50.6131614436243,8.71837147515262 50.6135652470466,8.71863172247354 50.6141926179493)))","800","100","400","500","1300"
"MULTIPOLYGON (((8.63353682369212 50.5502771012382,8.63454505596677 50.5505013794707,8.63529414997219 50.5500977253309,8.63503500480195 50.5494697959922,8.63402678317833 50.5492455212836,8.63327769607403 50.5496491723898,8.63353682369212 50.5502771012382)))","41843","3043","5643","8686","50529"
"MULTIPOLYGON (((8.63149216806122 50.5475410591688,8.63250034329355 50.547765354917,8.63324941158883 50.5473616953431,8.63299029774996 50.5467337430543,8.63198213316677 50.5465094508303,8.63123307177343 50.546913107371,8.63149216806122 50.5475410591688)))","44322","2622","3922","6544","50866"
"MULTIPOLYGON (((8.69392591823755 50.5921936898826,8.6949352746043 50.5924174657075,8.69568471101141 50.5920136772019,8.69542478418238 50.5913861159154,8.69441543851064 50.5911623436054,8.69366600897307 50.591566129067,8.69392591823755 50.5921936898826)))","539519","23119","73119","96238","635757"
"MULTIPOLYGON (((8.66634965073574 50.5410325194943,8.6673580320319 50.5412565377788,8.66810696922364 50.5408525675516,8.66784751824165 50.5402245820771,8.66683914761062 50.5400005673135,8.66609021729656 50.5404045345035,8.66634965073574 50.5410325194943)))","267495","10095","25995","36090","303585"
"MULTIPOLYGON (((8.66044867894775 50.5710842354279,8.66145744288126 50.571308289048,8.66220671238292 50.5709045911162,8.66194721106371 50.5702768426028,8.66093845780147 50.5700527925024,8.66018919518727 50.5704564873958,8.66044867894775 50.5710842354279)))","1429591","63291","318391","381682","1811273"
"MULTIPOLYGON (((8.68651077090167 50.5831396888331,8.68751993283078 50.5833635280061,8.68826928534746 50.5829597263002,8.68800946906244 50.5823320884637,8.68700031782171 50.582108252807,8.6862509721777 50.5825120514705,8.68651077090167 50.5831396888331)))","57303","2603","8903","11506","68809"
"MULTIPOLYGON (((8.66186671571309 50.603318146929,8.66287595728843 50.6035421760304,8.66362556999018 50.6031387122833,8.66336593422385 50.6025112224755,8.66235670333035 50.6022871968919,8.66160709752149 50.6026906575984,8.66186671571309 50.603318146929)))","23374","774","1874","2648","26022"
"MULTIPOLYGON (((8.65488618830289 50.5687083197331,8.6558948701131 50.5689324190227,8.65664412397938 50.5685287447447,8.6563846891449 50.5679009742148,8.65537601800236 50.5676768784457,8.65462677102675 50.5680805496862,8.65488618830289 50.5687083197331)))","1429579","19079","142579","161658","1591237"
"MULTIPOLYGON (((8.64621236279877 50.5587982866067,8.64722082703731 50.5590224595911,8.6479699900172 50.5586187751028,8.64771068186423 50.5579909206661,8.64670222828585 50.5577667512038,8.64595307220039 50.5581704326563,8.64621236279877 50.5587982866067)))","1235318","5818","21918","27736","1263054"
"MULTIPOLYGON (((8.69405183345419 50.5637192919201,8.69506077982462 50.5639430783497,8.69580991078987 50.5635390726992,8.69555008852092 50.5629112836613,8.69454115283686 50.5626875007483,8.69379202873546 50.5630915033566,8.69405183345419 50.5637192919201)))","433301","123601","139401","263002","696303"
"MULTIPOLYGON (((8.68321389375118 50.5618849089146,8.68422272060276 50.5621087832396,8.68497185119126 50.5617048448721,8.68471214805768 50.5610770352204,8.68370333188634 50.5608531644132,8.68295420816847 50.56125709974,8.68321389375118 50.5618849089146)))","610052","54652","318352","373004","983056"
"MULTIPOLYGON (((8.70553496958633 50.6135713673222,8.70654473456917 50.6137950409302,8.7072943796401 50.6133913278556,8.70703425286223 50.6127639442198,8.70602449858693 50.6125402741241,8.70527486038209 50.612943984152,8.70553496958633 50.6135713673222)))","131314","14714","27614","42328","173642"
"MULTIPOLYGON (((8.6582008383931 50.5722952595614,8.65920960046979 50.5725193307599,8.65995888692451 50.5721156588699,8.65969940441342 50.5714879188196,8.65869065300719 50.5712638511411,8.65794137344171 50.5716675199929,8.6582008383931 50.5722952595614)))","1395725","39925","194225","234150","1629875"
"MULTIPOLYGON (((8.645778895235 50.5843569219137,8.64678772452274 50.584581088069,8.64753716222208 50.5841776008779,8.64727776373408 50.5835499505689,8.64626894511407 50.5833257879342,8.64551951431447 50.583729272088,8.645778895235 50.5843569219137)))","43396","12196","30596","42792","86188"
"MULTIPOLYGON (((8.68208372515687 50.6100830235478,8.68309323831408 50.6103068872787,8.68384288775352 50.6099033234166,8.68358301715505 50.6092758988671,8.68257351469224 50.6090520386513,8.68182387213366 50.60945559947,8.68208372515687 50.6100830235478)))","22859","5659","7459","13118","35977"
"MULTIPOLYGON (((8.68359336117028 50.5716614550823,8.68460233234662 50.5718853223915,8.68535156701179 50.5714814553939,8.68509182362843 50.5708537241285,8.68408286313547 50.5706298603365,8.68333363534263 50.5710337242928,8.68359336117028 50.5716614550823)))","159502","23902","47002","70904","230406"
"MULTIPOLYGON (((8.6137616785735 50.5778069969192,8.61477013751042 50.5780314229654,8.61551956121384 50.5776281260729,8.61526051906088 50.5770004061672,8.61425207077313 50.5767759836454,8.61350265398928 50.577179277505,8.6137616785735 50.5778069969192)))","19306","1206","3506","4712","24018"
"MULTIPOLYGON (((8.64445474309844 50.5589777695229,8.64546319480004 50.5592019565579,8.64621236279877 50.5587982866067,8.64595307220039 50.5581704326563,8.6449446311581 50.5579462491435,8.64419547005499 50.5583499160591,8.64445474309844 50.5589777695229)))","337247","6947","44947","51894","389141"
"MULTIPOLYGON (((8.70290350551344 50.6050112388975,8.70391312415888 50.6052349372205,8.70466268205827 50.6048311788187,8.70440261444626 50.6042037251397,8.70339300650441 50.6039800303299,8.70264345547112 50.6043837856859,8.70290350551344 50.6050112388975)))","779129","20829","43029","63858","842987"
"MULTIPOLYGON (((8.72206749292474 50.5893100523382,8.72307704907367 50.5895336029183,8.72382640425785 50.5891295816825,8.72356619644284 50.588502012914,8.72255665100258 50.5882784658458,8.72180730266878 50.5886824840343,8.72206749292474 50.5893100523382)))","9170","3570","17170","20740","29910"
"MULTIPOLYGON (((8.69854653071418 50.5612951629942,8.699555480686 50.5615189142593,8.70030457767786 50.5611148565342,8.7000447178376 50.5604870505867,8.69903577855372 50.5602633028378,8.69828668842228 50.5606673575203,8.69854653071418 50.5612951629942)))","20916","1516","5616","7132","28048"
"MULTIPOLYGON (((8.68921086744817 50.6162213726095,8.69022053058488 50.6164451764713,8.6909702332367 50.6160416058481,8.69071026587457 50.6154142344079,8.68970061343781 50.6151904340601,8.68895091766337 50.6155940016385,8.68921086744817 50.6162213726095)))","819","0","219","219","1038"
"MULTIPOLYGON (((8.73926943008782 50.5777283642498,8.7402789663526 50.5779517811435,8.74102816649705 50.5775475431206,8.74076782354012 50.5769198912528,8.73975829798935 50.5766964778698,8.73900910468164 50.577100712844,8.73926943008782 50.5777283642498)))","1190","0","290","290","1480"
"MULTIPOLYGON (((8.68415275967556 50.5951558079199,8.68516207489724 50.5953796611427,8.68591156047554 50.5949759683681,8.68565172395569 50.5943484254134,8.68464241942491 50.5941245757064,8.68389294072319 50.5945282654382,8.68415275967556 50.5951558079199)))","1234735","106735","318335","425070","1659805"
"MULTIPOLYGON (((8.70635853068153 50.5624571566336,8.70736756444152 50.5626808445932,8.70811665994594 50.5622767371616,8.70785671483505 50.5616489448143,8.70684769176739 50.56142526037,8.70609860311847 50.5618293647578,8.70635853068153 50.5624571566336)))","7259","459","1959","2418","9677"
"MULTIPOLYGON (((8.73399326498163 50.5782706558794,8.73500276388598 50.5784941150184,8.73575197932684 50.5780899206287,8.73549168902313 50.5774622701481,8.7344822008302 50.5772388145204,8.73373299222969 50.577643005862,8.73399326498163 50.5782706558794)))","710","0","210","210","920"
"MULTIPOLYGON (((8.63774370296329 50.5449395556538,8.63875189452384 50.5451638022226,8.6395009239807 50.5447600760446,8.6392417549798 50.5441321063316,8.63823357407081 50.5439078632866,8.63748455151126 50.5443115864308,8.63774370296329 50.5449395556538)))","458","0","158","158","616"
"MULTIPOLYGON (((8.70128301497328 50.5590510867176,8.70229195605189 50.5592748168844,8.70304102413033 50.5588707216261,8.70278114427214 50.558242899244,8.70177221388219 50.5580191725933,8.70102315266191 50.5584232648087,8.70128301497328 50.5590510867176)))","0","172","272","444","444"
"MULTIPOLYGON (((8.60713839347928 50.5706316913604,8.60814669178371 50.5708561734805,8.60889605013825 50.5704528717695,8.60863710326597 50.5698250909701,8.60762881560508 50.5696006123756,8.60687946417307 50.570003911055,8.60713839347928 50.5706316913604)))","0","100","700","800","800"
"MULTIPOLYGON (((8.66643776472518 50.5478959172616,8.66744624570699 50.5481199320867,8.66819525621747 50.5477160132727,8.66793577886731 50.5470880826715,8.66692730855276 50.5468640713668,8.66617830492126 50.5472679871431,8.66643776472518 50.5478959172616)))","0","186","286","472","472"
"MULTIPOLYGON (((8.73575197932684 50.5780899206287,8.7367614906865 50.5783133656864,8.73751070103 50.5779091567524,8.73725039317486 50.577281505809,8.73624089252752 50.5770580642624,8.73549168902313 50.5774622701481,8.73575197932684 50.5780899206287)))","0","173","373","546","546"
"MULTIPOLYGON (((8.73594892941153 50.57414317356,8.73695838547052 50.5743666186539,8.73770755316708 50.573962378281,8.73744725796651 50.5733346958625,8.73643781261868 50.57311125428,8.73568865176038 50.5735154916048,8.73594892941153 50.57414317356)))","0","0","1410","1410","1410"
"MULTIPOLYGON (((8.7319427623166 50.5755365480327,8.73295220417596 50.5757600247981,8.73370139400009 50.5753558250084,8.73344113512378 50.5747281515009,8.73243170397392 50.5745046782471,8.73168252099097 50.5749088749892,8.7319427623166 50.5755365480327)))","0","0","932","932","932"
"MULTIPOLYGON (((8.70109990603729 50.5453245317117,8.70210864758666 50.545548268905,8.70285756902252 50.5451440708598,8.70259774205351 50.5445161386635,8.70158901118853 50.544292404987,8.70084009660826 50.5446965999903,8.70109990603729 50.5453245317117)))","0","0","147","147","147"
"MULTIPOLYGON (((8.7231192403705 50.6294281661884,8.72412938558219 50.6296516916584,8.72487916941852 50.6292479673671,8.72461880118566 50.6286207206557,8.72360866669548 50.6283971986953,8.72285888971673 50.6288009199367,8.7231192403705 50.6294281661884)))","0","0","182","182","182"
"MULTIPOLYGON (((8.63266046469184 50.6013894851244,8.63366942698546 50.6016137497908,8.63441907052455 50.6012104903265,8.63415974485837 50.6005829692326,8.63315079323091 50.6003587080872,8.63240115660359 50.6007619645148,8.63266046469184 50.6013894851244)))","0","0","342","342","342"
"MULTIPOLYGON (((8.72518052867613 50.6145027068859,8.72619047564642 50.6147262219838,8.72694009552087 50.6143223688123,8.7266797615719 50.6136950035922,8.72566982531959 50.6134714920045,8.72492021229839 50.6138753421268,8.72518052867613 50.6145027068859)))","0","0","165","165","165"
"MULTIPOLYGON (((8.72233820352689 50.6275464119055,8.72334831481121 50.6277699444497,8.72409807983855 50.6273662117049,8.72383772672396 50.6267389494656,8.72282762616017 50.6265154204312,8.72207786799056 50.6269191501262,8.72233820352689 50.6275464119055)))","0","0","156","156","156"
"MULTIPOLYGON (((8.69660626213979 50.5477495026011,8.69761500009713 50.5479732749517,8.69836395549616 50.5475691289709,8.69810416607888 50.546941213681,8.69709543880436 50.5467174448476,8.69634649026442 50.547121587787,8.69660626213979 50.5477495026011)))","0","0","197","197","197"
"MULTIPOLYGON (((8.72762688013813 50.6093464375574,8.72863677351907 50.6095699351043,8.72938633366002 50.6091660244279,8.72912599356948 50.6085386192537,8.72811611090623 50.608315125217,8.72736655761593 50.6087190328442,8.72762688013813 50.6093464375574)))","0","0","102","102","102"
"MULTIPOLYGON (((8.72282762616017 50.6265154204312,8.72383772672396 50.6267389494656,8.72458747980013 50.6263352052177,8.72432712545545 50.6257079349849,8.72331703561214 50.6254844094602,8.72256728939314 50.6258881506585,8.72282762616017 50.6265154204312)))","0","0","182","182","182"
"MULTIPOLYGON (((8.71368202812493 50.5646505702691,8.71469115634206 50.5648741984231,8.71544026225695 50.5644700527775,8.71518023310375 50.5638422820227,8.71417111558343 50.5636186573831,8.71342201651964 50.564022799984,8.71368202812493 50.5646505702691)))","0","0","149","149","149"
"MULTIPOLYGON (((8.68508159402825 50.5508950207501,8.68609027841488 50.551118884498,8.68683928798692 50.5507148487327,8.6865796063052 50.5500869522597,8.68557093259637 50.5498630920301,8.68482192989158 50.5502671247552,8.68508159402825 50.5508950207501)))","0","0","208","208","208"
"MULTIPOLYGON (((8.70323973165919 50.5549233133604,8.7042486299835 50.5551470294631,8.70499765036806 50.5547428882201,8.70473776557237 50.5541150339173,8.70372887793651 50.5538913213306,8.702979864408 50.5542954595308,8.70323973165919 50.5549233133604)))","0","0","151","151","151"
"MULTIPOLYGON (((8.71493896114596 50.583171390974,8.71594836750729 50.5833950014422,8.71669766964424 50.5829909869885,8.71643755856609 50.5823633651126,8.71542816290788 50.5821397581574,8.71467886762482 50.5825437695652,8.71493896114596 50.583171390974)))","0","0","194","194","194"
"MULTIPOLYGON (((8.69124265810343 50.5414266540388,8.69225125887822 50.5416504720644,8.69300015614255 50.5412463182982,8.69274044577084 50.5406183495469,8.69173185567414 50.5403945350395,8.69098296527119 50.5407986857652,8.69124265810343 50.5414266540388)))","0","0","102","102","102"
"MULTIPOLYGON (((8.72487916941852 50.6292479673671,8.72588932711454 50.629471478743,8.72663910585524 50.6290677398981,8.7263787200437 50.6284404927276,8.72536857307002 50.628216984861,8.72461880118566 50.6286207206557,8.72487916941852 50.6292479673671)))","0","0","131","131","131"
"MULTIPOLYGON (((8.72420189585939 50.6165650781699,8.72521186426584 50.6167886002881,8.72596150803556 50.6163847701198,8.72570117654458 50.6157574208826,8.72469121885621 50.6155339022745,8.72394158194085 50.6159377293936,8.72420189585939 50.6165650781699)))","0","0","426","426","426"
"MULTIPOLYGON (((8.71319292750711 50.5656824636769,8.71420206642103 50.5659060953452,8.71495118426427 50.5655019611959,8.71469115634206 50.5648741984231,8.71368202812493 50.5646505702691,8.71293291713333 50.5650547013737,8.71319292750711 50.5656824636769)))","0","0","155","155","155"
"MULTIPOLYGON (((8.60497237916221 50.5787009223581,8.60598077520205 50.5789254186374,8.60673022386154 50.578522194441,8.60647126955573 50.5778944769972,8.60546288416078 50.5776699842432,8.60471344242684 50.5780732054078,8.60497237916221 50.5787009223581)))","0","0","138","138","138"
"MULTIPOLYGON (((8.74395614847219 50.5890252054935,8.74496588804322 50.5892485800003,8.74571520084192 50.5888443926572,8.74545476723385 50.5882168338573,8.74444503838271 50.5879934628601,8.74369573241985 50.5883976471532,8.74395614847219 50.5890252054935)))","0","0","781","781","781"
